0
1
2
3
4
5
7
8
9
10
12
13
16
17
19
20
21
22
23
24
25
26
28
29
30
31
32
33
34
35
36
37
39
40
41
42
44
46
47
48
49
50
51
52
53
56
58
59
60
63
64
65
66
67
68
69
70
71
72
73
74
77
78
81
83
84
85
833
89
90
91
92
93
94
96
97
98
99
340
101
102
104
106
108
109
113
114
115
116
118
120
121
122
124
1496
126
127
128
129
131
879
135
139
144
145
146
147
148
149
150
152
153
154
155
156
157
158
159
160
161
163
165
166
167
168
169
170
172
173
174
175
176
177
178
180
182
183
184
185
186
189
190
191
192
193
195
197
198
199
200
201
202
203
204
205
206
207
208
209
497
211
212
213
215
217
218
219
220
222
223
224
225
227
228
229
231
232
233
236
238
240
242
244
245
246
248
249
250
251
252
254
255
256
257
260
261
262
264
265
266
267
269
1705
271
272
273
274
275
276
277
278
279
280
281
282
283
284
285
287
288
289
290
291
292
293
294
323
296
297
298
300
301
302
303
304
305
306
308
310
311
312
313
314
315
316
317
319
320
324
325
326
327
328
330
331
332
333
334
337
1316
100
341
343
344
345
347
348
350
351
353
354
356
357
358
359
360
361
362
363
365
366
367
368
369
371
372
373
374
378
380
381
382
383
1118
387
388
389
390
392
393
394
395
396
398
399
400
401
402
404
405
406
407
408
409
410
411
412
413
414
415
416
417
418
419
421
423
424
425
426
427
428
429
430
431
432
433
434
435
437
438
439
441
442
443
445
446
447
448
449
450
451
452
454
456
457
458
459
461
462
463
465
466
467
468
472
474
475
476
477
478
479
480
481
482
483
484
485
486
488
489
490
491
492
493
494
495
496
210
498
499
500
501
503
504
505
506
507
508
509
511
512
513
515
517
518
519
520
521
522
523
524
526
527
528
529
531
532
533
534
535
536
537
541
542
543
544
545
546
547
548
551
553
554
555
556
558
559
561
562
563
564
565
566
567
568
569
571
573
574
575
576
577
578
582
583
584
585
586
587
588
589
590
591
592
593
595
597
598
600
601
602
603
604
605
607
608
952
610
612
613
614
615
616
617
618
621
622
624
625
626
627
628
629
630
631
632
633
635
636
637
638
639
640
641
642
643
646
647
648
649
651
1520
655
656
657
658
659
660
661
662
663
664
665
666
668
669
671
672
673
674
675
676
677
678
679
680
681
682
683
684
685
686
688
690
691
692
693
694
695
696
697
698
699
700
701
702
703
704
706
707
708
709
711
712
713
715
716
717
718
719
720
721
723
724
725
727
728
731
732
733
734
735
736
737
738
739
740
741
742
743
744
745
746
747
748
749
750
751
752
753
754
756
757
758
759
760
761
762
763
765
766
767
768
769
770
773
774
775
777
778
779
782
783
784
785
787
788
789
790
792
793
794
795
796
797
798
799
800
801
803
804
806
807
808
809
810
812
813
814
815
816
817
818
819
820
926
822
823
824
825
826
827
828
829
831
87
834
835
836
837
838
839
840
841
842
843
844
845
846
848
849
850
851
852
854
855
856
857
860
862
863
865
866
867
868
870
871
873
874
875
877
878
133
882
884
885
886
887
889
890
891
892
894
896
897
898
899
900
901
902
903
904
905
906
907
908
909
910
911
912
1249
915
916
917
918
919
920
921
922
924
925
821
927
928
929
931
932
933
934
935
936
938
939
940
941
942
944
945
947
948
949
950
951
609
953
954
955
956
957
958
959
960
961
962
963
965
966
967
968
970
972
973
975
976
978
979
980
981
982
983
985
986
987
989
991
993
994
996
998
1000
1001
1002
1003
1004
1006
1008
1009
1010
1011
1012
1013
1014
1016
1017
1019
1020
1021
1023
1025
1026
1027
1029
1030
1031
1032
1033
1035
1036
1037
1038
1041
1042
1044
1045
1047
1048
1051
1052
1053
1055
1056
1057
1058
1059
1060
1061
1062
1064
1065
1066
1069
1070
1071
1072
1074
1075
1076
1077
1078
1079
1080
1081
1082
1084
1086
1087
1088
1089
1090
1092
1093
1094
1095
1097
1098
1100
1101
1102
1104
1105
1106
1107
1109
1111
1113
1114
1115
1117
386
1119
1121
1122
1126
1127
1128
1129
1130
1131
1132
1134
1135
1136
1137
1139
1140
1141
1142
1143
1144
1145
1146
1147
1149
1150
1151
1152
1153
1155
1341
1157
1158
1159
1160
1161
1162
1163
1164
1165
1166
1167
1168
1169
1171
1172
1173
1174
1175
1177
1178
1180
1182
1183
1185
1186
1189
1190
1191
1192
1193
1194
1195
1196
1197
1198
1199
1200
1201
1202
1203
1204
1205
1207
1208
1209
1210
1211
1215
1217
1218
1219
1220
1224
1225
1226
1227
1229
1232
1233
1235
1236
1237
1238
1239
1240
1241
1242
1245
1246
913
1250
1251
1253
1254
1255
1256
1258
1259
1260
1261
1262
1263
1265
1266
1267
1268
1269
1270
1271
1273
1276
1277
1278
1279
1280
1281
1282
1283
1284
1285
1286
1287
1288
1290
1291
1292
1294
1295
1296
1298
1299
1301
1302
1303
1304
1305
1307
1308
1309
1311
1313
1314
1315
338
1318
1319
1320
1321
1322
1323
1324
1325
1327
1328
1329
1330
1331
1332
1333
1335
1336
1337
1338
1339
1340
1156
1343
1344
1345
1346
1347
1348
1349
1351
1352
1354
1355
1356
1357
1358
1359
1360
1361
1362
1363
1364
1365
1366
1368
1369
1371
1373
1374
1375
1376
1377
1379
1380
1381
1383
1384
1385
1386
1387
1389
1390
1392
1393
1394
1397
1398
1400
1401
1405
1406
1407
1408
1410
1411
1413
1414
1415
1416
1417
1418
1419
1421
1422
1424
1426
1427
1428
1429
1430
1431
1434
1436
1438
1439
1440
1441
1442
1443
1444
1445
1447
1448
1449
1450
1451
1452
1453
1454
1455
1458
1459
1460
1461
1462
1463
1464
1465
1466
1467
1468
1469
1470
1471
1472
1473
1474
1475
1476
1478
1479
1481
1483
1484
1486
1487
1488
1489
1490
1491
1492
1493
295
1497
1498
1500
1501
1502
1506
1507
1508
1509
1510
1512
1513
1514
1519
653
1521
1522
1523
1524
1525
1526
1527
1528
1529
1530
1531
1532
1533
1534
1535
1536
1537
1538
1541
1542
1543
1544
1545
1547
1548
1549
1550
1551
1552
1553
1554
1555
1556
1557
1558
1559
1560
1561
1562
1563
1564
1565
1566
1567
1568
1569
1570
1571
1572
1573
1574
1575
1577
1578
1579
1583
1584
1585
1586
1588
1589
1592
1593
1595
1596
1597
1598
1599
1601
1603
1604
1606
1607
1609
1611
1612
1615
1616
1617
1618
1620
1621
1622
1623
1624
1625
1626
1627
1628
1629
1633
1636
1637
1639
1640
1641
1642
1643
1644
1645
1647
1648
1649
1651
1653
1655
1656
1657
1658
1659
1661
1662
1665
1666
1668
1669
1670
1671
1672
1673
1674
1675
1676
1677
1678
1679
1680
1681
1682
1683
1685
1686
1687
1688
1689
1690
1691
1693
1695
1698
1699
1700
1701
1702
1703
1704
270
1706
1709
1710
1712
1713
1714
1715
1717
1718
1719
1720
1721
1722
1723
1724
1726
1728
1729
1730
1731
1732
1733
1735
1736
1737
1738
1739
1740
1741
1744
1745
1746
1747
1748
1749
1750
1751
1754
1755
1757
1758
1759
1760
1761
1763
1764
1765
1767
1770
1771
1772
1773
1774
1775
1776
1778
1779
1780
1781
1782
1783
1785
1784
1787
1788
1791
1792
1794
1795
1796
1797
1798
1799
1800
1803
1804
1806
1807
1808
1809
1810
1811
1813
1815
1817
1819
1820
1821
1822
1823
1824
1825
1828
1829
1830
1831
1832
1834
1836
1837
1838
1839
1840
1841
1843
1844
1845
1846
1847
1849
1850
1851
1852
1853
1854
1855
1856
1857
1859
1858
1860
1863
1864
1865
1866
1867
1868
1869
1871
1872
1874
1875
1878
1879
1880
1881
1883
1884
1885
1886
1887
1888
1889
1890
1891
1892
1894
1897
1898
1899
1900
1901
1902
1903
1904
1905
1906
1907
1908
1909
1910
1911
1913
1914
1915
1916
1917
1918
1919
1922
1923
1924
1925
1926
1927
1928
1929
1930
1931
1933
1936
1937
1938
1939
1940
1941
1942
1943
1944
1946
1948
1949
1951
1952
1953
1954
1956
1958
1960
1961
1962
1963
1965
1966
1969
1970
1971
1972
1973
1974
1975
1976
1977
1978
1979
1981
1982
1984
1985
1986
1987
1988
1989
1990
1994
1995
1996
1997
1999
2000
2001
2002
2003
2004
2005
2006
2007
2008
2009
2010
2011
2012
2013
2014
2015
2016
2018
2019
2020
2021
2022
2023
2024
2025
2026
2027
2028
2031
2032
2033
2034
2035
2038
2040
2041
2042
2043
2044
2045
2046
2047
2049
2050
2051
2053
2055
2058
2059
2060
2063
2064
2066
2067
2068
2069
2071
2072
2073
2074
2077
2079
2081
2082
2083
2084
2085
2086
2087
2088
2090
2091
2093
2094
2095
2097
2098
2099
2102
2103
2104
2105
2106
2107
2108
2110
2111
2113
2114
2115
2116
2117
2118
2119
2120
2122
2123
2124
2125
2126
2127
2128
2129
2130
2131
2133
2135
2136
2139
2141
2143
2144
2672
2146
2147
2149
2150
2151
2153
2154
2155
2156
2157
2158
2159
2160
2161
2163
2164
2165
2166
2167
2168
2170
2172
2173
2174
2175
2176
2177
2180
2181
2182
2183
2184
2185
2186
2187
2188
2189
2190
2191
2192
2195
2196
2197
2198
2199
2200
2202
2203
2204
2205
2206
2207
2208
2209
2210
2211
2212
2213
2214
2215
2216
2217
2218
2219
2220
2221
2222
2223
2225
2226
2227
2228
2229
2233
2234
2235
2238
2239
2240
2241
2242
2243
2244
2245
2246
2247
2248
2249
2251
2252
2253
2254
2256
2257
2258
2260
2261
2262
2263
2264
2265
2266
2267
2268
2269
2270
2271
2273
2274
2275
2276
2277
2278
2279
2281
2282
2283
2284
2285
2286
2287
2288
2289
2290
2291
2293
2294
2296
2298
2299
2300
2302
2303
2304
2305
2306
2307
2308
2309
2311
2312
2313
2314
2316
2317
2319
2321
2322
2323
2324
2325
2326
2327
2328
2329
2330
2332
2333
2334
2336
2337
2338
2339
2341
2342
2343
2344
2345
2346
2349
2350
2352
2353
2354
2355
2356
2357
2358
2359
2361
2362
2363
2365
2366
2367
2368
2369
2370
2371
2373
2374
2375
2376
2377
2378
2379
2380
2383
2384
2385
2386
2387
2388
2389
2390
2391
2392
2393
2394
2396
2397
2398
2399
2400
2401
2402
2403
2404
2405
2406
2407
2408
2409
2410
2411
2412
2413
2414
2416
2417
2418
2419
2420
2421
2423
2425
2426
2427
2428
2429
2430
2431
2432
2433
2434
2436
2437
2438
2439
2440
2441
2442
2443
2444
2445
2446
2447
2448
2449
2450
2451
2452
2454
2455
2456
2457
2458
2459
2460
2461
2462
2463
2464
2466
2467
2468
2470
2471
2473
2474
2475
2476
2478
2480
2484
2485
2486
2487
2488
2489
2490
2491
2492
2493
2494
2496
2498
2499
2500
2501
2503
2504
2505
2506
2507
2508
2509
2511
2512
2513
2514
2515
2516
2517
2519
2520
2521
2522
2523
2524
2525
2526
2527
2528
2529
2530
2531
2532
2533
2534
2536
2537
2538
2540
2541
2542
2543
2544
2545
2547
2548
2549
2550
2551
2552
2553
2554
2555
2556
2557
2558
2559
2560
2561
2562
2563
2565
2566
2567
2569
2570
2571
2573
2574
2575
2576
2577
2578
2579
2580
2583
2584
2586
2587
2588
2589
2590
2591
2593
2594
2595
2596
2597
2598
2599
2600
2601
2602
2603
2604
2605
2607
2609
2610
2611
2612
2613
2614
2615
2616
2617
2618
2621
2622
2623
2624
2625
2626
2627
2628
2629
2630
2631
2632
2634
2636
2638
2640
2641
2642
2643
2644
2645
2646
2650
2651
2652
2654
2655
2656
2657
2658
2659
2660
2661
2662
2665
2667
2668
2669
2670
2671
2145
2673
2674
2675
2676
2677
2678
2679
2680
2681
2682
2683
2684
2685
2686
2687
2688
2689
2690
2691
2692
2694
2695
2696
2697
2698
2699
2700
2701
2702
2703
2705
2706
2707
2708
2710
2711
2713
2715
2716
2717
2718
2719
2720
2721
2725
2726
2727
2728
2729
2730
2732
2733
2734
2735
2736
2737
2738
2739
2740
2741
2742
2743
2744
2745
2747
2748
2749
2750
2751
2752
2753
2754
2755
2756
2757
2758
2759
2760
2761
2762
2763
2764
2765
2766
2767
2768
2770
2771
2772
2773
2774
2776
2777
2778
2780
2781
2785
2786
2787
2788
2789
2790
2793
2794
2795
2796
2797
2798
2800
2801
2803
2804
2805
2806
2807
2808
2809
2810
2812
2813
2815
2816
2817
2818
2820
2821
2822
2823
2825
2826
2827
2829
2831
2832
2833
2835
2836
2837