0
1
3
4
5
6
7
8
9
10
11
13
14
15
16
18
20
21
23
24
25
26
27
28
29
30
31
33
35
36
37
38
40
41
42
43
44
45
46
47
48
49
50
52
53
54
55
56
57
58
59
60
61
62
63
64
65
66
67
71
72
73
74
75
76
78
79
80
81
82
83
84
85
86
88
89
90
91
92
95
96
97
98
99
340
101
102
103
104
105
106
107
108
109
110
111
112
113
114
115
144
118
119
120
121
123
124
1496
126
128
129
130
131
132
879
134
136
137
138
140
141
142
143
117
146
147
148
150
151
152
153
154
155
156
157
158
159
161
162
163
164
165
166
168
169
170
171
173
176
177
178
179
180
181
182
185
186
187
188
189
190
191
192
193
194
195
196
197
198
199
200
204
205
206
207
208
209
497
211
213
214
215
216
217
218
220
221
224
226
227
230
231
232
233
234
235
237
238
239
241
243
244
246
247
248
250
251
253
254
255
256
257
258
259
260
262
263
264
267
268
269
1705
273
275
277
278
279
280
284
286
288
289
290
292
294
323
296
298
299
300
301
302
303
304
305
307
308
309
311
312
313
314
316
317
318
321
322
295
324
325
326
328
329
331
332
333
334
335
336
1316
339
341
342
343
344
346
347
349
350
352
353
354
355
356
357
358
359
360
363
364
365
366
367
368
369
370
371
373
374
375
376
377
379
381
382
383
384
385
387
388
389
390
391
392
393
394
395
397
399
400
401
402
403
404
405
406
407
410
411
412
414
415
416
417
418
420
421
422
423
424
425
426
428
430
431
432
433
434
436
437
439
440
441
443
444
445
446
447
448
450
451
453
454
455
456
458
459
460
461
463
464
466
467
468
469
470
471
472
473
475
476
477
478
479
480
481
483
484
485
486
487
488
491
492
493
494
496
210
498
499
502
503
504
507
509
510
512
513
514
516
517
519
521
523
524
525
527
529
530
531
532
534
535
536
538
539
540
541
542
543
544
545
546
547
548
549
550
551
552
553
554
556
557
559
560
561
562
563
564
565
568
570
571
572
574
575
576
577
578
579
580
581
583
584
585
586
587
588
591
592
593
594
595
596
597
598
599
600
601
603
604
605
606
607
610
611
612
613
614
615
617
618
619
620
622
623
624
625
627
628
629
630
631
632
633
634
635
636
637
638
640
641
642
643
644
645
646
647
649
650
651
652
654
656
657
658
659
661
662
663
666
667
669
670
671
672
673
675
677
678
680
681
682
683
684
686
687
688
689
690
691
692
693
695
697
699
700
703
705
707
708
710
711
712
713
714
715
716
717
718
719
720
721
722
723
725
726
727
728
729
730
731
732
733
735
739
740
741
743
745
748
749
750
751
752
753
755
756
757
759
761
762
763
764
765
768
770
771
772
773
774
775
776
778
779
780
781
782
783
784
785
786
787
788
790
791
792
793
794
795
796
797
799
800
801
802
803
804
805
806
807
809
810
811
812
813
815
816
819
820
926
822
823
824
825
826
827
830
831
832
833
834
837
838
840
842
843
844
845
847
849
850
851
853
854
855
856
858
859
861
862
863
864
865
866
867
869
870
872
873
874
875
876
877
878
133
880
881
882
883
884
885
886
887
888
889
891
893
894
895
896
897
898
902
903
904
905
908
911
912
1249
914
915
916
919
920
922
923
924
821
929
930
931
932
935
936
937
938
939
940
941
943
944
945
946
948
949
950
951
952
953
954
955
959
960
961
962
963
964
965
966
967
969
970
971
973
974
977
978
979
981
982
984
985
986
988
989
990
991
992
995
996
997
998
999
1000
1001
1002
1003
1004
1005
1006
1007
1009
1010
1013
1014
1015
1016
1018
1019
1020
1021
1022
1023
1024
1025
1026
1027
1028
1030
1031
1032
1033
1034
1035
1036
1038
1039
1040
1041
1042
1043
1044
1046
1047
1049
1050
1051
1052
1053
1054
1056
1057
1058
1059
1060
1062
1063
1065
1067
1068
1069
1071
1072
1073
1074
1075
1076
1077
1078
1082
1083
1085
1086
1087
1088
1089
1090
1091
1092
1093
1094
1095
1096
1097
1099
1100
1101
1103
1104
1106
1107
1108
1110
1112
1113
1116
1117
1118
1119
1120
1121
1122
1123
1124
1125
1126
1128
1129
1131
1132
1133
1134
1135
1136
1137
1138
1139
1140
1141
1144
1145
1670
1149
1151
1152
1154
1155
1341
1158
1159
1162
1163
1164
1165
1167
1168
1169
1170
1171
1172
1174
1175
1176
1177
1179
1180
1181
1183
1184
1186
1187
1188
1192
1193
1194
1195
1196
1197
1198
1202
1203
1204
1205
1206
1207
1209
1210
1212
1213
1214
1215
1216
1217
1218
1219
1221
1222
1223
1224
1225
1226
1228
1230
1231
1234
1235
1236
1237
1238
1241
1242
1243
1244
1245
1247
1248
913
1250
1251
1252
1253
1255
1256
1257
1258
1259
1261
1262
1263
1264
1266
1268
1269
1270
1272
1274
1275
1276
1277
1278
1281
1282
1283
1285
1286
1287
1288
1289
1290
1291
1293
1294
1295
1297
1298
1299
1300
1301
1305
1306
1307
1308
1309
1310
1311
1312
1313
338
1317
1318
1319
1320
1321
1322
1323
1324
1325
1326
1327
1329
1331
1332
1333
1334
1335
1336
1337
1338
1339
1340
1342
1343
1345
1347
1348
1349
1350
1352
1353
1354
1355
1356
1357
1358
1359
1360
1361
1362
1363
1365
1366
1367
1368
1369
1370
1371
1372
1373
1374
1375
1377
1378
1379
1380
1381
1382
1383
1384
1385
1386
1387
1388
1389
1391
1392
1393
1394
1395
1396
1397
1398
1399
1400
1402
1403
1404
1405
1406
1407
1408
1409
1410
1411
1412
1413
1416
1417
1419
1420
1421
1422
1423
1424
1425
1426
1427
1428
1429
1431
1432
1433
1434
1435
1436
1437
1440
1442
1443
1445
1446
1447
1448
1449
1450
1451
1453
1454
1455
1456
1457
1459
1460
1461
1462
1463
1464
1465
1466
1467
1468
1469
1470
1472
1477
1478
1479
1480
1481
1482
1483
1485
1486
1487
1488
1489
1490
1491
1492
1493
1494
1495
1497
1498
1499
1500
1501
1502
1503
1504
1505
1506
1507
1508
1509
1510
1511
1513
1514
1515
1516
1517
1518
1519
1521
1523
1524
1525
1526
1527
1529
1530
1531
1533
1535
1536
1538
1539
1540
1542
1543
1544
1545
1546
1547
1550
1552
1553
1554
1557
1560
1561
1562
1563
1564
1565
1566
1568
1570
1571
1573
1574
1575
1576
1577
1578
1579
1580
1581
1582
1583
1584
1585
1586
1587
1589
1590
1591
1592
1593
1594
1595
1597
1598
1600
1601
1602
1603
1605
1608
1609
1610
1611
1613
1614
1616
1617
1619
1620
1622
1623
1624
1625
1626
1627
1628
1629
1630
1631
1632
1633
1634
1635
1637
1638
1640
1641
1642
1643
1645
1646
1647
1648
1649
1650
1652
1654
1655
1656
1657
1658
1659
1660
1661
1662
1663
1664
1666
1667
1668
1669
1148
1671
1673
1675
1676
1677
1678
1680
1681
1682
1684
1685
1686
1687
1689
1690
1691
1692
1693
1694
1695
1696
1697
1700
1701
1702
1704
1707
1708
1709
1710
1711
1712
1713
1716
1720
1721
1723
1725
1726
1727
1728
1729
1730
1734
1735
1737
1738
1739
1740
1741
1742
1743
1744
1745
1746
1748
1749
1750
1751
1752
1753
1755
1756
1757
1758
1759
1760
1761
1762
1763
1765
1766
1767
1768
1769
1770
1771
1772
1773
1776
1777
1778
1779
1785
1786
1787
1788
1789
1790
1791
1792
1793
1794
1796
1797
1798
1799
1801
1802
1803
1804
1805
1806
1807
1808
1809
1810
1812
1813
1814
1816
1817
1818
1819
1820
1821
1823
1824
1825
1826
1827
1828
1829
1831
1832
1833
1834
1835
1836
1837
1838
1839
1840
1842
1843
1844
1845
1846
1847
1848
1849
1850
1851
1852
1853
1854
1856
1857
1859
1858
1861
1862
1863
1865
1866
1867
1869
1870
1871
1872
1873
1874
1875
1876
1877
1878
1880
1882
1883
1884
1886
1887
1888
1889
1890
1891
1892
1893
1894
1895
1896
1897
1898
1899
1900
1901
1902
1903
1904
1905
1906
1907
1908
1909
1910
1911
1912
1913
1915
1916
1917
1919
1920
1921
1923
1924
1925
1926
1927
1928
1929
1930
1931
1932
1934
1935
1936
1938
1940
1941
1942
1943
1944
1945
1947
1948
1949
1950
1951
1952
1954
1955
1956
1957
1958
1959
1961
1963
1964
1965
1966
1967
1968
1969
1970
1971
1972
1973
1974
1977
1978
1979
1980
1982
1983
1985
1986
1987
1989
1991
1992
1993
1994
1996
1997
1998
1999
2000
2001
2002
2003
2006
2007
2008
2009
2010
2011
2012
2013
2015
2017
2018
2019
2020
2021
2022
2023
2024
2027
2028
2029
2030
2031
2032
2034
2035
2036
2037
2038
2039
2040
2042
2043
2044
2046
2048
2049
2050
2051
2052
2053
2054
2055
2056
2057
2059
2060
2061
2062
2064
2065
2066
2067
2068
2069
2070
2071
2072
2073
2074
2075
2076
2077
2078
2079
2080
2081
2082
2083
2084
2085
2086
2087
2088
2089
2090
2091
2092
2093
2094
2095
2096
2098
2099
2100
2101
2103
2104
2106
2109
2111
2112
2113
2114
2115
2116
2117
2119
2120
2121
2122
2123
2125
2126
2129
2130
2131
2132
2133
2134
2135
2136
2137
2138
2139
2140
2141
2142
2147
2148
2150
2151
2152
2153
2155
2156
2157
2159
2162
2163
2164
2165
2166
2168
2169
2170
2171
2173
2174
2175
2177
2178
2179
2182
2183
2184
2186
2187
2188
2189
2193
2194
2195
2196
2197
2198
2199
2200
2201
2202
2206
2208
2209
2210
2211
2213
2214
2215
2216
2217
2218
2219
2220
2223
2224
2225
2226
2227
2228
2229
2230
2231
2232
2234
2235
2236
2237
2238
2239
2240
2242
2244
2245
2246
2248
2249
2250
2252
2253
2255
2257
2258
2259
2261
2263
2264
2265
2266
2267
2268
2269
2270
2271
2272
2273
2275
2277
2278
2279
2280
2281
2282
2283
2284
2285
2286
2287
2288
2289
2290
2291
2292
2293
2294
2295
2297
2298
2299
2300
2301
2302
2303
2304
2305
2306
2307
2308
2309
2310
2311
2312
2313
2314
2315
2316
2317
2318
2320
2321
2322
2324
2325
2326
2327
2328
2330
2331
2333
2334
2335
2336
2337
2338
2339
2340
2341
2342
2343
2346
2347
2348
2349
2351
2352
2354
2355
2356
2357
2358
2359
2360
2361
2362
2363
2364
2365
2366
2367
2368
2369
2370
2372
2373
2374
2375
2376
2378
2379
2381
2382
2384
2386
2387
2388
2389
2390
2391
2392
2393
2394
2395
2396
2397
2398
2399
2401
2402
2403
2404
2405
2406
2407
2408
2410
2411
2412
2413
2414
2415
2416
2418
2419
2421
2422
2423
2424
2425
2426
2427
2429
2431
2432
2433
2434
2435
2436
2437
2438
2439
2443
2446
2447
2449
2450
2451
2452
2453
2454
2455
2457
2458
2460
2461
2462
2463
2464
2465
2466
2467
2469
2471
2472
2476
2477
2479
2480
2481
2482
2483
2484
2486
2487
2488
2489
2490
2491
2492
2493
2495
2496
2497
2498
2499
2500
2502
2503
2504
2505
2508
2509
2510
2511
2512
2515
2517
2518
2519
2521
2522
2523
2524
2525
2526
2527
2529
2530
2533
2534
2535
2536
2537
2538
2539
2540
2542
2543
2544
2546
2547
2548
2549
2550
2551
2552
2553
2555
2556
2557
2559
2560
2562
2563
2564
2565
2568
2569
2572
2573
2574
2575
2576
2577
2578
2579
2581
2582
2583
2585
2586
2587
2589
2590
2591
2592
2593
2595
2596
2597
2598
2599
2600
2601
2602
2603
2605
2606
2607
2608
2609
2610
2611
2612
2613
2614
2615
2616
2618
2619
2620
2621
2622
2624
2625
2627
2628
2629
2630
2631
2632
2633
2634
2635
2636
2637
2638
2639
2640
2641
2642
2644
2645
2646
2647
2648
2649
2650
2652
2653
2654
2655
2656
2657
2658
2659
2660
2661
2662
2663
2664
2665
2666
2667
2668
2669
2670
2671
2673
2674
2675
2676
2677
2678
2679
2680
2681
2682
2683
2685
2686
2688
2689
2690
2692
2693
2695
2696
2697
2698
2700
2702
2704
2706
2707
2708
2709
2710
2711
2712
2714
2715
2716
2719
2721
2722
2723
2724
2725
2726
2728
2731
2732
2733
2734
2735
2736
2737
2738
2739
2740
2741
2742
2743
2745
2746
2747
2748
2749
2750
2751
2752
2756
2759
2761
2762
2763
2764
2765
2767
2768
2769
2770
2771
2772
2773
2775
2776
2777
2779
2780
2781
2782
2783
2784
2786
2787
2788
2789
2791
2792
2793
2796
2797
2798
2799
2800
2801
2802
2803
2804
2805
2806
2807
2809
2811
2812
2814
2815
2816
2817
2818
2819
2820
2821
2822
2823
2824
2825
2826
2827
2828
2829
2830
2831
2832
2834
2835
2837
2838