1284
1
2
4
5
1397
471
9
2852
11
13
15
16
18
19
20
22
23
24
25
26
27
28
29
3075
32
33
35
37
38
39
40
41
45
44
47
48
1963
51
52
2897
54
55
57
58
59
60
61
62
63
65
66
1681
68
71
72
73
74
78
79
80
82
84
88
87
89
90
92
2717
2409
410
97
99
100
1432
103
104
105
2602
108
1907
112
113
115
116
118
119
120
2455
1697
125
126
127
128
130
131
132
133
134
136
137
138
139
140
141
1276
143
2460
146
147
150
149
151
694
157
156
155
160
161
162
163
164
165
166
167
168
169
170
171
172
2165
174
175
177
178
180
181
184
188
1147
187
185
189
975
191
192
2149
194
195
196
197
198
200
202
203
204
205
207
208
209
212
213
214
215
216
1768
218
219
221
222
3158
224
226
227
1586
1198
232
233
234
235
236
238
239
240
241
242
243
244
245
247
1005
249
250
252
251
253
254
255
256
257
1689
259
261
262
263
264
265
266
268
269
271
1737
273
2987
275
276
277
278
281
282
283
284
285
287
288
289
291
294
296
297
298
299
301
303
304
305
307
308
309
310
311
313
314
317
318
320
321
323
324
325
328
329
330
2824
333
334
335
336
338
337
339
340
341
1876
343
344
3091
346
347
348
350
349
351
352
353
356
357
358
360
361
363
365
364
366
367
368
369
370
371
373
374
375
376
378
379
380
382
383
385
386
388
389
390
391
392
395
396
899
399
400
401
402
403
405
406
408
409
96
411
412
413
415
1727
418
419
423
424
425
426
2899
428
430
431
433
434
435
436
437
439
440
441
442
443
444
2618
447
448
449
450
451
452
453
454
456
457
459
460
1767
464
463
462
465
466
467
468
8
473
475
476
477
479
480
481
482
1723
484
485
486
490
491
492
494
496
495
497
498
499
500
501
504
505
507
509
510
511
512
513
514
515
516
517
518
519
520
521
523
524
526
528
529
531
533
535
2129
538
539
540
541
542
543
544
546
548
549
550
551
552
553
554
555
556
558
559
560
561
562
563
564
565
568
569
570
572
573
574
575
576
577
578
580
581
583
585
584
586
587
588
589
591
592
593
594
596
597
598
599
603
602
601
604
605
606
608
610
611
612
613
614
615
616
617
618
619
621
622
623
624
625
626
627
628
629
630
631
1130
633
634
635
636
3051
638
640
641
642
643
1022
645
869
647
648
649
650
651
2535
2078
655
657
659
661
662
663
664
665
666
667
668
669
670
671
672
673
674
675
676
677
679
680
681
682
683
684
685
686
688
689
690
691
693
695
696
697
698
699
700
701
703
705
706
708
709
711
714
716
715
717
720
722
723
2117
725
726
727
728
729
731
730
732
733
734
735
736
737
738
740
741
743
744
745
746
748
747
1823
751
752
753
754
755
756
757
758
759
760
762
763
764
766
1629
768
769
1690
771
1616
773
774
778
776
777
1116
781
783
784
785
786
787
788
789
790
1174
793
794
797
798
2713
801
802
803
804
805
1207
807
809
810
813
812
814
815
816
817
818
819
820
1211
822
823
824
825
826
827
828
829
830
831
832
834
835
836
837
838
840
841
843
844
845
846
847
848
850
851
852
854
855
856
857
858
859
860
861
863
864
866
865
867
868
791
870
871
872
874
875
876
877
879
880
881
883
884
885
1012
887
890
892
891
893
895
897
898
900
901
904
903
902
906
907
908
909
910
911
912
913
914
915
916
917
918
919
920
921
922
923
924
925
926
928
929
930
931
932
933
935
936
938
2486
942
943
944
1016
947
948
1751
951
952
953
954
955
956
957
959
960
961
962
964
965
967
968
1453
972
973
974
190
976
977
978
981
982
983
984
987
988
989
991
993
994
996
998
1000
1002
1008
1011
1010
889
1013
1014
1015
1017
1018
1019
1020
1021
644
1023
1024
1025
1026
1027
1028
1029
1030
1032
1034
1035
1037
1038
1039
1040
1042
1043
1044
1047
1046
1049
1050
1051
1052
1053
1054
2909
1057
1058
1059
1060
1061
1062
1063
1064
1065
1067
1070
1071
1072
1073
1074
1075
1076
1078
1079
1081
1080
1082
1083
1084
1085
1086
1087
1088
1089
1091
1093
1094
1095
1096
1097
1098
1099
1100
1101
1102
1103
1700
1105
1106
1107
1108
1109
1110
1112
1114
1115
780
1117
1118
1119
1120
1121
1122
1126
1125
1128
1129
632
1131
1134
1136
1137
1138
1139
1140
1142
1144
1146
186
1148
1149
1150
1554
1153
1154
1155
1156
2735
1159
1160
1163
1164
1165
1166
1167
1168
1169
1170
1171
1172
1173
792
1176
1178
1179
1182
1181
1183
1184
1185
1186
1187
1188
1189
1190
1191
1194
1193
1195
1196
1197
230
1199
1200
1203
1205
1206
806
1208
1209
1210
821
1212
1213
1215
1214
1216
1620
1218
2657
1220
1221
1222
1223
1224
1226
1227
1229
1230
1231
1233
1234
1235
1236
1237
1238
1239
1240
1241
1242
2506
1244
1245
1247
1246
2029
1249
1251
1254
1253
1252
1255
1256
1258
1752
1260
1261
1262
2334
1264
1265
1266
2679
1269
1271
1272
1273
1274
1275
142
1277
1280
1281
1282
1283
0
1285
1286
1287
1288
1289
1290
1291
1293
1292
3230
1297
1298
1299
1300
1301
1302
1303
1304
1305
1306
1307
1308
1309
1310
1311
1312
1313
1314
1315
1316
1318
1321
1322
1323
1324
1325
1326
1327
2228
1330
1331
1332
1333
1335
1336
1337
1338
1339
1340
1341
1343
1344
1345
2305
1347
1348
1349
1350
1351
1353
1354
1355
1357
1358
1359
1360
1362
1364
1365
1368
1369
1370
1371
1372
1373
1375
1376
1377
1378
1379
1381
1382
1383
1387
1388
1390
1391
1392
1393
1394
1395
1396
7
1398
1400
1401
1402
1403
1404
1428
1406
1407
1408
1409
1410
1411
1413
1414
1415
1416
1417
1420
1421
1423
1424
1425
1405
1429
1430
102
1433
1434
1435
1436
1437
1793
1441
1442
1444
1446
1448
1449
1451
1455
1456
1457
1458
1459
1460
1461
1462
1465
1466
1470
1469
1471
1472
1473
1474
1475
1476
1477
1478
1479
1480
1481
1482
1483
1484
1485
1486
1487
1488
1489
1491
1492
1494
1495
1496
1497
1498
1499
1501
1502
1503
1504
1505
1508
1509
1510
1511
1512
1514
1515
1516
1517
1518
1519
1520
1521
1522
1523
1524
1526
1525
2714
1528
1529
1531
1830
1534
1535
1536
1537
1538
1539
1540
1715
1545
1546
1547
1548
1549
1550
1551
1552
1553
1151
1555
1556
1558
1559
1560
1561
1562
1563
1566
1567
1568
1570
1571
1572
1573
1574
1575
1576
1577
1578
1579
1580
1581
1583
1584
1585
229
1587
1588
1589
1590
1591
1593
1594
1595
1597
1598
1599
1602
1601
1600
1603
1605
1606
1607
1609
1610
1611
1612
1613
1615
772
1617
1217
1621
1623
1624
1625
1626
1627
1628
767
1630
1632
1633
1634
1635
1636
1637
1638
1639
1640
1641
1642
1643
1644
1645
1646
1647
1648
1649
1650
1651
1652
1654
1653
1655
1656
1658
1660
1661
1662
1663
1665
1668
1667
1669
1670
1673
1672
1675
1676
1677
1678
1679
1680
67
1682
1683
1685
1686
1688
258
1691
1692
1693
1694
1695
124
3164
1699
1701
1705
1706
1707
1708
1709
1711
1710
1713
1714
1716
1717
1719
1718
1721
1722
483
1724
1725
1726
416
1729
1732
1734
1735
1736
272
1738
1740
1741
1743
1742
1745
1747
1748
1749
1750
1104
1259
1755
1758
1759
1760
1762
1763
1764
1765
1766
461
1769
1770
1771
1772
1773
1774
1775
1776
1777
1778
1779
1780
1781
1782
1783
1784
1785
1786
1787
1789
1790
1791
1792
1439
1794
1795
1796
1797
1798
1799
1800
1802
2873
1805
1806
1807
2374
1810
1813
1814
1816
1817
1818
2061
1820
1822
749
1825
1826
1827
1828
1829
1533
1831
1832
1833
1834
1837
1838
1840
1841
1842
1844
1845
1846
1847
1848
1849
1851
1852
1853
1854
1855
1856
1857
1858
1859
1861
1863
1864
1865
1866
1867
1868
1869
1872
1874
1873
1875
342
1877
1878
1879
1880
1881
1882
1883
1884
1885
1886
1888
1887
1890
1889
1891
1893
1895
1896
1897
1898
1899
1900
1901
1902
1903
1905
110
1908
1909
1910
1911
1912
1914
1916
1915
1917
1918
1919
1921
1922
1923
1925
1926
1927
1928
1929
1930
1931
1932
1933
1934
1935
1936
1937
1938
1939
1940
1941
1942
1943
1944
1946
1947
1948
1950
1952
1956
1957
1958
1959
1960
1961
1962
50
1966
1965
1964
1967
1968
1969
1971
1972
1973
1975
1976
1977
1978
1979
1980
1981
1983
1984
1985
1987
1988
1989
1991
1992
1994
1995
1997
1998
2000
2001
2002
2003
2005
2006
2007
2008
2010
2011
2012
2013
2014
2015
2017
2018
2019
2020
2022
2023
2024
2025
2026
2027
2028
1248
2030
2031
2033
2035
2036
2037
2039
2040
2041
2042
2680
2046
2047
2048
2049
2050
2051
2052
2053
2055
2054
2056
2057
2058
2060
1819
2065
2066
2067
2068
2069
2070
3033
2072
2073
2077
2076
2075
654
2080
2082
2084
2085
2086
2822
2088
2090
2091
2092
2093
2094
2095
2097
2099
2100
2101
2102
2104
2105
2106
2108
2109
2110
2362
2113
2114
2115
724
2118
2119
2120
2121
2122
2123
2124
2125
2126
2128
536
2130
2131
2132
2133
2134
2135
2137
2138
2139
2140
2141
2142
2143
2144
2145
2147
2148
193
2150
2151
2153
2155
2156
2157
2159
2160
2161
2164
1541
2166
2167
2168
2169
2170
2171
2172
2173
2174
2175
2176
2177
2178
2179
2180
2182
2183
2184
2185
2187
2189
2190
2191
2193
2194
2196
2197
2198
2199
2200
2201
2202
2203
2204
2205
2206
2207
2209
2210
2211
2212
2213
2215
3285
2218
2219
2220
2221
2222
2223
2225
2226
2227
1329
2230
2231
2233
2235
2236
2237
2239
2240
2241
2244
2246
2247
2248
2250
2251
2252
2253
2254
2255
2256
2257
2258
2259
2260
2263
2265
2266
2267
2268
2269
2270
2271
2272
2277
2274
2275
2276
2273
2280
2281
2283
2284
2285
2286
2288
2289
2291
2292
2293
2295
2296
2297
2298
2299
2300
2302
2303
2304
1346
2306
2308
2307
2310
2311
2312
2314
2315
2316
2317
2318
2319
2320
2321
2322
2323
2324
2325
2326
2327
2329
2330
2331
2332
2333
1913
2336
2339
2340
2341
2342
2345
2346
2349
2350
2351
2352
2353
2910
2356
2357
2359
2360
2361
2112
2363
2365
2366
2368
2369
2370
2371
2372
2373
1809
2375
2376
2380
2384
2386
2387
2388
2389
2390
2391
2392
2393
2395
2396
3238
2398
2399
2400
2401
2402
2404
2406
2407
2408
95
2411
2413
2414
2416
2417
2418
2420
2421
2422
2423
2425
2426
2427
2428
2429
2430
2431
2432
2433
2434
2435
2436
2437
2438
2439
2440
2442
2444
2445
2446
2447
2448
2449
2450
2451
2452
2453
2454
122
2456
2457
2458
145
2462
2463
2466
2467
2470
2472
2473
2474
2475
2476
2477
2479
2481
2482
2483
2484
2485
940
2487
2488
2489
2490
2491
2492
2493
2494
2495
2496
2497
2498
2499
2500
2501
2502
2503
2504
2505
1243
2508
2509
2510
2511
2512
2513
2514
2516
2517
2518
2522
2524
2526
2527
2529
2530
2531
2532
2533
2534
652
2537
2538
2539
2540
2541
2542
2543
2544
2545
2547
2549
2550
2551
2552
2553
2554
2555
2556
2557
2559
2560
2561
2562
2566
2567
2568
2569
2573
2576
2577
2578
2579
2580
2581
2582
2583
2586
2587
2588
2589
2590
2591
2593
2594
2596
2597
2598
2599
2601
107
2603
2604
2605
2607
2608
2609
2612
2613
2614
2615
445
2619
2622
2624
2625
2626
2627
2628
2629
2630
2631
2632
2633
2634
2635
2637
2638
2639
2640
2641
2643
2642
2644
2645
2646
2647
2650
2651
2652
2653
2654
2655
1219
2658
2661
2662
2663
2668
2669
2670
2671
2673
2675
2676
2677
2678
2043
2681
2683
2684
2685
2686
2687
2688
2689
2690
2691
2693
2694
2695
2697
2698
2699
2701
2702
2703
2704
2705
2706
2708
2709
2710
2712
799
2715
2716
2718
2719
2720
2723
2725
2726
2727
2728
2731
2730
2729
2733
2734
1158
2736
2738
2739
2740
2741
2742
2743
2744
2745
2746
2747
2748
2749
2750
2751
2752
2753
2754
2755
2756
2758
2759
2760
2761
2762
2763
2766
2767
2768
2769
2770
2771
2772
2774
2776
2777
2778
3140
2780
2781
2785
2786
2787
2789
2790
2791
2793
2794
2795
2796
2797
2798
2799
2800
2801
2802
2803
2804
2805
2807
2808
2809
2810
2812
2813
2814
2815
2816
2817
2818
2819
2821
2087
2823
331
2825
2826
2827
2828
2830
2831
2832
2833
2834
2835
2836
2837
2838
2839
2840
2841
2842
2843
2844
2845
2846
2847
2848
2850
2851
10
2853
2855
2857
2859
2862
2863
2864
2865
2866
2867
2868
2869
2870
2872
1804
2874
2929
2876
2877
2879
2880
2881
2882
2883
2885
2886
2887
2888
2889
2890
2891
2892
2893
2894
2895
2896
2465
2898
1527
2901
2902
2903
2905
2906
2907
1056
2354
2913
2914
2915
2916
2917
2918
2919
2922
2921
2923
2924
2925
2926
2931
2932
2933
2934
2935
2936
2937
2938
2940
2941
2945
2946
2947
2948
2950
2951
2952
2953
2954
2955
2956
2958
2959
2960
2961
2964
2965
2967
2968
2970
2971
2974
2975
2976
2977
2978
2979
2980
2981
2982
2983
2984
2985
2986
274
2988
2989
2990
2991
2994
2995
2999
3000
3001
3004
3006
3007
3008
3009
3010
3011
3012
3013
3014
3015
3016
3018
3019
3020
3021
3022
3023
3024
3025
3026
3028
3030
3032
2071
3037
3038
3039
3041
3043
3044
3045
3046
3047
3048
3049
3050
3052
3054
3055
3056
3057
3058
3059
3060
3061
3062
3063
3064
3066
3068
3069
3070
3071
3072
3073
3074
30
3076
3077
3078
3079
3080
3082
3083
3085
3086
3088
3090
345
3092
3093
3094
3095
3096
3097
3098
3099
3100
3101
3102
3103
3104
3105
3106
3107
3108
3109
3110
3113
3114
3115
3116
3117
3118
3120
3121
3123
3124
3125
3126
3127
3128
3130
3132
3133
3134
3135
3137
3139
2779
3142
3143
3144
3145
3146
3147
3148
3149
3150
3151
3152
3153
3154
3155
3157
223
3159
3161
3162
3163
3166
3165
3167
3168
3169
3170
3171
3172
3173
3174
3175
3176
3178
3179
3180
3181
3182
3186
3189
3190
3191
3192
3193
3195
3194
3199
3197
3198
3196
3200
3201
3202
3203
3204
3205
3206
3207
3208
3209
3210
3211
3212
3213
3215
3216
3217
3218
3219
3220
3221
3223
3224
3225
3228
3229
3231
3234
3235
3236
3237
3239
3240
3241
3242
3243
3244
3245
3247
3249
3250
3251
3253
3255
3258
3259
3261
3262
3263
3265
3266
3268
3269
3270
3271
3273
3274
3276
3277
3279
3280
3281
3282
3284
2216
3286
3288
3289
3290
3291
3292
3294
3296
3295
3298
3302
3303
3304
3305
3306
3308
3309
3310
3311
3312
3313
3314
3315
3316
3317
3318
3320
3321
3322
3323
3324
3325
3327
3326
3328
3329
3330
3331
3332
3334
3335
3336
3337
3338
3339
3340
3342
3343
3344
3345
3346
3348
3349
3350
3351
3352
3353
3354
3357
3358
3359
3361
3362
3363
3364
3365
3366
3367
3368
3369
3370