2
3
4
5
6
1397
471
2852
11
12
13
14
16
17
18
19
21
23
24
27
28
29
3075
31
32
33
34
35
37
39
40
42
43
45
46
49
1963
51
54
55
56
59
60
61
62
63
64
65
66
1681
69
70
71
73
75
76
77
78
79
80
81
83
85
86
88
89
90
91
2717
2409
451
410
97
98
99
100
101
1432
105
106
108
109
1907
111
113
114
118
119
120
121
2455
2278
1697
125
127
129
130
131
133
134
135
136
137
140
141
1276
143
2460
145
146
150
694
153
154
157
155
158
159
160
161
164
165
167
168
169
170
172
2165
176
177
178
179
180
181
183
182
184
1147
188
189
975
191
192
2149
194
195
196
197
198
199
200
201
202
203
204
205
206
208
210
211
212
213
214
215
218
220
221
3158
224
225
226
227
3230
1586
231
232
234
235
236
237
238
239
240
244
247
1005
249
252
253
254
255
256
257
259
260
261
262
263
264
265
266
267
268
269
270
271
1737
273
2987
275
276
277
278
279
280
281
282
284
285
286
289
963
291
292
293
294
296
297
298
299
300
302
303
304
305
306
308
310
311
312
314
315
316
317
318
319
320
321
322
324
325
326
327
328
330
2824
332
334
335
336
338
339
340
341
1876
343
344
3091
346
347
348
350
351
353
354
355
356
357
359
360
361
362
363
365
364
367
369
370
372
373
374
375
376
377
378
379
382
383
384
385
386
387
388
389
391
392
393
394
395
396
397
899
399
400
401
403
404
405
406
407
408
409
96
411
412
413
414
415
1727
417
420
421
422
426
429
431
432
434
437
438
439
442
444
446
447
448
449
95
452
454
455
456
457
458
464
463
462
465
466
467
468
469
470
8
472
473
474
475
477
479
478
480
481
482
1723
484
485
486
487
489
488
490
491
492
493
496
497
499
501
502
503
505
506
507
509
508
510
511
513
514
517
518
519
521
522
523
524
525
527
529
530
531
532
533
534
2129
537
540
541
542
545
546
547
548
549
550
551
552
553
555
556
557
559
560
562
563
564
565
566
3207
568
569
570
571
572
573
574
575
576
577
579
580
581
583
582
585
584
586
588
589
590
591
592
593
594
595
596
598
599
600
603
602
601
604
605
606
607
609
610
611
613
614
615
616
617
618
620
621
623
624
625
626
627
630
631
1130
633
634
635
636
3051
639
640
642
643
1022
645
869
650
651
2535
653
2078
655
656
658
659
660
661
662
663
664
665
666
667
668
669
670
671
674
676
677
678
679
680
681
683
684
685
1689
687
688
689
690
1363
693
152
695
697
698
699
700
701
702
703
704
705
706
707
709
710
712
713
714
716
718
719
720
721
722
2117
729
731
732
734
735
737
739
740
741
742
744
745
746
748
747
750
752
753
754
755
756
757
758
759
760
761
762
763
765
766
1629
768
769
1690
771
1616
773
778
776
777
775
779
1116
781
782
783
785
786
787
788
789
790
791
1174
793
794
795
796
798
2713
800
802
803
804
805
1207
807
808
809
810
811
813
812
815
816
817
818
819
820
1211
823
824
825
826
827
828
829
830
831
833
834
836
838
839
840
841
842
844
845
846
848
849
850
852
853
854
855
856
858
860
861
862
863
866
867
868
646
870
871
872
873
875
878
879
880
881
882
883
887
888
1012
890
892
891
893
894
896
897
898
398
900
901
904
903
902
905
906
907
908
909
910
911
912
914
915
919
920
921
922
925
928
927
929
930
931
932
934
935
937
938
939
2486
941
942
1016
947
1751
950
951
952
953
954
955
956
957
959
960
961
962
290
964
965
966
968
969
972
971
973
974
190
976
977
979
980
983
985
986
987
988
989
990
991
992
993
994
995
996
997
998
1000
999
1001
1003
1004
248
1006
1007
1008
1009
1011
889
1013
1014
1015
946
1017
1018
1019
1020
1021
644
1023
1025
1028
1029
1031
1032
1033
1034
1035
1036
1037
1038
1039
1040
1041
1042
1043
1045
1047
1046
1048
1049
1050
1051
1052
1053
1055
2909
1058
1059
1061
1062
1063
1064
1067
1068
1069
1070
1072
1074
1075
1076
1077
1078
1079
1081
1084
1085
1086
1087
1088
1089
1090
1091
1092
1093
1094
1095
1097
1098
1102
1103
1700
1105
1106
1107
1108
1109
1110
1112
1111
1113
1115
1117
1119
1120
1121
1122
1123
1124
1126
1125
1127
1128
632
1131
1132
1133
1134
1135
1136
1138
1139
1140
1142
1141
1143
1144
1145
1146
1149
1150
1152
1154
1155
1156
1157
2735
1159
1160
1161
1162
1164
1165
1166
1167
1168
1169
1171
1175
1176
1177
1178
1179
1180
1182
1181
1183
1184
1185
1186
1187
1188
1191
1192
1194
1195
1196
1197
1199
1200
1201
1202
1203
1204
1205
1206
806
1208
1209
1210
822
1212
1213
1215
1620
1218
2657
1221
1222
1223
1224
1225
1227
1228
1229
1230
1231
1232
1236
1237
1238
1239
1240
2506
1245
1247
2029
1250
1253
1254
1256
1257
1258
1752
1260
1261
1262
2334
1264
1265
1266
1268
1269
1270
1271
1272
1274
142
1278
2205
1280
1282
1284
1285
1286
1287
1289
1290
3159
1295
1296
1297
1298
1299
1300
1301
1302
1303
1304
1305
1308
1309
1311
1312
1313
1314
1315
1317
1318
1319
1320
1321
1322
1323
1325
1327
1328
2228
1330
1331
1332
1334
1335
1336
1337
1338
1339
1343
1342
1344
1345
2305
1348
1349
1350
1351
1353
1352
1355
1356
1357
1359
1361
1362
692
1364
1365
1366
1367
1368
1369
1370
1372
1373
1374
1375
1376
1377
1378
1379
1380
1382
1383
1384
1385
1386
1387
1388
1389
1390
1392
1393
1395
1396
7
1399
1400
1403
1404
1428
1406
1408
1409
1411
1412
1413
1414
1415
1416
1417
1418
1419
1420
1421
1422
1426
1427
1405
1429
1430
1431
102
1433
1435
1436
1438
1793
1858
1443
1444
1445
1446
1447
1448
1450
1452
1453
1454
1455
1456
1458
1459
1460
1461
1462
1463
1466
1465
1464
1467
1468
1470
1471
1472
1473
1474
1475
1476
1477
1479
1481
1483
1484
1485
1488
1489
1490
1492
1493
1494
1495
1496
1497
1498
1499
1500
1501
1503
1504
1505
1506
1507
1508
1510
1511
1513
1514
1515
1516
1517
1518
1519
1522
1523
1524
1526
1525
2899
1528
1529
1530
1531
1830
1829
1534
1535
1538
1540
1715
1542
1543
1544
1545
1546
1548
1549
1550
1551
1552
1553
1554
1556
1557
1558
1560
1561
1562
1563
1564
1565
1566
1569
1570
1571
1572
1573
1574
1575
1576
1578
1579
1580
1581
1582
1583
1587
1588
1589
1591
2690
1593
1594
1595
1596
1597
1598
1599
1602
1601
1603
1604
1605
1606
1609
1610
1611
1613
1614
772
1617
1618
1619
1217
1621
1622
1623
1624
1625
767
1630
1631
1632
1633
1634
1636
1637
1639
1640
1644
1645
1646
1647
1648
1650
1651
1652
1654
1653
1656
1657
1659
1660
1662
1663
1664
1665
2399
1668
1667
1669
1670
1671
1673
1672
1674
1675
1676
1677
1678
1679
1680
1682
1683
1684
1685
1686
1687
1688
686
770
1691
1693
1695
1696
124
3164
1699
1104
1701
1702
1725
1704
1705
1706
1707
1708
1709
1711
1710
1712
1714
1541
1716
1717
1719
1720
1722
483
416
1728
1729
1730
1731
1732
1733
1734
1735
1736
272
1739
1740
1744
1745
1746
1748
1749
1753
1754
1755
1756
1757
1759
1760
1761
1762
1763
1764
1765
1766
1768
1767
1769
1770
1771
1772
2602
1774
1775
1776
1778
1782
1785
1786
1787
1789
1788
1791
1792
1439
1794
1795
1796
1797
1798
1799
1801
1802
1803
1805
1806
1807
1808
2374
1812
1811
1813
1814
1815
1816
1817
2061
1820
1821
1822
1823
1824
1825
1826
1827
1828
1533
1532
1832
1834
1835
1836
1837
1838
1839
1842
1843
1845
1846
1848
1849
1850
1851
1853
1854
1856
1857
1440
1859
1860
1861
1862
1866
1867
1869
1870
1871
1872
1874
1875
342
1878
1879
1880
1881
1885
1886
1888
1890
1891
1892
1893
1894
1895
1896
1898
1900
1901
1902
1904
1906
110
1908
1909
1910
1911
2022
1914
1916
1915
1917
1918
1919
1920
1922
1924
1925
1926
1930
1931
1932
1933
1935
1937
1938
1940
1941
1943
1945
1946
1947
1948
1949
1950
1951
1952
1953
1954
1955
1956
1957
1958
1959
1961
1962
50
1965
1967
1969
1970
1971
1972
1974
1975
1976
1978
1981
1982
1983
1984
1985
1986
1987
1989
1990
1992
1993
1995
1996
1999
2001
2002
2003
2004
2005
2007
2008
2009
2010
2011
2013
2014
3042
2017
2018
2020
2021
1913
2024
2025
2026
2027
2028
1248
2030
2032
2034
2035
2036
2038
2040
2042
2680
2044
2045
2046
2047
2048
2049
2050
2051
2052
2053
2055
2054
2056
2057
2058
2059
2060
1819
2062
2064
2063
2065
2066
2069
2070
3033
2072
2073
2074
2077
2076
2075
654
2079
2080
2081
2082
2083
2084
2086
2822
2088
2089
2090
2092
2093
2094
2095
2096
2097
2098
2100
2101
2103
2106
2107
2108
2109
2111
2362
2113
2114
2115
2116
724
2118
2119
2120
2123
2125
2126
2127
2128
536
2130
2131
2132
2133
2134
2136
2138
2139
2141
2143
2144
2145
2146
2147
2148
193
2150
2151
2152
2154
2155
2156
2158
2160
2161
2162
2163
2164
173
2166
2168
2169
2170
2171
2172
2176
2177
2178
2179
2180
2181
2182
2183
2185
2186
2187
2188
2189
2190
2191
2192
2193
2194
2195
2197
2199
2200
2201
2202
2203
2204
1279
2206
2207
2208
2209
2210
2211
2212
2213
2214
2215
3285
2217
2218
2220
2221
2222
2223
2224
2225
2226
2227
2229
2230
2231
2232
2233
2234
2235
2236
2237
2238
2239
2241
2242
2243
2244
2245
2246
2247
2248
2249
2250
2252
2253
2254
2255
2256
2257
2258
2259
2260
2261
2262
2263
2264
2265
2266
2267
2268
2270
2272
2274
2275
2277
123
2279
2280
2281
2282
2284
2285
2286
2287
2288
2289
2290
2291
2293
2294
2295
2297
2298
2299
2300
2301
2302
2303
2304
1346
2306
2308
2309
2310
2311
2312
2313
2314
2315
2316
2317
2320
2322
2324
2325
2327
2328
2329
2330
2331
2332
2333
1263
2335
2336
2337
2338
2339
2341
2342
2343
2344
2345
2346
2347
2348
2349
2351
2352
2355
2356
2357
2358
2360
2361
2363
2364
2365
2366
2367
2368
2369
2370
1809
2375
2376
2377
2378
2379
2380
2381
2382
2384
2383
2385
2386
2387
2388
2389
2390
2391
2393
2394
2395
2396
3238
2398
2400
2401
2402
2403
2404
2405
2406
2407
2408
2410
2411
2412
2414
2415
2416
2418
2419
2420
2421
2423
2424
2426
2427
2428
2429
2430
2431
2432
2433
2434
2435
2437
2438
2439
2440
2441
2442
2443
2446
2448
2450
2451
2452
2453
2454
122
2457
2458
2459
2461
2462
2463
2464
2897
2467
2468
2469
2470
2471
2472
2473
2474
2475
2476
2478
2480
2481
2482
2484
2485
2487
2488
2490
2491
2492
2493
2494
2496
2497
2498
2499
2500
2501
2502
2505
1243
2507
2508
2510
2511
2512
2513
2514
2515
2516
2518
2519
2520
2521
2522
2523
2524
2525
2526
2527
2528
2529
2531
2532
2533
2534
1487
2536
2537
2538
2540
2541
2542
2543
2546
2548
2549
2550
2551
2552
2553
2554
2557
2559
2558
2560
2561
2563
2564
2565
2566
2567
2568
2569
2570
2571
2572
2573
2574
2575
2577
2578
2580
2581
2583
2584
2585
2586
2587
2588
2589
2590
2591
2592
2593
2594
3209
2596
2597
2598
2599
2600
1773
2605
2607
2606
2608
2610
2611
2612
2614
2615
2616
2617
2618
2619
2620
2621
2622
2623
2625
2626
2629
2630
2632
2633
2634
2636
2637
2638
2639
2640
2643
2642
2645
2646
2647
2648
2649
2650
2651
2652
2653
2654
2655
2656
2658
2659
2660
2662
2664
2665
2666
2667
2671
2672
2673
2674
2675
2676
2677
2679
2043
2682
2683
2684
2686
2687
2688
1592
2691
2692
2693
2694
2695
2696
2697
2698
2699
2700
2703
2704
2705
2706
2707
2708
2709
2710
2711
2712
799
2714
2715
2716
93
2718
2719
2720
2721
2722
2724
2727
2728
2731
2730
2729
2733
2732
2734
2736
2737
2738
2739
2740
2741
2742
2743
2744
2745
2747
2748
2749
2750
2751
2752
2753
2754
2755
2756
2757
2758
2759
2760
2762
2763
2764
2765
2766
2767
2768
2770
2773
2774
2775
2776
2777
2778
2780
2781
2782
2783
2784
2785
2787
2788
2790
2791
2792
2793
2795
2796
2797
2798
2800
2802
2803
2804
2805
2806
2810
2811
2812
2813
2814
2815
2817
2818
2819
2820
2087
2823
331
2825
2826
2827
2828
2829
2830
2831
2833
2834
2836
2837
2838
2840
2841
2842
2843
2844
2845
2846
2847
2848
2849
2850
2851
2853
2854
2856
2858
2859
2860
2861
2862
2863
2864
2865
2866
2867
2869
2870
2871
2872
2873
2929
2876
2878
2881
2883
2884
2885
2886
2888
2889
2890
2892
2893
2894
2895
2896
2465
2898
2900
2902
2904
2905
2906
2908
1056
2911
2912
2915
2916
2917
2918
2919
2920
2922
2921
2923
2924
2925
2926
2927
2928
2875
2930
2931
2932
2933
2934
2935
2936
2939
2941
2942
2943
2944
2945
2949
2950
2952
2956
2957
2958
2959
2961
2962
2963
2964
2965
2966
2967
2969
2970
2971
2972
2973
2978
2979
2980
2983
2984
2985
274
2988
2989
2990
2991
2993
2992
2996
2997
2998
3000
3001
3002
3003
3005
3006
3008
3009
3010
3011
3012
3014
3015
3016
3017
3018
3019
3020
3022
3023
3024
3025
3026
3027
3028
3029
3030
3031
3032
2071
3034
3035
3036
3037
3038
3039
3040
3041
2016
3043
3044
3045
3046
3047
3049
3050
637
3053
3054
3056
3057
3058
3063
3064
3065
3066
3067
3069
3070
3071
3072
3073
3074
30
3076
3077
3078
3079
3081
3082
3084
3085
3086
3087
3088
3089
3090
3093
3094
3096
3097
3098
3099
3100
3101
3102
3104
3107
3109
3110
3111
3113
3112
3114
3115
3116
3117
3118
3119
3121
3122
3124
3125
3126
3127
3128
3129
3130
3131
3134
3135
3136
3137
3138
3140
3141
3142
3143
3144
3145
3146
3147
3149
3150
3152
3153
3154
3156
3157
223
1294
3160
3161
3162
3163
1698
3166
3165
3167
3168
3169
3171
3172
3173
3174
3175
3176
3177
3178
3180
3181
3182
3183
3184
3185
3186
3187
3188
3190
3191
3193
3195
3194
3199
3197
3198
3196
3200
3201
3202
3204
3205
3206
567
3208
2595
3210
3213
3214
3215
3217
3218
3219
3221
3222
3224
3225
3226
3227
3229
228
3231
3232
3233
3234
3235
3236
3237
2397
3239
3241
3242
3243
3244
3245
3246
3248
3249
3250
3251
3252
3253
3254
3255
3256
3257
3258
3260
3261
3262
3264
3265
3267
3269
3270
3272
3273
3274
3275
3276
3277
3278
3279
3280
3281
3282
3283
3284
3286
3287
3289
3290
3292
3293
3294
3296
3295
3297
3299
3300
3301
3303
3304
3305
3307
3309
3310
3312
3316
3317
3318
3319
3320
3321
3323
3324
3325
3327
3328
3329
3330
3331
3332
3333
3334
3335
3336
3337
3338
3339
3340
3341
3342
3343
3344
3346
3347
3349
3350
3351
3353
3354
3355
3356
3357
3358
3360
3361
3362
3363
3366
3367
3368
3369
3370