1284
1
2
3
4
5
6
1397
471
9
2852
12
13
14
15
17
18
20
21
22
24
25
26
27
28
29
3075
31
32
34
35
37
36
38
41
42
43
45
44
46
47
48
49
1963
52
2897
55
56
57
58
59
62
63
64
65
66
1681
68
69
70
71
72
74
75
76
77
78
80
81
82
83
84
85
86
88
87
89
90
91
92
2409
98
99
100
101
103
104
105
106
2602
108
109
111
112
113
114
115
116
118
117
119
120
121
2278
1697
126
127
128
129
131
132
135
136
137
138
139
140
1276
143
2460
145
146
147
150
149
148
151
694
153
154
156
158
159
160
161
162
163
164
165
166
167
168
169
171
2165
174
175
176
177
178
179
180
181
183
182
184
188
187
185
192
2149
194
195
197
198
199
200
201
202
203
206
207
208
209
210
211
212
213
214
216
1768
219
220
222
225
227
3230
1586
1198
231
232
233
234
236
237
238
241
242
243
245
247
246
250
252
255
256
1689
259
260
261
262
265
266
267
268
269
270
1737
273
2987
275
277
278
279
280
281
282
283
286
287
288
289
963
292
293
296
295
297
299
300
301
302
303
304
306
307
309
310
312
313
315
316
317
318
319
320
322
323
326
327
328
329
332
333
334
336
338
339
340
341
3091
346
347
348
350
349
351
352
354
355
356
357
358
359
360
362
363
365
364
366
367
368
369
370
371
372
374
375
377
378
380
382
381
384
385
386
387
388
389
390
391
392
393
394
395
397
899
399
402
403
404
405
406
407
408
410
411
413
414
1727
417
418
419
420
421
422
423
424
425
426
2899
428
429
430
431
432
433
434
435
436
437
438
440
441
442
443
444
2618
446
447
448
449
450
451
452
453
454
455
456
457
458
459
460
1767
464
463
467
468
469
470
8
472
473
474
475
476
479
478
480
481
1723
484
485
486
487
489
488
491
493
494
496
497
498
499
500
501
502
503
504
505
506
507
509
511
512
513
514
515
516
517
519
520
522
523
525
526
527
528
529
530
532
533
534
535
2129
537
538
539
540
541
542
543
544
545
547
549
550
552
553
554
555
556
557
558
560
561
562
563
565
566
3207
568
569
570
571
575
576
578
579
580
583
582
585
584
586
587
589
590
592
593
595
596
597
598
599
600
602
603
604
606
607
608
609
610
612
614
615
616
618
619
620
621
622
624
626
628
629
630
631
1130
633
634
636
638
639
640
641
642
643
1022
645
869
647
648
649
650
651
653
2078
655
656
657
658
659
660
662
663
664
665
667
669
670
672
673
674
675
676
677
678
679
680
681
682
683
685
686
687
688
689
690
691
1363
693
152
695
696
697
698
699
700
701
702
703
704
705
706
707
708
709
710
711
712
713
714
716
715
717
718
719
721
722
723
725
726
727
728
729
731
730
732
733
734
735
736
737
738
739
740
741
742
743
744
745
748
747
1823
750
751
752
753
754
756
757
758
759
760
761
763
764
765
766
768
769
1690
771
1616
774
778
777
775
779
1116
781
782
783
784
785
786
787
788
789
791
1174
794
795
796
797
2713
800
801
802
803
804
807
808
809
811
813
812
814
815
816
817
819
820
1211
823
824
825
826
827
829
830
831
832
833
834
835
836
837
839
840
842
843
845
846
847
848
849
850
851
852
853
854
855
857
859
862
863
864
866
865
867
868
646
870
871
872
873
874
875
876
877
878
880
881
882
883
884
885
1012
887
888
889
890
892
891
894
895
896
897
898
398
904
902
905
907
909
912
913
914
915
916
917
918
919
920
921
923
924
925
926
928
927
930
931
933
934
935
936
937
938
939
2486
941
943
944
1016
1015
947
948
950
951
953
954
955
956
957
959
958
960
962
290
964
965
966
967
968
969
1453
972
971
975
978
979
980
981
982
984
985
986
987
988
989
990
991
992
994
995
997
998
1000
999
1001
1002
1003
1004
1005
1006
1007
1008
1009
1011
886
1014
946
1018
1020
1021
644
1023
1024
1025
1026
1027
1030
1031
1032
1033
1034
1035
1036
1038
1039
1040
1041
1042
1043
1044
1045
1048
1049
1050
1051
1052
1054
1055
1057
1059
1060
1061
1062
1064
1065
1067
1066
1068
1069
1070
1071
1072
1073
1074
1076
1077
1079
1081
1080
1082
1083
1084
1085
1086
1087
1090
1092
1093
1096
1097
1098
1099
1100
1101
1102
1107
1108
1109
1110
1112
1113
1114
780
1117
1118
1120
1123
1124
1126
1127
1129
632
1131
1132
1133
1134
1135
1136
1137
1138
1139
1140
1142
1141
1143
1144
1145
1147
1148
1149
1554
1152
1153
1156
1157
2735
1159
1160
1161
1162
1163
1165
1166
1167
1168
1170
1171
1172
1173
792
1175
1176
1177
1179
1180
1183
1184
1185
1186
1187
1188
1189
1190
1192
1194
1197
230
1199
1200
1201
1202
1203
1204
1205
1207
1208
1210
822
1212
1213
1215
1214
1216
1620
1218
2657
1220
1221
1222
1223
1224
1225
1226
1227
1228
1230
1231
1232
1233
1234
1235
1236
1237
1238
1239
1240
1241
1242
1244
1247
2029
1249
1250
1251
1254
1255
1257
1258
1752
1262
1264
1265
1266
2679
1268
1269
1270
1271
1272
1273
1275
142
1277
1278
2205
1281
1282
1283
1285
1287
1288
1290
1291
1293
1292
3159
1295
1296
1297
1298
1300
1301
1302
1303
1304
1305
1306
1307
1308
1310
1311
1312
1314
1315
1316
1317
1318
1319
1320
1322
1323
1324
1326
1328
1330
1331
1332
1333
1334
1338
1339
1340
1341
1343
1342
1344
2305
1347
1350
1351
1353
1352
1354
1355
1356
1357
1358
1359
1360
1361
1362
692
1364
1366
1367
1368
1369
1370
1371
1373
1374
1376
1378
1379
1380
1381
1382
1384
1385
1386
1389
1390
1391
1392
1394
1395
1398
1399
1401
1402
1428
1406
1407
1408
1409
1410
1412
1413
1415
1417
1418
1419
1422
1423
1424
1425
1426
1427
1405
1429
1430
1431
1433
1434
1437
1438
1858
1441
1442
1443
1444
1445
1446
1447
1448
1449
1450
1451
1452
970
1454
1456
1457
1458
1459
1460
1461
1462
1463
1466
1465
1464
1467
1468
1470
1471
1472
1473
1474
1475
1476
1477
1478
1479
1480
1481
1482
1483
1484
1485
1486
2535
1488
1490
1491
1493
1495
1499
1500
1502
1503
1504
1506
1507
1509
1510
1511
1512
1513
1514
1515
1516
1519
1520
1521
1522
1523
1524
1526
1525
1528
1529
1530
1531
1830
1535
1536
1537
1538
1539
1540
1542
1543
1544
1546
1547
1548
1549
1550
1552
1553
1151
1555
1556
1557
1559
1560
1561
1563
1564
1565
1566
1567
1568
1569
1574
1575
1576
1577
1578
1581
1582
1583
1584
1585
229
1587
1589
1590
1591
2690
1593
1595
1596
1597
1599
1602
1600
1603
1604
1605
1606
1607
1609
1608
1611
1612
1613
1614
1615
1617
1618
1619
1217
1621
1622
1623
1625
1626
1627
1628
1629
1630
1631
1632
1633
1634
1635
1638
1641
1642
1643
1644
1647
1648
1649
1650
1654
1655
1656
1657
1658
1659
1660
1661
1662
1663
1664
1665
2399
1668
1667
1670
1671
1673
1672
1674
1675
1677
1680
67
1682
1683
1684
1686
1687
1688
770
1691
1692
1693
1694
1695
1696
124
3164
1751
1701
1702
1725
1704
1705
1706
1708
1709
1711
1712
1713
1715
1716
1717
1719
1718
1720
1721
1722
483
1724
1703
1726
1728
1729
1730
1731
1732
1733
1734
1735
1736
1738
1739
1740
1741
1743
1742
1744
1746
1747
1748
1750
1700
1259
1753
1754
1756
1757
1758
1759
1760
1761
1762
1763
461
217
1769
1770
1771
1772
1774
1776
1777
1778
1779
1780
1781
1782
1783
1784
1785
1789
1788
1790
1791
1792
1793
1795
1797
1798
1799
1800
1801
1802
1803
2873
1806
1807
1808
2374
1810
1812
1811
1814
1815
1816
1817
1818
2061
1820
1821
749
1824
1826
1827
1829
1533
1831
1833
1834
1835
1836
1838
1839
1840
1841
1842
1843
1844
1845
1846
1847
1849
1850
1852
1854
1855
1856
1440
1859
1860
1861
1862
1863
1864
1865
1868
1869
1870
1871
1874
1873
1876
1877
1878
1882
1883
1884
1885
1886
1888
1887
1890
1889
1892
1894
1895
1896
1897
1898
1899
1901
1902
1903
1904
1905
1906
1909
1910
1912
2334
1914
1917
1918
1919
1920
1921
1922
1923
1924
1926
1927
1928
1929
1934
1935
1936
1938
1939
1940
1942
1944
1945
1948
1949
1950
1951
1953
1954
1955
1956
1957
1958
1960
50
1966
1964
1967
1968
1969
1970
1971
1972
1973
1974
1975
1976
1977
1979
1980
1981
1982
1983
1986
1987
1988
1989
1990
1991
1993
1994
1995
1996
1997
1998
1999
2000
2001
2002
2003
2004
2005
2006
2007
2008
2009
2010
2012
2013
2014
2015
3042
2017
2018
2019
2020
2021
2022
2023
2026
2027
2028
1248
2031
2032
2033
2034
2035
2037
2038
2039
2040
2041
2042
2680
2044
2045
2046
2047
2048
2049
2050
2051
2053
2055
2056
2057
2058
2059
2060
1819
2062
2064
2063
2067
2068
2069
2070
3033
2072
2073
2074
2077
2076
2075
654
2079
2080
2081
2083
2084
2085
2086
2822
2088
2089
2090
2091
2095
2096
2098
2099
2101
2102
2103
2104
2105
2106
2107
2109
2110
2111
2113
2114
2115
2116
2118
2119
2121
2122
2123
2124
2126
2127
536
2130
2131
2132
2134
2135
2136
2137
2138
2140
2142
2143
2144
2146
2147
2152
2153
2154
2155
2157
2158
2159
2160
2162
2163
1541
2167
2169
2170
2173
2174
2175
2176
2179
2180
2181
2183
2184
2186
2188
2189
2190
2192
2194
2195
2196
2197
2198
2200
2202
2204
2207
2208
2209
2210
2211
2212
2213
2214
2215
2217
2218
2219
2220
2222
2223
2224
2225
2228
2229
2231
2232
2233
2234
2235
2238
2239
2240
2242
2243
2244
2245
2246
2247
2248
2249
2250
2251
2252
2255
2256
2257
2258
2260
2261
2262
2263
2264
2269
2271
2277
2274
2275
2276
2273
123
2279
2281
2282
2283
2286
2287
2289
2290
2291
2292
2293
2294
2295
2296
2297
2300
2301
2302
2303
1346
2306
2308
2307
2309
2310
2311
2312
2313
2315
2316
2317
2318
2319
2320
2321
2323
2324
2325
2326
2328
2329
2330
2331
1913
2335
2337
2338
2340
2343
2344
2347
2348
2349
2350
2351
2353
2910
2355
2356
2358
2359
2360
2362
2363
2364
2366
2367
2370
2371
2372
2373
1809
2375
2377
2378
2379
2380
2381
2382
2384
2383
2385
2386
2387
2388
2390
2392
2393
2394
2395
2396
3238
2398
1666
2400
2401
2402
2403
2405
2408
95
2410
2411
2412
2413
2414
2415
2416
2417
2418
2419
2421
2422
2423
2424
2425
2426
2427
2428
2429
2430
2432
2433
2434
2436
2437
2438
2439
2440
2441
2442
2443
2444
2445
2446
2447
2449
2454
2455
2456
2458
2459
144
2461
2462
2463
2464
2465
2466
2467
2468
2469
2471
2474
2476
2477
2478
2479
2480
2481
2483
2484
2485
940
2487
2488
2489
2490
2492
2493
2494
2495
2496
2498
2499
2502
2503
2504
2506
2507
2508
2509
2511
2512
2514
2515
2516
2517
2519
2520
2521
2522
2523
2525
2528
2529
2530
2531
2532
1487
2536
2537
2539
2541
2543
2544
2545
2546
2547
2548
2551
2552
2555
2556
2557
2559
2558
2561
2562
2563
2564
2565
2566
2567
2568
2570
2571
2572
2573
2574
2575
2576
2577
2578
2579
2580
2581
2582
2583
2584
2585
2586
2587
2588
2589
2590
2592
2593
2594
3209
2596
2597
2598
2599
2600
2601
1773
2603
2604
2605
2607
2608
2609
2610
2611
2613
2614
2615
2616
2617
445
2619
2620
2621
2622
2623
2624
2625
2626
2627
2628
2629
2630
2631
2634
2635
2636
2637
2638
2639
2640
2641
2643
2644
2645
2647
2648
2649
2651
2652
2653
2655
2656
1219
2659
2660
2661
2663
2664
2665
2666
2667
2668
2669
2670
2671
2672
2673
2674
2675
2678
1267
2681
2682
2683
2685
2686
2688
2689
1592
2691
2692
2693
2695
2696
2697
2698
2700
2701
2702
2703
2704
2706
2707
2708
2709
2711
2712
799
2714
2715
2716
2717
2718
2720
2721
2722
2723
2724
2725
2726
2727
2728
2731
2730
2729
2733
2734
1158
2737
2738
2739
2743
2744
2745
2746
2748
2749
2753
2754
2756
2757
2758
2759
2760
2761
2763
2764
2765
2767
2768
2769
2771
2772
2773
2775
2777
2778
3140
2782
2783
2784
2785
2786
2787
2788
2789
2790
2791
2792
2793
2794
2795
2796
2797
2798
2799
2800
2801
2802
2804
2805
2806
2807
2808
2809
2810
2811
2812
2814
2815
2816
2817
2818
2819
2820
2821
2087
2823
2824
2827
2828
2829
2830
2832
2833
2835
2837
2838
2839
2841
2845
2847
2849
2850
2851
10
2854
2855
2856
2857
2858
2859
2860
2861
2862
2863
2866
2867
2868
2869
2871
2872
2874
2929
2877
2878
2879
2880
2882
2883
2884
2885
2887
2888
2889
2891
2892
2893
53
2898
1527
2900
2901
2903
2904
2905
2907
2908
2354
2911
2912
2913
2914
2916
2917
2918
2919
2920
2922
2921
2924
2925
2927
2928
2875
2930
2931
2932
2933
2934
2935
2936
2937
2938
2939
2940
2942
2943
2944
2946
2947
2948
2949
2951
2953
2954
2955
2956
2957
2958
2960
2961
2962
2963
2964
2965
2966
2967
2968
2969
2970
2972
2973
2974
2975
2976
2977
2978
2979
2980
2981
2982
2983
2986
2988
2989
2990
2991
2993
2992
2994
2995
2996
2997
2998
2999
3000
3001
3002
3003
3004
3005
3007
3008
3009
3010
3012
3013
3014
3016
3017
3018
3019
3021
3023
3026
3027
3028
3029
3030
3031
2071
3034
3035
3036
3037
3038
3039
3040
3041
2016
3043
3045
3048
3051
3052
3053
3055
3056
3057
3058
3059
3060
3061
3062
3063
3064
3065
3067
3068
3070
3071
3072
3074
30
3076
3078
3079
3080
3081
3083
3084
3085
3087
3088
3089
3090
345
3092
3093
3095
3097
3098
3099
3103
3104
3105
3106
3107
3108
3109
3110
3111
3113
3114
3115
3119
3120
3121
3122
3123
3126
3127
3128
3129
3131
3132
3133
3135
3136
3137
3138
3139
2779
3141
3142
3143
3144
3146
3148
3150
3151
3153
3154
3155
3156
3157
3158
3160
3162
3163
1699
3166
3165
3167
3168
3169
3170
3172
3174
3175
3177
3179
3180
3181
3182
3183
3184
3185
3187
3188
3189
3190
3191
3192
3195
3197
3200
3203
3204
567
3208
3210
3211
3212
3214
3215
3216
3218
3220
3221
3222
3223
3225
3226
3227
3228
3229
1294
3231
3232
3233
3234
3236
3237
2397
3239
3240
3241
3242
3244
3246
3247
3248
3249
3250
3251
3252
3253
3254
3255
3256
3257
3259
3260
3261
3262
3263
3264
3266
3267
3268
3270
3271
3272
3273
3274
3275
3276
3277
3278
3279
3280
3281
3282
3283
3284
3285
3286
3287
3288
3290
3291
3292
3293
3294
3296
3295
3297
3298
3299
3300
3301
3302
3303
3304
3305
3306
3307
3308
3310
3311
3313
3314
3315
3316
3318
3319
3322
3323
3324
3325
3327
3326
3328
3329
3330
3331
3332
3333
3334
3336
3339
3340
3341
3342
3344
3345
3347
3348
3349
3351
3352
3353
3354
3355
3356
3357
3358
3359
3360
3362
3363
3364
3365
3366
3367
3368
3370