12270
13111
8929
11283
13068
14195
12967
13292
12480
9840
14107
10895
13878
13287
12176
14148
14111
10061
10173
12469
10230
12267
10496
11988
13437
3380
886
12981
13653
8996
12744
13902
11374
12307
8883
12509
14060
14166
14290
14155
14126
6447
14186
9192
13392
12430
14278
11256
14094
67
13616
11381
14175
13957
13464
14103
13975
13693
13155
13890
14171
9676
13681
10095
14266
14019
6674
14292
14022
12425
91
13895
11358
14156
8433
13643
13404
13120
13892
13781
10114
12700
13852
12341
109
11140
14249
14007
10798
14122
13449
12994
6425
13390
13864
13340
12478
14232
10251
12772
7055
9425
14021
11242
134
13229
14198
13971
13002
12306
13557
11840
12495
7597
14244
13164
12337
11437
12760
10219
13070
14247
8833
6153
13444
13273
14279
12499
13483
12321
13380
164
10422
9246
14223
13691
13732
13903
13127
14050
13046
13276
13661
13210
14287
14262
14230
12702
12453
13979
14191
13104
532
13640
13761
6629
13996
14088
11610
12349
12290
1333
206
11971
14015
13609
13742
13442
217
13346
219
13615
13950
223
6222
7144
13135
14233
13233
10086
13351
13926
12565
11858
13028
14042
12158
13773
8736
14113
13337
10726
13452
8763
11584
12086
14201
1318
13827
14193
11908
11338
11629
12363
14095
9021
13976
269
7866
13725
11597
10203
14003
11740
13558
13581
13790
11849
14176
10753
14018
10470
479
12821
13837
14207
8383
10417
10482
12840
13943
10948
13991
12047
12972
300
13698
302
7658
9752
11778
11716
11368
13978
11687
10143
12189
13222
11967
14083
13738
10479
13607
8219
12612
14102
13468
5641
6873
13777
13989
13208
14196
335
11565
14077
13805
339
5169
13832
14051
8738
13128
11521
14251
10835
13797
13774
354
11980
14248
13833
4976
12636
13680
366
13047
13746
14216
12716
14064
374
13267
11589
12012
13462
2461
8636
13986
10782
12169
10717
10542
14141
9727
12171
13952
393
13766
13428
13512
13475
12668
11564
14146
10116
8927
13764
10388
13656
10678
11075
411
14059
14202
12029
11890
14068
11797
5748
10730
12417
13579
10959
14167
9450
14293
14153
14209
13529
14289
12615
13958
13117
12490
439
14132
7325
9426
12816
13601
13814
12763
13114
10278
14226
11299
13386
454
13081
12657
12395
14100
13374
11232
14162
13003
13918
13739
14182
10038
13606
9590
13611
13660
13702
12067
13806
13148
285
11520
482
10235
11674
12851
12277
14070
9574
493
9749
13862
4627
10758
14235
14224
12621
4040
13311
12992
12990
6172
10125
13664
510
11756
14236
14105
10965
10897
13898
13465
9841
13495
13826
13136
14114
9437
13726
13293
14267
2694
13815
13844
8843
8930
13183
9754
12178
13973
12949
7797
5111
548
12177
11704
14116
13848
13493
14127
11334
14005
14069
9813
10416
10697
13580
12632
11644
11163
13574
14058
12068
13227
576
12249
6988
13998
12583
11810
13086
13531
11402
13214
9886
14197
14079
12598
5920
14001
10576
597
598
12562
13568
13230
10339
13341
13453
13888
9038
13521
13130
5586
14032
11527
13165
13554
14214
13071
9803
12804
621
13278
11604
625
12149
10814
629
13413
631
14125
13305
11493
12088
10138
13365
12531
14037
7605
11421
14074
13106
11225
14117
14144
11405
5812
6848
13587
14164
12651
13662
662
13708
3635
12735
12250
1121
10154
11736
12895
5356
9215
11457
8568
13744
11449
13536
11591
13271
13603
11020
7563
11842
691
11763
14173
13969
12099
11459
6975
12979
13855
12135
13916
704
12406
13779
5706
7832
10499
12330
12911
11420
13454
3302
13838
12731
13910
10702
13425
13707
12497
6263
725
11445
13088
12094
13891
9456
11153
11681
13960
14273
6851
13508
13974
13796
3230
11788
10056
13393
10444
7063
11180
10498
8787
6883
13964
14109
14139
757
6038
14239
13717
9637
14040
12764
13901
13279
12645
11861
768
10155
14258
13540
12912
14284
10964
13596
10197
14269
14163
13859
11025
11937
13063
14143
11599
12952
12597
13842
9303
12971
9611
9819
7106
14188
13415
13126
10604
13610
11102
12715
13467
12982
14115
14225
11562
12141
13474
13553
7641
12353
12919
13955
14165
3155
13672
13798
12199
7282
8106
13505
3731
13132
13248
13213
13235
12377
12941
11706
11315
13887
6577
12819
11031
11942
13716
14271
10369
8465
9262
13397
14210
14049
13566
12756
12351
12785
13219
12494
9480
13997
10187
7178
13650
13282
13300
866
8772
12134
13934
10980
14221
11576
12486
8625
13770
11347
1520
5736
13840
10098
11725
32
887
9870
12508
13811
6123
12578
5687
12573
13239
9929
899
12970
5881
12319
13992
13272
9860
11300
12739
14010
911
912
12706
9457
11452
13504
11091
12085
1565
13457
13369
11228
925
13170
8394
13019
12958
13993
13471
933
12834
12973
13480
10970
12554
12955
13379
944
12520
946
14086
12871
13807
13718
13496
10692
12730
12795
13720
8137
9732
13048
11158
12711
11263
12719
967
13173
10855
8041
12258
12905
12009
8434
12713
12976
14204
13873
13719
12828
9175
12914
7254
12482
13027
13563
8881
11876
11767
13036
12245
12279
13817
12532
13906
14075
8648
10708
10234
11309
13038
1008
13421
13570
14130
9438
13189
7998
11371
13193
4300
12077
13154
12627
8907
14080
4302
13965
14084
11899
11125
13561
14020
12791
6112
13885
12514
13630
11078
11027
8771
12660
11816
11092
11678
13345
5118
1053
12236
10581
10181
14036
8968
10180
6818
12389
13092
13822
1066
5050
10034
10191
1070
1071
13144
12020
11002
10778
12948
12902
10178
14211
12470
13407
12978
12274
13899
13473
11855
2238
12114
12193
9449
12516
14002
13166
6185
13266
12698
1105
12505
11406
11192
14136
11668
12746
13237
13631
11173
11218
12103
670
12517
12936
14206
12910
8380
12935
1128
5514
12464
13401
11083
7312
1136
13215
6707
12403
13406
13226
12896
12211
6879
10762
6961
12021
10735
13990
13646
11549
11124
12704
5927
13020
3427
13930
1165
7860
10797
13310
14056
4488
14242
14265
10027
13728
10623
1179
14054
13358
12842
13954
12090
9587
12822
14023
13713
13598
10749
6210
13769
3645
13076
13329
1199
11700
13936
1204
12839
13418
12137
14078
13659
14172
1214
10123
12078
12674
13330
2689
5040
10631
12586
13780
10387
7029
10263
12401
11689
13889
11996
14250
12820
14030
12920
9984
12017
13190
13203
13204
13205
4859
13947
11665
13052
1253
7950
12133
12709
14229
5038
13072
13016
14052
1268
13585
14227
11944
11750
13602
12628
12013
11328
13470
13872
7204
12570
10787
9268
13883
12593
13077
13778
11546
13169
13472
13737
1302
5665
13923
13537
13259
11857
8672
13734
1312
1313
14283
11859
253
13820
8388
1322
13939
1324
13831
12539
1328
14276
12019
11512
205
13881
11970
13372
13593
12617
13589
10418
12442
13905
12854
13621
13534
1350
14028
11200
13949
6976
11103
12805
12183
12893
10242
10312
1363
12210
12538
8912
12238
13731
3053
11033
13578
13706
3779
12686
11831
12396
7761
10862
12870
13645
9149
12864
5854
11115
4740
12986
10338
13845
13375
12227
12775
13093
13129
11684
10621
13935
11637
9494
10266
8535
9556
12138
12890
7280
6415
2480
11722
13933
11595
1429
13299
12862
13900
10933
14061
10152
13387
13131
10742
11833
10322
12653
8065
5238
9557
12197
12560
13782
1679
12975
11770
5201
13192
13879
12610
13894
8244
13689
13202
10411
1473
13263
11772
13639
6857
10703
12933
14006
1481
7856
7319
12116
10873
14017
6859
1489
13937
13791
3838
11620
13336
10815
13054
10541
12676
3680
8596
9735
8067
10039
10561
3295
9768
1511
9897
11843
14013
11248
11543
14057
880
10941
13466
9950
12042
13821
13932
9503
1528
13064
1800
9345
11414
13423
12850
9037
9398
13633
11862
4199
13849
14044
8784
1544
11803
13179
1547
6984
7705
1697
12728
13079
13788
12572
2654
1556
10554
12058
12413
8740
10426
10820
920
13704
6208
13177
14241
12878
11726
12153
13275
8955
11832
7983
11958
11296
12357
14071
8709
13343
7420
12079
10784
1591
11561
13876
13530
10000
11498
13984
1600
10905
13295
12831
8903
13062
10917
12148
12812
12778
13498
12829
5912
12601
13635
11773
7537
10976
1622
12887
13405
3577
1626
7164
9217
10195
13835
7360
13588
13097
12376
11904
13673
9445
7446
13679
14218
12190
9899
13626
12530
13182
14150
10317
10358
4137
14285
13326
12391
11817
13344
12140
13172
13317
10641
12309
13748
12929
1675
13654
1677
1678
1456
6624
7902
12500
12780
12654
13735
8995
13301
11780
12876
14246
14152
6190
13524
12640
1550
14240
13032
11638
13067
13353
8873
5825
6239
13274
14098
13927
13026
12635
11399
11924
8307
8297
12625
13451
4416
11757
13125
12355
6602
11532
13197
12325
5795
11431
14065
2398
5923
11427
14045
7020
13829
9559
13384
12358
10942
1747
11513
4652
11137
9552
14009
11581
2861
12524
14257
10682
13242
11874
13439
4003
10297
11884
13043
10518
9939
9890
13907
14110
9887
10288
10206
13854
1779
7821
13484
12590
13198
10544
13763
11795
12556
11356
12345
3465
1795
13314
11911
11887
13928
6546
9923
11465
8589
9195
14091
9608
10803
11267
10892
7612
12835
11570
11993
4246
12750
12761
11643
13422
12937
12503
9255
11990
9704
13980
13414
12656
5994
6675
14288
11771
9406
13010
11872
9729
10184
10368
12553
5360
12039
12212
13756
11474
8645
13033
13323
12474
13590
11925
2030
12882
12762
13022
13667
8442
13236
13260
11439
13445
10483
10258
13168
9411
1881
14035
8677
7580
5851
11266
8934
13896
1889
11838
10016
12459
13757
12360
9845
12105
7351
13487
13604
12689
13692
13963
12487
14000
12072
12599
8869
1911
13366
10665
10901
13825
10165
7124
8801
9896
13528
12747
1923
4963
8079
1927
13333
11462
9218
4975
7153
11392
12456
10939
3936
2209
11607
11316
8557
4597
10221
6418
9728
13922
12397
10961
12646
7381
12737
9519
13395
11123
11896
1964
13571
1966
13461
10068
12566
5498
13627
12855
12224
13870
11291
14067
12954
10987
13636
12733
13176
1985
8634
13823
11621
8990
11108
1995
8980
11518
13041
13846
12874
10535
5117
13961
8845
13600
14104
13920
3448
5407
13050
9877
11734
11538
12968
8259
4085
14270
8598
4019
12063
6939
12664
13509
11707
1865
12607
8163
11541
9144
11094
11956
10911
14119
12329
13039
11337
12638
12293
14168
13515
6254
13252
8074
13736
9968
9230
2056
13096
10589
3787
2060
6890
12450
13073
12528
10823
6530
2068
14134
14180
9108
13977
13583
7878
12243
9940
4791
12109
14158
5193
9770
11488
13597
11972
7778
9924
8052
8965
2093
13884
12798
13669
10472
13705
11268
7396
12471
11505
2374
9989
12808
4118
11367
10877
12859
2115
12262
11443
9099
9843
13433
12248
2125
12452
13419
11184
11060
13417
13812
10459
5747
2137
11914
10773
10525
7994
7735
4098
9469
11509
11995
11913
2156
11535
9862
11065
12155
13830
12405
11954
9714
13240
13245
12251
12038
7730
10902
8048
13851
11324
9937
11920
10229
11430
13765
12415
8373
12673
13671
10557
12046
10654
10328
4873
12259
13410
10384
4863
11385
3698
11850
1941
6529
13967
3919
2971
11880
11046
12802
10552
13270
11724
9466
13642
13658
13029
12188
12712
11157
9349
9458
13897
3654
14038
2240
13308
14123
10183
2244
13319
11524
12662
7310
13364
11028
8350
12387
13021
13525
10237
12225
10694
9329
12093
9898
13700
12035
9354
8689
12229
12555
2269
11845
12977
11959
8025
10686
11879
10446
6753
9551
13675
11748
8050
13113
13161
10701
11906
11404
8258
10843
4289
14055
11739
7882
12069
2300
10602
12506
11949
12317
2305
8340
13152
12070
9129
11196
12885
3702
13804
12460
11273
10308
12687
13488
11515
3673
13546
12298
3496
10047
6527
2333
12381
14063
12996
12934
12930
13733
11145
2342
12797
12198
6784
2349
9395
12314
12084
4727
9849
5184
9199
9563
13491
2362
11407
11905
9137
13946
2369
12584
14073
7876
2107
13518
12899
12165
12549
13037
12790
2381
10733
10996
13195
12830
3910
6854
12322
13338
13035
14161
11715
10771
1735
6060
10439
14219
12024
10579
6211
9790
11298
4470
12095
13880
9427
5683
10564
8211
11568
11558
10532
12769
13367
13352
6209
12252
5988
12995
13520
13533
13253
3677
2432
14291
10346
13015
13683
11487
5972
2439
7877
11164
9889
9389
11212
8186
13760
7026
5293
11955
14160
12953
13543
379
7107
12725
2464
12026
7775
2468
13552
8144
8809
8381
11800
10013
3016
13159
13184
8470
2479
1423
12126
12053
9344
10910
11775
12888
13478
8994
13762
13359
13196
7255
5100
13532
11516
9983
10770
2501
9265
12205
13012
8456
13917
11204
10177
11089
12182
3539
9598
3358
10257
11605
11345
13629
10709
12938
10330
10215
14183
11146
11213
11059
13335
11889
13264
12993
11056
2539
11667
9378
4948
13476
12784
12340
4306
11825
13151
12161
12827
8108
12380
14106
8667
7285
11759
11828
13085
14268
3452
8657
12239
9205
7170
12220
2575
5316
2577
12304
2579
12534
11314
11654
2585
8595
11658
13768
11391
2595
10886
12465
4480
11383
4638
13356
13254
11698
7158
13962
10449
2608
13302
10940
9157
13576
2616
12364
10617
12543
9524
13988
2623
13755
13209
11703
12320
2629
13795
2631
14048
7368
13712
10801
13432
10727
11393
13688
12609
9179
13040
9193
11131
12817
5990
7379
12907
12537
8623
1555
11313
2953
11003
12814
10337
12434
7465
8184
9584
12435
9062
8493
6901
9341
9000
12308
13331
10562
6482
11241
11909
7266
13908
4018
13572
9226
2685
13694
12196
10343
1221
10088
13145
4205
13082
536
4538
9662
5857
9079
12366
12985
12410
2704
2705
10451
12926
13584
7534
14097
11470
13507
2715
12388
10907
2718
9670
4966
12787
14099
9194
13107
12723
10780
9550
13378
10655
7660
5251
13506
2740
12479
11010
7828
10320
11497
5441
11617
11870
7390
14243
13875
3120
9864
13297
2762
13234
9370
12394
13391
11174
11172
12690
13618
10094
13789
9612
12191
9275
10380
11731
11969
13486
13754
8727
12336
8611
5143
8170
2793
6042
13290
12692
2801
12467
11600
11765
6951
12843
10207
12007
12959
10929
11055
13349
14118
10661
6956
2821
5800
12390
2824
13721
9282
12826
9460
6960
11207
12097
10425
13608
12809
11848
14194
7354
4717
5107
13648
2847
7332
5433
11508
14029
11917
2857
7536
2859
5931
2862
12030
4885
8853
2867
13559
9351
11395
11733
10605
2874
12943
11999
10353
10185
12215
9009
12806
2883
4603
11791
13250
7624
7298
13983
10360
11289
10079
13522
10089
10477
14264
2908
9244
2911
8886
2913
2915
13953
9212
11388
10972
9323
7829
13160
11486
13758
12432
11274
9772
10342
10285
8685
13294
2938
7695
11496
11396
10537
11811
11869
13619
6154
13772
12648
2951
12427
2657
12683
2955
12272
11929
10636
9734
10533
13874
11844
9366
10517
8622
5835
12969
13435
13682
7033
2214
14133
12475
5755
6220
13348
12076
12927
10293
11285
12473
10909
12031
11738
11344
12596
6935
13163
11836
13455
12501
10876
13861
10009
11223
11686
3004
11792
3873
9683
3013
10861
8474
2475
12956
10836
9316
7964
3021
14096
13320
11253
12891
13286
8731
10883
10019
7260
8199
3034
12577
11318
11269
9666
9096
3042
3043
3044
11837
13956
12841
6999
10619
12917
6470
13775
12677
3063
12269
8742
11281
8190
12980
13684
11618
5957
3372
3075
12680
12987
3078
12208
11596
11548
9248
12652
11377
12284
13911
13850
3091
10767
12845
9844
11293
11141
12569
3101
11801
14016
10846
10687
12857
11272
11081
10304
3987
10516
8890
8187
14138
2757
3121
11290
12218
3124
8918
13009
10693
10851
3129
6166
9824
9162
13547
9510
14281
10076
8782
3727
11680
3140
14253
13632
13268
4575
9878
3150
7114
4483
11779
12160
12770
14231
10356
11826
3161
4558
7719
10794
12204
12691
12701
8320
11931
10827
10471
8242
6242
11702
5475
13674
14076
11302
14145
12777
12233
3191
8353
13399
10120
13485
11567
11679
11301
13053
8053
7712
12661
9760
10017
11120
13175
8865
9251
11650
3213
8404
11182
12838
12644
13133
10864
7733
11854
7819
10990
10706
10999
739
3231
9525
11918
13103
13238
6494
11387
3240
12409
12708
8708
10175
3246
8485
12852
10766
10751
4758
11257
10361
13315
12605
13511
11105
11630
10032
13915
11928
13836
9927
11577
11947
3268
3292
12124
8044
10458
14026
11927
9106
4841
3283
3284
13075
9206
13388
10831
3269
6129
14066
1509
11721
6649
13724
13247
9168
716
13801
11804
11694
13303
3309
11042
13526
11354
13167
6930
13434
9080
8047
8148
11189
4068
3327
7511
10055
4867
10051
4675
10746
13181
3336
12868
12803
3339
11129
14033
11243
12280
11774
13389
13527
10785
9925
9746
11429
10818
7330
3355
14121
2517
11978
10610
8019
6722
8049
10006
8774
10545
5610
9125
6719
3074
12869
7633
7018
5869
7209
13841
10870
31
11398
11878
4095
9061
8851
13325
12400
13624
9648
14272
4788
8013
8221
14082
10958
12392
11746
11682
11412
7296
11030
11447
11523
10188
12641
13893
5984
8300
8417
10085
7749
8696
13355
3420
9891
8888
12807
9186
8916
1162
12551
12526
10248
6979
5815
13134
7729
9049
5743
3439
13095
3441
11134
8203
12991
12231
3447
2010
9994
2569
8935
9959
5426
12356
5328
14234
9710
6286
1794
13867
9364
9578
10993
13710
10083
11378
9022
11847
8209
6998
14085
12659
10881
10643
11560
4542
11040
12440
14217
11262
14277
7569
12789
2329
10014
10667
12059
6967
12461
12939
13025
13776
8702
12297
11895
9595
10345
10763
14185
12347
12266
12705
8639
10548
4021
7141
11176
11893
9005
13913
10081
3529
13277
12331
11922
12863
3534
13143
11410
2514
6428
11063
8351
11536
5415
12081
12515
3547
3549
10652
7665
10352
13469
9332
13156
9040
10096
12286
12897
10311
4599
11987
14014
10625
11336
5144
6302
7434
13334
11181
1625
13634
6248
12699
5742
12170
5074
11167
13178
12457
13523
13011
9854
3594
8043
3596
9408
7344
5087
11601
12588
6050
12187
7219
11394
11375
12521
13426
9580
9019
12050
8566
8856
12055
10291
12576
8711
9081
6062
13865
6842
6312
11183
12275
664
4835
12226
8847
8721
11038
13741
1195
9794
6377
3649
9855
4555
8537
12824
6323
3749
3658
10874
10620
9121
9659
3664
8963
13089
8505
13931
8348
13376
2325
4649
8450
6681
12288
12222
1501
6744
13377
5482
12873
9748
14131
14012
12675
5310
6155
8563
4608
13463
2206
5643
10920
2316
12776
12649
4508
9657
9635
9976
10508
11754
8374
11323
12794
8591
13398
9003
8555
13828
12125
7810
12111
3138
14174
12424
7122
1091
12672
12620
7808
6122
13695
3737
3739
8045
12527
11758
12512
3746
3657
11626
13187
13078
8531
11403
13945
12637
10549
9409
10515
12729
12679
13802
3897
7350
12384
9063
3771
11084
10448
4461
12606
3179
9920
8514
4307
3786
2059
7680
11224
10722
6709
11787
10611
12253
11074
3797
12525
12335
8121
12861
10671
10370
6411
10912
9118
11007
12448
7159
13944
12073
10256
12386
12663
7363
14286
10944
12492
7934
12254
10072
12960
10392
13482
4826
11448
9548
8655
9313
1492
11506
12122
9135
6489
11260
12443
7265
6483
6733
10415
10698
11205
7376
12130
3858
6076
10889
10530
7700
12608
13186
12771
12061
11258
11361
6942
11781
9416
12247
9309
8246
6590
11573
3886
13697
6604
13385
8410
13228
11249
13394
10427
10957
11569
3766
14053
8714
9634
13749
12511
9816
8904
10100
3908
11525
7467
7774
8606
12032
9656
13803
8200
11057
9173
11776
10788
13249
3926
3927
9638
8253
3931
10774
13431
7696
9111
3296
9536
10622
13429
5944
5255
10934
11220
14151
10830
7232
7262
12439
8111
11424
10560
12544
11575
5553
6831
5037
10319
12156
6179
12203
5428
10505
4106
9846
9822
11661
3973
3974
6920
13065
11873
3979
8618
10946
9626
12540
11227
14089
14261
3114
10440
9784
9827
3993
14135
5204
3998
11005
10888
4001
10983
1762
4004
4155
8899
13652
13057
12462
13361
8089
4013
10141
8454
11217
2681
2022
4020
3520
8349
11484
9644
7896
9850
11796
8256
8406
4033
4034
4035
10593
8679
8110
503
13368
9464
4253
9401
11574
13269
11614
12294
11355
4056
8287
12455
9723
9624
5892
12545
11932
11417
8830
7048
8614
3326
4069
13783
4150
8103
4075
12348
11655
9394
6704
12685
8005
9333
10150
2018
12667
13549
6367
10133
4254
4092
4093
4094
3383
8062
5513
9479
6103
9052
7009
7175
3967
13370
4108
11609
12916
9056
9260
12714
4115
11305
2111
10765
11585
9374
4123
12217
14031
14205
14124
14170
4129
11793
6742
4133
11823
6306
4139
9743
13458
13709
7702
12080
12589
12962
12726
4071
11261
10919
13784
8906
4136
10160
13309
5218
12257
4371
13535
12697
9948
10082
10568
8543
11898
11032
11566
12602
12754
4703
12354
7012
11138
10269
13328
8376
8948
4185
8592
8308
7340
6634
13124
8600
9483
4195
4196
8790
6318
1540
4200
10672
11957
8076
2692
10375
12295
10795
4209
9542
9774
6763
10212
12965
10002
4217
10647
12989
8086
10954
6121
11304
4224
4226
7273
4228
9203
9347
10049
7986
4235
10354
7968
10918
11985
9301
4244
1822
11799
11193
11912
10233
10764
4044
4091
13686
8860
7812
12622
10171
11651
7152
10033
7472
10282
10364
10890
12420
4274
12732
12129
10857
12574
12964
6305
8766
13091
13556
8646
2294
8318
11871
11472
5771
11660
13218
4959
4297
12966
11900
10394
1026
5986
13427
7439
2547
3782
9523
10906
9931
8178
4312
9789
4938
10377
10514
4321
10869
4325
10804
4327
4328
4329
9908
13647
10926
9914
13147
7336
4339
11672
4341
4342
11413
7779
10127
9181
4348
8974
4351
6913
4354
11952
9201
10246
4359
4360
6015
4362
12946
6438
7302
9549
12707
9583
11762
13441
4433
12884
7095
6676
4379
8358
8694
9633
11695
9842
10108
13668
11875
4933
11676
4601
9410
4394
5609
14108
7962
6452
5507
4405
9245
7224
7974
11326
12159
13628
4413
11941
1721
12312
12268
4593
4421
13221
12624
4424
10736
6126
11169
7447
13858
12065
12414
10060
4436
6888
4441
4442
9310
8249
11540
9883
4849
11882
11741
12751
13412
7448
9281
6739
13677
4457
4458
13687
4460
12008
9534
6835
9566
12742
7174
5266
5973
11001
12318
2598
10832
5369
9970
11835
8213
9793
9216
12044
4491
10681
7233
11789
13510
11349
4499
6514
12147
7072
11649
10433
4506
3705
9053
4512
9800
7747
7652
4516
13877
4520
10172
13555
12146
12025
5124
6295
9699
4529
10745
6457
4532
4533
9957
9031
6499
4537
2696
4539
4540
6615
12918
10371
7619
14220
4550
10262
8823
10456
7559
3651
10332
10932
3163
10048
4570
11311
8637
10931
13560
5756
10974
8479
11294
13141
6526
3148
5389
7045
13655
10536
10509
11191
13212
6130
13006
6405
4589
8359
12493
4420
9602
9622
4596
2617
10584
3567
8698
4392
12082
3486
9936
4605
9338
9113
4374
11606
8581
10893
9665
13371
7307
12200
6023
6138
13257
9418
9544
9791
5999
11422
2407
11934
10011
11552
9588
5933
9008
9606
4636
12736
2600
10158
12779
8462
12214
4645
5061
12096
13291
3674
4650
4651
2431
9875
7606
5846
13711
9554
12359
12922
10042
9312
13446
10863
5343
5083
10989
8758
12931
4671
8817
9352
3332
12858
4679
8411
4682
10829
9356
4686
4687
4688
12684
12447
10689
9858
14280
4695
6847
7833
5101
13321
12372
11718
11590
4176
8650
6559
8593
13408
7388
8154
4710
10097
12815
10896
7138
8243
2844
8741
7839
11142
11245
13251
2353
4728
9780
10859
13703
8009
7608
5910
6670
11732
7201
9155
8966
8457
10307
13049
9514
12942
13058
4752
14208
6870
11473
8069
4757
4465
13122
8101
12399
12847
9922
10840
6894
12411
12034
8789
5093
4773
12006
4777
13999
4779
12940
4781
9961
9769
9020
5929
3392
9797
5276
2081
13542
9263
9343
13813
4796
14087
9130
9369
10776
12519
11098
9148
5400
13752
4808
10101
10523
13118
10680
12496
6348
11961
7110
5207
6904
10265
10341
7213
8610
3833
7777
12849
10393
12426
9771
8494
4834
3637
4837
10190
12370
11807
3282
10567
11087
10875
11295
14147
12123
10551
7649
4851
4852
7031
5263
8859
11476
11235
1249
12151
4861
12866
2204
5965
6064
9792
3330
5626
4869
4870
11312
12738
9307
6587
12642
10729
12788
4880
10196
10511
12904
2864
11463
6898
5071
12379
9258
11215
4894
12022
12547
13424
12173
4900
13459
7535
8891
12421
12796
12418
9663
10994
9095
8064
4915
8547
4918
7610
4921
9515
13638
12285
9786
10806
9865
4930
12128
7105
6083
5913
4937
4315
10463
13592
9604
7947
12755
12550
2542
13231
4952
9468
8262
12600
8091
7452
8384
4296
13347
1925
9977
11555
3426
4967
6087
4970
12016
9540
4974
1931
360
8719
12643
9779
13051
9973
7458
4984
7408
9781
10607
10790
4991
9304
4993
13420
9607
12879
12533
10731
4999
5000
11097
11786
9713
8594
10574
13666
6205
10570
7546
9615
5013
6569
6584
10395
12472
9122
6643
11818
5025
10402
10591
6846
9905
5030
13550
13808
8216
10759
9025
3959
1263
1222
13146
6620
5774
9028
8975
13699
13994
1586
11685
12115
5054
11292
7858
11865
9921
8001
4646
5063
5064
13101
12412
12923
5070
4888
11468
5075
13014
10837
9270
4667
7021
8868
9322
3599
13307
6181
12219
12332
5092
4883
7963
12186
5096
11471
5099
2496
4698
9866
5104
11428
3145
9348
8115
10250
547
7068
7362
12382
10922
5116
2003
10489
8832
7717
12281
8511
5129
9958
5131
10866
10481
7346
11085
10963
7635
10210
12510
2790
4568
5145
5874
10783
10799
5149
9707
13564
5845
5720
8660
11250
7975
12423
11069
10281
5163
8325
6113
8168
8189
8319
12477
5173
9477
12669
9177
5180
9032
9012
2356
11233
10283
8651
9619
11479
2084
8363
11628
11663
9625
7462
1459
5202
9847
3996
11528
5206
4818
5908
10695
9087
5211
11624
6269
11846
10856
5662
4158
13149
9926
6394
6644
6849
7528
6448
13005
10012
9997
12446
14027
10865
8652
12604
6793
6633
1449
8545
7443
10350
8206
13284
9966
8560
7464
11076
11710
12422
5176
5256
10485
5258
11107
12154
10546
4854
11090
5979
5267
13938
9745
12207
5272
6525
4790
5277
7284
6822
12488
6573
12263
5286
11093
9553
6702
12040
2454
7602
5295
5296
5976
5438
5958
9978
10362
11161
10445
11128
6610
7781
5370
13595
5161
8223
12580
4677
6781
11363
13904
5320
7818
5777
7202
5324
11830
5326
5327
3459
9431
9861
13138
8836
5336
5337
11998
13443
9934
12734
12089
11839
9942
11389
6054
10739
9074
12327
8820
7721
9879
675
5358
5359
1853
5362
11553
12194
9508
8524
5367
5368
5308
10710
10884
8055
6508
10104
11450
9138
12813
6556
9660
8700
5509
8176
10613
4576
9403
13244
13008
10400
7226
8597
9806
4916
8704
12402
5403
12722
9094
8068
3003
12491
5410
5411
11019
6696
3544
12950
5418
13690
8840
5422
6531
9882
3456
8794
5171
9160
13614
12498
5432
12504
13644
5298
9158
8728
2746
12786
5443
5444
5445
12232
8533
7593
9376
8489
11965
12157
5936
8438
7287
5457
7005
8620
10585
9439
13548
11930
8549
11827
5468
14159
10879
8939
9641
9947
5474
3181
5477
8082
6251
5481
3683
13995
9681
5485
5486
10595
13013
10653
10301
13987
12145
10635
11728
9050
8100
5497
1971
5499
12144
5502
5746
7375
13430
4404
7990
5384
6755
9722
5512
4097
9720
12326
6273
5518
8430
5520
8160
5522
13793
5525
6133
5527
10967
14142
12558
5532
5853
10321
5536
8938
5538
5539
5540
12613
7980
5544
10737
7367
9642
11769
7820
5552
3957
10225
7893
5557
5558
11696
11012
10478
9529
13745
7092
7890
13622
11348
5571
10563
8922
13194
5575
6501
7043
5579
13061
11544
8692
9962
7898
611
13400
11194
9198
7862
5596
12944
8337
5600
8863
12362
13255
7548
12234
7433
4474
3367
10270
5612
13447
6074
12074
5616
7611
6331
9436
5622
5623
5625
7921
5628
13256
12010
8021
7547
11745
12449
12054
11968
7264
3699
7899
8061
9636
10128
12101
8333
7186
12614
8913
9809
12305
12678
10421
13942
7176
5217
8192
7853
8548
13577
9804
5670
12727
10513
5674
10300
13912
11446
11335
14212
5682
2412
11362
11829
9737
895
12561
9375
10344
9605
5693
9807
7939
13313
9894
5700
6403
9776
9601
10819
707
9231
12481
5709
6593
12066
8172
5713
10962
6443
9279
5717
12782
5153
10122
12083
10707
9252
10473
5726
11329
12375
7932
10834
9949
5985
881
13594
7742
5741
5631
10409
5745
5503
2136
419
12594
13743
12523
9546
7300
10199
5989
10575
13306
13109
12240
9209
10146
10252
5769
5770
4293
12301
10519
5314
7402
5322
6799
9724
7315
13456
7341
5783
12513
10664
13605
6493
12502
11052
11727
10688
1731
5797
7637
3391
11501
9423
12957
5805
11179
5808
11162
7060
10208
5814
10789
9675
10487
12119
11041
6390
12721
3820
11813
10074
5829
11647
9373
10747
5833
14090
2966
11238
8894
6978
10279
12833
13663
5842
8432
5152
5331
5847
11043
5852
5533
1392
11834
2699
10401
5859
11860
13489
7756
12429
6981
5866
11210
7459
9090
5872
9140
5146
7139
12342
12647
901
8540
7758
6461
10268
8920
5887
8761
8862
5008
10201
10506
10644
9799
5898
5899
5900
9357
14260
10992
9066
10227
9868
8542
5208
9010
8283
1613
4936
10540
13816
11755
10334
5918
2822
14228
7210
11416
5926
1160
12100
4787
4061
9805
4633
5934
5935
5673
8991
12703
9085
13729
3941
12567
7126
6421
11877
9078
11240
5952
9291
7234
3073
5959
5960
11230
5964
4864
5966
9646
9292
12485
5970
11104
2438
5535
11951
7406
10379
8022
5980
10674
5982
10512
3695
5078
7331
5758
2648
11119
7924
4303
5996
7889
4625
6335
9363
11916
11852
7870
9235
9278
8767
10868
9382
6011
6372
12666
11907
5454
7173
6017
9443
14025
11195
6383
4618
7113
6028
7216
6032
9969
7588
8900
9741
12836
758
9910
8301
6041
11784
8705
8407
12463
11602
14140
6053
5348
8793
6056
6057
9661
9726
2399
6061
3627
8502
4865
8463
10115
12753
6216
13545
10594
12603
4656
11507
6078
10700
13024
11697
4934
9863
6777
9565
12758
6092
7642
9758
8642
14120
6099
6100
11351
4101
6104
9237
12127
6107
10812
6109
9919
12221
1373
5165
11219
6116
8336
9906
11953
9527
4361
4833
10476
11397
4426
10326
7478
3293
4584
13199
5526
10724
12468
9098
6137
4619
8750
9384
7545
14254
12611
7886
8278
7943
6298
11940
3689
3693
6495
7992
7578
10391
8901
9208
7149
9419
11037
3130
6167
11675
7793
12925
507
6955
9504
6957
11451
3962
5089
11891
7261
8471
1100
6186
8116
13436
1693
10110
11004
6193
13882
6197
11198
6200
12005
8270
6070
10264
10247
3412
1193
6212
11747
6215
6068
11121
7540
2975
9944
6233
7630
12242
7796
6227
8875
6229
6362
8316
13157
6236
6237
11622
9537
12694
6245
9912
6247
6249
13200
5480
6252
6253
2048
11923
8723
10903
13381
6260
6261
724
12060
9131
9874
10927
5213
6270
6884
5517
7088
8157
10179
14189
9233
6911
12296
12436
6282
6283
6284
10629
3464
8525
6289
9694
13000
9698
12633
4969
11045
6151
8367
8536
5735
10598
5299
5634
12458
8078
6311
3630
7746
14011
11401
6402
4198
6319
13066
3656
12552
11640
12484
7520
9110
8764
6330
5619
6332
7910
6001
7440
6337
11910
6432
9088
7952
9302
7473
11275
11984
13982
12825
4815
9077
10336
6351
8659
9688
6354
14213
10359
6358
6954
12522
6230
6363
10791
10396
9795
4089
6598
6369
13084
8960
8746
8291
4525
8925
7699
8271
9240
8378
6022
8512
9319
7946
6387
7294
6072
12639
6392
7007
6223
11659
12313
6399
6317
5701
6404
4806
12292
9952
9575
7309
6412
6413
6414
11894
10924
1948
7836
5948
8294
9128
120
13670
9308
3540
11986
6660
6339
6433
11016
8303
6436
6437
4364
12162
8982
12048
5715
7881
9159
10908
56
5226
8908
6450
12339
5222
6477
6454
8495
11499
10005
6459
6517
11708
8085
6464
10193
9134
8196
10809
9647
10947
6478
7461
11088
9834
2675
3849
11582
8599
6487
7632
3845
8950
13327
6492
5789
3237
6156
7054
7914
11594
5576
10841
6552
10169
12587
6507
5374
6509
8684
9102
12316
4500
6515
7321
6460
7966
6520
6971
6522
10826
6524
5275
2332
3156
2066
11214
6533
11229
8026
6536
6538
11482
8676
6542
8940
6545
6547
9156
6549
6551
9101
13868
5380
6558
4705
7441
8492
7228
6565
8608
7073
12880
5014
12201
6572
5284
9256
9600
7324
835
11867
12195
11657
10555
10260
7996
8779
7323
4875
6588
6932
12720
5710
9147
8601
11670
6368
10938
7200
6601
1725
6603
3888
6606
11477
8276
6611
8673
6613
6614
4541
11246
9119
11551
9100
6622
7751
1680
6625
8011
6628
2210
10460
13211
9180
5237
5349
11494
11152
10991
10001
8882
12023
6666
5563
13216
10105
10045
6648
3298
9435
8484
8482
7075
6656
8917
6658
6916
6431
10276
9200
7978
10381
9618
4735
6671
6673
86
4378
9405
7541
5614
6682
6683
10648
10526
12071
6688
13747
9541
13919
11936
8984
9340
5414
6697
6698
9064
6700
7243
5290
6703
4079
7051
6706
1138
13158
3792
13288
8073
11070
8037
13403
7615
12216
3369
7450
7353
3362
13565
8361
7550
11154
6727
8713
9072
7492
3851
11166
7792
6736
10437
10838
8322
7802
3681
12837
10241
7066
8128
7050
7348
9446
2280
6754
5510
6917
7288
6760
6761
6762
4212
6764
12693
7871
8072
8653
9928
8372
10849
6774
10586
6086
8093
6780
5317
6782
2346
10914
11199
7112
8141
6789
9267
9116
5236
12121
10885
8315
9775
11130
10441
6804
8156
8232
12112
8119
11960
10725
7997
10634
7843
9455
1061
9829
10943
5281
6823
9048
10407
10403
12741
10144
11390
11303
3958
11973
6833
11491
8757
11480
7405
9740
11805
8664
3629
12454
6845
5028
4743
1294
5224
7155
7688
6853
2443
13031
12241
1477
1488
6860
12230
8120
6864
6865
6905
10844
9495
7157
11699
8701
330
6876
11171
8977
1939
6880
10699
10204
751
6271
8730
12846
6887
4438
12618
2061
7172
7567
5044
9501
5305
7083
6900
11809
6320
6866
6907
11419
6279
8835
4574
7754
13727
6659
6756
14093
12810
4696
12368
11252
6926
11276
12383
6679
6931
6589
8602
4526
7412
6938
2025
13140
3877
8285
11343
9327
8194
6949
6950
2807
11669
6953
6359
6173
10637
1150
6962
10572
8238
3500
8999
8251
6521
9058
6974
698
8087
5838
3431
6980
5865
12476
9463
2226
7036
10510
12273
9586
6990
6991
6992
13142
6996
3480
3173
7000
7001
11522
10404
10852
5458
6393
12027
4104
8399
12404
5223
9051
7485
7016
7913
7711
1739
5084
12695
7023
10603
2453
9271
7460
1371
12228
4853
7032
11438
10571
7037
7038
8834
9126
11863
5577
7708
4577
7047
4587
7937
6750
7971
7053
129
7064
9755
12052
7059
5810
7061
10550
7056
6747
13322
6518
7070
10878
5875
6567
8635
13105
10639
7079
7081
6899
10159
10618
9628
6274
7089
7090
10743
5566
11247
4376
7097
8477
10484
7101
7102
7103
4932
796
2462
7809
4817
11782
6787
6025
3151
7115
11534
11556
7118
14041
7120
13657
3730
8722
1918
10772
5947
7575
7128
10904
11744
11067
7526
7951
7844
4715
5876
8936
4482
7142
7785
2033
13810
11790
7148
6163
8733
9489
4455
7154
6850
10928
2860
4027
13856
9361
9314
1627
7165
9981
9259
9733
11798
2573
6892
7135
4473
5661
860
7180
7676
7182
7184
7185
7188
12773
7191
7192
7212
10824
7195
7196
7199
6642
4738
5323
1283
10168
8831
8427
3648
5924
8364
7193
6910
7769
7215
6030
10438
12049
3609
7221
7222
8371
4408
8944
7576
7229
9120
10063
6571
4495
5956
11321
8556
13771
12974
12945
11425
9383
6701
7245
8039
12489
7248
9124
7790
7251
11760
10663
1051
2495
14008
11935
11201
3032
6361
3950
11478
6686
3848
2679
7267
9297
7850
9691
11000
7272
7275
11612
7849
8647
7600
3859
7281
1272
8528
5279
2562
13350
5456
6759
12801
7290
7291
12057
6389
12908
3402
13499
2894
9545
5754
4365
10543
9730
7306
4616
6410
2248
11964
2117
11265
8135
5780
7316
11339
8609
1483
12548
6516
11822
6586
6576
9535
9178
7328
4736
5987
2932
7333
11308
10750
4782
9621
13941
4188
5782
7342
7343
4476
10239
5136
12260
6751
3767
1897
12529
6721
2843
7355
7703
7357
8992
1632
7361
5274
3822
7825
13440
13519
5598
2884
10073
8949
8140
7373
9719
5504
3856
7378
3561
9324
2604
8665
10259
14263
8674
4708
7389
2750
8681
8280
7394
7395
2104
7397
9873
8829
10022
5775
7403
7404
6838
10816
9283
13411
10348
6937
8117
7414
10469
10084
7417
7613
3583
10309
7422
9447
9706
7426
12062
12901
8858
7431
5607
5269
7435
9739
11126
8574
4305
10454
5240
14149
13834
1641
5015
7177
12541
6720
7451
4957
10468
11054
7455
11991
7457
5105
6563
6479
5200
13116
2662
11418
4282
10845
9518
7470
4267
6343
11080
13809
7981
12752
6128
13513
11039
10630
7484
7015
7486
11510
11352
9161
7788
6731
7493
14072
7496
10734
11579
7916
13162
7506
8989
11613
7509
8641
10683
7513
12036
8323
14222
7517
6327
12291
8603
10565
7552
8342
6012
7583
7530
11259
12223
8230
2709
5823
4023
6199
8661
7539
6219
6705
9146
7543
7544
6141
5011
5605
12546
6725
7551
7553
7554
13171
12671
7557
11222
4554
8612
8248
817
9751
7565
6893
7568
4237
7571
7572
7574
7127
7227
7698
6159
11693
12563
7582
9558
7585
7587
10220
5448
7965
11737
225
9892
11099
7279
10043
5294
8786
7604
642
4655
7609
4920
1816
7418
9765
6717
10413
10429
4547
10867
7621
13818
9004
5097
11812
13665
13087
7628
11714
6985
6488
5953
12682
9826
5798
10149
11997
7640
812
10228
8040
7646
9197
7648
4850
4515
7654
9988
14024
7726
303
2737
7661
7662
7663
3551
9325
11711
7669
7670
7672
7673
9650
10732
7181
8282
9379
4336
7681
7682
13289
7684
13612
7686
12179
6852
7689
9141
7692
11946
10383
2940
3934
13121
7577
6597
3867
4144
7356
11454
12028
10715
7044
7972
8293
7019
8352
10075
7715
9701
9236
3164
11485
5354
7724
7725
7657
9738
7728
3434
6783
7731
11593
3224
10822
2146
13503
11380
8130
5740
10087
8296
10153
4514
7748
5023
10351
9560
6914
10287
5863
11109
5883
12276
9388
1384
9943
10170
7764
8780
11634
12592
7214
12352
8314
12110
4189
3598
2089
4344
5307
11234
7783
13438
8031
7490
9787
7250
12106
7206
6169
12098
6226
10424
7800
7801
6743
10333
7804
9109
8946
3734
7109
4536
4258
7813
7814
7817
5550
5730
11009
7823
8663
7364
7826
10192
6089
4204
709
4697
7834
7835
7837
9060
4722
10949
12075
7385
11433
10559
7848
7269
7851
8448
5664
12438
1482
7982
5056
11705
1166
7861
5593
7863
13262
8633
271
9331
9888
7869
6005
10744
12350
7874
2373
2441
2078
11112
8571
2298
7883
7884
9941
7795
12283
5997
5567
8368
5556
11475
4026
8235
5585
5644
11489
7901
3494
12759
7906
13678
11713
6816
10023
7017
12185
5658
14255
7923
5992
8824
7987
10988
10600
12557
5729
7933
3826
7935
7936
7938
5697
7941
13416
6150
6386
7948
12900
7773
6341
11017
7954
8988
8274
9076
7958
11357
7961
4402
5094
7595
7967
5669
8972
9254
7052
7709
9627
8390
6713
9682
5543
7476
7857
1579
10093
4234
7927
13201
7993
4466
6583
1014
7999
8000
8385
9718
12175
4135
11529
12373
9596
5919
8010
6627
8012
4732
10223
9412
13651
8017
8018
9036
7069
5978
8024
6535
8029
10860
8466
9513
9191
14282
6715
8038
7645
2849
3595
3273
3740
3323
3521
8237
2091
3201
8054
7024
8725
11322
4096
10166
4913
5650
9901
4985
5406
4756
9572
11514
7134
2052
5546
8077
6623
1926
13824
8081
10331
11178
6977
11160
8127
6778
8094
8095
10126
8804
10050
5496
4761
11330
5073
11216
11611
822
12282
2557
8387
5321
4175
8885
11743
5109
7246
7413
9530
7985
6863
3802
10925
10705
9570
14179
6749
8129
7741
13948
8133
8134
8136
8998
12167
6810
8142
8143
3321
9853
9493
8236
3363
8811
8150
8151
8152
8153
6466
6805
7519
9434
10527
9213
12261
2032
11994
8166
8167
5166
8169
13541
5776
13637
10528
5385
8177
6486
13586
10314
10507
8183
2663
11945
4073
3068
5663
8357
6947
8195
6471
13153
10238
3033
3920
8201
8202
3444
9917
12507
5242
10777
10968
10569
2414
4486
9512
8215
5033
12740
8220
10704
11287
8225
8226
12681
8229
7533
8231
6808
13188
8234
7897
8051
6964
8265
10711
11619
7198
4716
5009
8245
3882
9702
4666
8250
6970
4768
8254
8255
6094
8910
2292
4138
8260
8261
5508
8263
9484
8239
11058
9365
7143
12338
11692
10936
6609
13500
6148
7393
7678
6419
8284
6944
8480
4203
8534
10718
6376
12166
7710
6422
10067
2820
8298
11066
4949
6040
8654
6767
10340
11802
8306
6380
4187
9808
10461
11677
8313
7771
6798
11557
4395
5170
4074
6741
8324
5164
8328
8409
14245
14046
9491
6117
5599
8338
8339
2308
9832
7527
9655
10007
11783
8346
5039
3056
3542
7713
10374
8356
8193
6310
4591
11495
8362
5194
8075
8365
13100
6300
7892
10627
9387
7223
2834
3712
12346
4183
8377
6382
8379
1126
2633
8382
5645
8002
8553
1321
11440
7977
14192
8393
957
8397
13751
7010
8400
9721
13042
9684
3214
10077
4032
6045
10500
8329
6224
4681
9448
8413
8695
11966
8416
3414
8846
12184
9451
10277
12963
8423
8564
8425
8426
10492
6773
12906
97
975
8435
12860
12107
5455
8739
10261
9362
1871
11353
11237
11317
12333
7852
9400
4337
9992
8452
9632
4015
14047
7145
4745
13402
10805
8460
6672
6065
11226
1224
8032
8468
8576
2478
6184
8472
8473
3361
11974
8476
7098
10588
4571
8286
13220
6653
8483
4519
8487
6183
8491
6562
3526
7162
6771
8983
8997
9328
8499
13685
8501
6063
11197
11648
10273
11118
10807
8509
5127
6384
8513
8515
10414
12014
8519
8870
8521
9613
11646
6336
6288
8526
8527
8147
11466
8530
6334
8532
5447
8288
1415
7179
3652
8538
5882
12202
5907
4168
9006
5993
9055
5239
5666
9017
8551
8552
8386
10382
3784
7236
1945
11221
5247
12665
9293
3694
8424
13241
3619
11168
678
8588
10412
8572
8573
9833
8469
10913
9902
6016
13623
10325
8569
1809
10271
4186
4706
5005
2587
2020
4191
6595
6933
7523
8604
8605
4057
9880
6566
7318
4820
7560
4067
8802
10612
11652
3980
5459
3015
2653
8624
875
11432
11588
8630
7865
7591
4563
8638
3517
10106
7510
7028
10274
8724
1859
4561
7278
8649
5478
5233
6768
8302
2570
10004
8269
5884
7538
9150
7824
7220
8666
2561
8668
8670
1309
7831
7386
8675
8678
4037
8680
7483
14157
6510
8687
10755
2965
12433
6790
5154
8414
3417
8697
4600
8699
5383
6897
3505
9995
8109
6044
11143
3244
7562
11278
4066
13017
8715
12629
10349
8718
4978
9555
3911
7956
6600
8644
8056
8726
5942
13573
6885
3028
8732
7529
9885
8735
242
8737
4720
3066
8743
11709
12743
7918
8747
10973
8749
11333
8753
14274
10078
6836
6188
9266
8760
7787
1749
6329
9001
6008
8768
11950
10406
1041
1067
8961
3365
11530
8777
7765
8781
8783
8785
7603
750
8788
5856
6612
8795
8796
10213
12619
9954
8928
1919
8803
8098
8826
10480
8807
9848
4116
9998
8149
12045
12767
12921
8816
5465
8818
10811
9421
10566
4887
14184
8827
9280
7400
5175
7207
5120
155
7039
7123
5335
8837
10493
9505
13544
8842
539
8844
2005
8418
3639
9579
10003
3385
8852
3912
11282
8855
7429
6435
4256
8861
5889
6203
8864
3209
6711
3735
8871
1704
10659
11151
9222
12361
8879
989
6640
3176
9859
8113
3192
8979
6177
9562
4905
8892
13620
6729
8896
8897
4007
6035
7895
13083
1604
9219
4154
1024
6735
10385
12571
1369
5654
8914
8915
6965
6813
3125
8919
6287
5573
11415
8924
11208
403
2
5501
8931
9082
13819
1887
6788
7880
8937
5537
6378
8355
10062
8942
8943
7225
8945
7806
11982
7371
6490
9561
8953
9918
1577
9592
8958
11359
6373
8773
3665
8964
3572
10690
1059
11071
10998
7969
13460
4349
6585
8976
6878
8887
11376
6441
6694
10137
8986
8987
7507
4754
7359
10222
2506
1687
37
8497
8175
7650
2670
8765
10679
4724
7816
3525
8544
9007
6561
2881
5911
9011
8439
9013
9014
10284
9016
8550
9018
8510
5427
5521
9196
10609
5140
9526
9027
6841
9029
10292
5182
9033
9034
9035
8020
7659
1631
14039
3952
11150
11148
9043
9045
10464
9047
6824
3436
5495
7013
5632
5886
9054
8546
4111
11545
9059
4160
2666
7838
12164
5904
12988
11155
11244
13886
6730
5351
9075
5950
2700
4390
8932
9083
7419
9815
6665
6340
9709
9091
13575
9487
5405
6807
3809
9667
6136
2119
6861
10769
9104
10975
7500
2074
7805
4403
10858
7187
10633
11156
6792
9117
6912
7230
3661
6299
9123
8090
3368
7337
9127
6423
2312
4799
6265
9811
9133
8800
3843
5879
5873
8028
9142
10716
4290
11983
7542
6617
9151
9658
11186
4977
6548
4968
6766
5429
7489
13098
9164
9165
9166
10817
3850
9169
11133
11635
3922
9174
1502
9176
7752
7960
3812
7495
4510
9182
9183
9184
13871
3788
9187
9188
9189
10723
2721
2725
1933
7647
2357
6662
4356
4352
9204
11444
7815
5764
11587
11190
4409
8161
2176
4489
3647
3040
11502
9221
8877
10306
9224
9476
2055
6663
13497
6278
9234
6006
7718
6105
10577
12437
6381
9869
13094
6031
6202
3626
10294
5289
9249
9250
3789
6815
10064
7970
6699
10720
4890
6498
11147
13517
3005
8759
6791
1288
9269
5082
7027
10102
9273
9274
6238
9276
9277
7623
5716
4454
2827
7409
9285
9286
9287
13281
9289
9290
5954
5968
8562
10808
9358
9672
7268
9298
9798
9300
4243
6574
10781
13538
4874
7049
3881
4443
11284
4662
4518
7163
9909
9320
13786
7380
8669
9767
6946
8613
9330
7867
9334
9335
9336
12875
4606
2669
9342
4794
9346
4232
9350
2870
4674
4798
9355
5642
6256
9295
12091
8441
6657
3468
2963
9367
9368
6002
6968
10691
10900
7370
5689
5449
9377
2751
8828
13059
9381
6594
7242
8321
13866
8370
8034
3715
9393
4078
2350
9396
9397
8449
4184
11068
5479
9404
6678
3597
3862
4393
1880
8015
9413
9414
9415
3879
13863
4621
6164
9420
8821
10167
5803
9996
130
3675
12407
9533
8872
6650
7358
529
1946
10839
9441
12001
6228
13280
4607
7424
8412
3906
4440
8420
6817
730
9392
3313
10092
5113
6983
10676
2223
9467
11170
9471
11047
11101
9474
9475
9227
5174
9478
5888
1883
11717
9482
4350
10982
9093
10951
7151
9492
8146
5036
11671
9497
13753
9499
6896
9502
2092
6175
8839
10628
11539
5365
3640
13641
8214
4749
4923
10211
9517
7469
1958
9520
12150
7799
4006
4287
9528
5564
8118
9531
9430
4464
3937
9538
9539
6511
6690
4210
10398
7299
5753
10880
6147
2281
1986
4658
8720
1416
1450
8578
1741
7753
8951
8889
2360
9564
6088
4469
9568
8138
9573
6409
12559
3470
8848
9581
7326
5112
9712
6989
3134
4632
10685
3899
8957
9594
3890
8008
2515
12310
4594
9603
4941
5691
6969
6342
9609
12142
794
5868
8905
9963
5060
11127
11100
6667
6632
13853
7338
4766
9623
4943
7651
4560
7973
7087
9629
9630
9631
8453
4383
3900
5646
761
4672
13843
9640
5472
6018
13243
6314
9645
6844
6473
5265
12623
7674
12092
10887
10608
8343
3917
4595
9153
4060
6445
4122
4910
5278
4832
9097
13316
13909
2720
9296
9673
9674
7679
80
9677
10148
9679
11319
6375
7979
6575
8857
9685
10021
10971
9689
11926
11165
8126
10898
10642
13921
6293
5451
11719
8662
9703
1834
9705
7277
9708
9089
9711
9585
5004
2590
9715
9716
14252
8217
5515
6455
4059
5779
9802
6059
388
2511
4929
7305
9731
7168
5843
1503
11819
6352
7727
7436
6839
6036
10121
4140
11864
7211
6082
10558
494
10026
7564
1585
10054
1413
7057
13492
10821
3204
10140
9763
9764
7614
9326
1510
2948
6010
2929
9773
6902
9777
4980
4986
12441
9783
5079
4926
7789
2405
5739
4856
3943
6366
10538
4789
9299
7391
4676
9801
9725
985
6543
5932
5461
5909
9026
6034
9810
9132
11188
562
9814
9086
11122
9818
795
9820
5424
11211
3137
13060
8212
6820
9830
9831
8341
10915
9836
9837
11442
4385
3131
3435
4956
6262
8808
4174
4028
11598
11751
8145
3593
3707
9856
13494
4693
8884
905
5332
6084
3443
7076
7249
9867
5906
9241
4227
9872
7398
6266
9876
7525
5355
11641
6275
9884
2576
7868
2445
5633
3421
7598
10937
5901
9895
2697
2470
2611
3393
8066
9532
9903
9904
5029
6868
10573
6091
9318
8682
9911
6246
9913
4333
11768
9916
6110
4429
5058
8158
1807
3350
6196
6769
898
9930
4310
9932
13966
9935
4604
3755
6007
8805
10209
9946
7957
4164
4772
9951
6408
8799
9956
5381
5699
9960
6214
11868
5246
10646
2188
6033
10275
9972
4982
9974
10020
4964
6481
9979
11061
7166
11029
1242
9985
11481
9987
7762
2108
9990
9991
11764
6162
8703
9433
9023
9999
8124
4216
8849
9202
10008
2999
13318
8658
5624
11881
1891
3930
10018
3031
9686
7911
10024
9750
3012
10029
10640
4380
1790
10035
10036
10408
467
3377
10041
8264
11231
10046
4288
5712
8099
3928
10145
10053
9753
3329
10112
10058
10059
4435
59
8941
7231
9253
11571
8295
1968
10453
10182
4825
8204
7714
3136
8405
11814
3528
7743
2903
12299
10091
9459
2774
83
5178
4711
14043
3907
6752
9272
10103
5376
8640
10107
6191
10113
103
6066
2472
10117
10721
10119
9742
5721
1217
10124
3965
8580
4345
5647
10130
11550
11729
4165
10134
11761
10136
8985
3411
10139
4014
10142
6828
10052
10147
9678
7638
4084
10151
1438
769
11082
10157
4639
10161
12889
10163
10164
1956
8063
9422
7205
10109
7763
5167
20
10174
10176
2509
3510
3247
10070
1850
3837
10186
3408
4838
8791
8155
10217
1629
10198
7270
12445
9821
10202
6882
11483
3913
6453
9945
9516
5191
9671
10216
10194
10218
1287
7589
8993
8014
10224
7926
2184
24
11360
10232
1004
484
10660
2257
8198
7345
12037
6746
5141
10243
10244
6207
6619
11206
7666
5409
5766
10323
11008
10825
3780
3559
7515
6582
4551
6385
9651
6149
5375
10267
6096
5229
5611
8590
10272
8506
8643
9971
7137
3785
6085
10280
5162
5199
5186
2931
10286
7755
2502
12393
3623
9030
6158
9247
10296
3696
10298
11050
5675
7132
10302
3389
10305
9223
4747
2320
7421
10310
5792
10316
2266
4487
2744
5534
1445
10253
10324
8584
6127
11423
6895
10329
8083
4556
7803
5917
10335
7374
5413
3708
5601
3770
7885
4261
3095
7601
8762
7750
4257
4346
7190
2166
8520
2897
6350
5270
10365
10367
4527
3776
5861
13225
8354
4206
11603
6029
10378
5977
2779
6664
8554
7694
8909
13567
2910
676
10423
6160
4988
5390
4301
6505
6365
10397
9543
5686
5858
8447
6826
7003
10405
8770
6825
5744
10410
1471
7616
5366
563
1527
1993
10466
10596
7304
9975
2837
10428
7618
10430
10432
4831
10434
10435
10436
6737
10040
3676
3988
7655
10953
10443
5885
2279
13649
3773
2607
10450
5831
10452
10069
7716
10455
4553
4406
3587
8311
10754
11631
10419
10295
7415
284
3586
5300
6621
13102
6124
4038
6039
321
8806
5750
292
1877
7827
5257
14203
7401
5158
10490
10494
10495
26
3226
3935
8408
10501
11919
10503
4800
7760
8182
8058
5210
5983
6519
9424
8607
3111
1768
10520
13342
10522
6304
10524
8174
5839
13383
3172
2002
5484
2944
11537
5914
2998
1659
7303
3852
4548
6943
10547
3518
3777
7471
4848
5103
2833
6581
11511
2192
9747
7846
4759
2674
5572
7524
8822
5757
6465
8585
7035
7369
9907
5006
9238
10578
2403
10580
1056
11766
10583
4917
6757
7387
13362
8954
3324
10590
5471
13191
4036
6469
5487
10420
10662
6303
10601
2301
7025
2541
2873
10606
4987
9024
6020
5547
11307
11464
2619
7988
3554
4559
1409
4545
1466
10624
5719
10891
8369
7411
7482
7040
9114
6814
5493
10638
8522
10031
7745
5895
9967
7636
7283
11519
10650
3954
7740
6963
7891
10656
12064
11586
8874
10236
3264
10597
7253
3194
11690
3884
10669
10670
4143
4201
10673
5981
9465
10677
6333
9696
5531
3606
8516
10684
9589
2275
3484
6652
9371
953
3127
2912
5209
565
2289
720
3581
3416
5723
1003
2522
5773
8290
12518
10713
7707
9521
8289
11021
9257
10118
4493
9938
6134
8165
6027
3366
10728
6058
2165
6941
3205
7497
4431
5545
13324
5350
10741
3331
7872
5837
5832
11653
7335
8335
10462
8688
10756
10757
4230
10760
11627
1149
4252
5827
3249
3092
13007
9103
3169
2397
8734
2140
3932
10775
4801
9143
1078
11203
3054
5620
7425
3474
13298
1286
3924
5817
12139
10793
5018
10796
1774
199
8240
13450
2732
2448
8956
4927
8508
9294
8819
9654
4225
2367
9761
9139
7442
6639
10828
6206
3948
4481
10833
8046
6740
9490
5187
6503
10842
6541
6867
7468
5704
10847
10848
6772
5086
7004
11095
970
5659
5440
10111
5216
8030
3014
3710
5725
5232
5133
7620
6009
8181
5012
10872
1485
3659
5102
5303
2259
7071
5470
9547
5799
10882
3030
5372
6796
2845
9653
6285
5021
10626
1815
4714
6131
10037
10899
9372
3165
2175
7734
7129
5998
3493
6776
8279
3320
2142
3861
9614
7501
9835
10916
3354
4241
6046
5386
10921
5115
10923
7041
8122
4332
6803
8310
6140
10930
4565
6420
1878
10935
1937
2610
5871
1746
3824
12585
3981
6476
1802
7840
9488
10952
10442
6800
11554
10956
5134
5765
749
5714
5139
5796
3989
10966
7084
12168
1230
10668
2919
8748
4569
1640
10978
10979
871
10981
9965
4002
10984
10985
7928
4668
3227
6638
7653
7701
9506
12056
5188
10997
9170
3229
7271
5592
1077
7161
5130
3813
10255
2960
11490
11013
11014
6434
8717
11018
3605
10719
11023
11024
3348
11026
7912
6118
9982
4784
837
7136
2252
11034
11035
11036
6165
8898
3487
5822
3550
6812
11044
6296
3105
9472
12303
10299
11051
11053
7454
3810
3921
9167
3210
9980
11062
11064
6276
8299
7131
9402
8814
6714
8970
12311
13787
7094
4178
7784
11077
11079
10675
4099
10156
2122
6449
13839
6480
3424
6301
2307
1047
5672
4472
10854
11096
6297
4804
7599
9617
10714
8268
4876
5971
3258
13108
4213
7757
11110
11111
11113
11114
5340
11116
11117
8518
6712
5668
6218
1961
1914
1030
7437
9616
5304
6395
8756
2646
11132
9171
12235
3829
4179
11139
4709
4990
4723
8838
11144
2635
6502
10254
9042
11149
9261
6637
731
6726
9407
3360
1840
11159
7080
5809
4005
4396
9693
5148
8810
5511
6877
5894
1118
12670
3523
11370
8084
5807
3118
4684
4588
3633
2130
11185
9473
11187
3325
9211
4582
3805
5703
7197
7194
6051
9002
6684
6786
2383
7925
10779
6785
10249
4326
9305
13139
9788
9823
2530
6532
7062
8104
4017
2781
6115
8395
3000
647
10871
5397
924
6349
10044
461
8003
11583
9953
6540
6427
3853
542
6647
8327
1805
5836
6923
3669
13180
5638
3403
8088
6734
2013
7313
1886
2103
4314
11270
11271
4939
2928
6927
11277
11455
11280
4039
2558
9311
11286
8224
11458
3866
3781
2996
5055
8092
4845
7518
11297
5168
3199
3184
6830
9041
4117
13001
7481
11310
4995
5897
2656
3041
1868
3457
8486
8567
8059
7416
2179
4410
11327
1280
6872
9817
11331
12951
619
5680
5519
258
7317
11340
11341
12631
8619
2988
2520
879
5570
11350
6102
8443
3314
4680
2508
7959
4827
8959
10231
3876
7691
5396
11730
11365
2112
1530
11372
11373
40
8981
3086
5119
11379
7739
5297
11382
11384
7432
4103
6592
6829
5724
3725
4353
6125
3381
1712
13767
9069
3104
1498
4265
11409
3536
4343
4357
8923
5925
4064
7466
6909
714
1930
7314
7241
11426
2113
3966
1732
11434
11435
11886
1467
7034
2340
8389
11441
3584
9207
726
9390
3834
680
9576
1414
7842
11279
11456
1777
11288
11460
11547
1929
10615
1808
8529
12724
8228
11469
6544
5371
8257
7894
5110
7065
8070
5694
8403
9986
6539
10205
4024
7720
5225
7900
11011
11492
2131
10740
8360
2941
3477
7301
11888
8266
9220
11503
2106
3839
6456
3252
4366
7487
10556
2216
3187
8207
3301
11662
10649
2650
1168
7002
5016
2246
6695
12118
8179
10553
10355
11531
3317
11533
4534
10539
3636
9507
4579
6608
12371
1792
5582
11461
4811
1157
10131
6618
4631
10955
6021
7117
8317
4928
11559
4504
2174
11563
400
5436
3602
4581
2035
10065
11572
3885
4765
873
4444
11578
7498
12783
2085
4562
9210
8629
9068
683
11592
7953
7807
3057
273
9851
2249
5259
3600
6472
10376
1913
2519
2411
11608
4109
6379
7276
4309
11615
4823
6055
9115
3960
6241
11623
5212
13207
7407
10761
2783
8854
10465
11633
7766
9172
11636
11639
6325
11642
4903
5830
8504
6257
8706
10748
2584
4077
11656
8507
2588
8866
5794
11517
5198
2262
6024
2572
7531
9496
4340
11673
4268
7488
5220
8312
3069
8210
4973
732
4821
11683
7085
3001
2800
13137
1234
10666
8273
7579
4045
4384
6081
9838
6871
1737
11701
3180
4971
2743
7859
6026
6462
8744
11712
7909
8478
2396
306
10658
4701
9700
1512
11723
3310
885
6073
5793
5554
10132
11364
6463
5345
4878
2551
11735
673
2987
2297
3020
6446
11742
8114
7334
5635
5395
6213
2285
11749
2190
11752
11753
3711
5916
787
4805
5679
7744
7252
10135
9428
693
9993
4612
9915
5903
6554
2758
3842
3344
2486
3923
11777
305
3153
4131
7111
8345
6077
3793
5197
7235
3399
3006
4130
418
4730
2473
4634
9084
1545
9112
11806
11808
8445
582
8632
9386
6934
10080
11815
3274
10752
13625
11821
7322
6321
11824
3552
3160
9757
5685
5325
3643
6397
7905
8559
4935
4919
4391
5378
1109
11841
2962
2270
3478
4904
1606
3512
11851
6596
11853
6646
11856
2434
235
1317
5860
3945
2612
12749
9964
6537
5147
4475
1848
6353
2918
5949
3692
4277
10015
4448
11883
11885
11500
8626
3524
5991
5387
5228
1130
4842
11901
12626
12289
6819
2366
6014
980
4270
6338
2054
2155
2139
7704
6661
4513
10502
3171
13985
4294
7944
1713
2742
9690
9454
3262
2957
5690
3170
4063
13582
4629
6693
7667
11938
11939
8627
4415
839
11943
2765
7693
5738
11948
3379
8769
10475
9057
8421
2455
4377
4202
1797
6607
4816
11962
11963
8035
8415
2990
6146
3543
1335
2538
2178
6832
11975
11976
11977
6468
11979
1134
11981
8947
11236
7130
5420
6429
9070
13110
3895
7456
11992
2498
8164
2885
7453
5338
3306
13722
9442
12002
12003
12004
5098
8577
4463
12011
1173
8517
12015
4972
3450
13481
2207
1407
2416
4896
6641
2402
4524
3662
7008
7732
415
3892
3251
3914
6161
2264
2958
4490
8812
7847
3618
7643
6268
4291
7292
1558
6264
3872
10657
9871
5711
2243
2088
2299
2310
3259
4425
6616
2977
3806
7811
4146
4247
8570
5241
919
250
12087
1201
8467
9582
9652
2261
7668
5595
6945
7794
5928
12102
1120
12104
1896
8437
12108
6174
6809
1734
5192
12117
11526
3841
6187
5589
4407
6106
5505
4881
7086
12255
12132
2265
12136
6651
10792
10025
9610
8102
7767
4523
5085
5401
5733
10057
4860
12152
4742
5260
4181
7514
6204
3476
6630
7644
6440
12163
9065
8440
8139
10969
384
3582
1748
12172
4899
12174
8004
3509
1332
543
12999
12278
2863
3700
8876
10467
8326
5346
4221
592
3615
12192
4065
5364
5190
3228
9567
820
4617
6570
8541
4954
5684
12206
8617
3794
12209
1981
12903
7822
6718
5791
3123
8027
4958
6669
4866
6356
10390
4654
8241
3446
12113
5615
11135
1442
12237
1370
4610
5763
6225
3102
12244
2154
12246
3880
5695
577
6795
7218
4692
12131
12256
4159
2930
4250
10289
4453
8792
4992
1705
4418
3667
4248
13959
5072
6987
4819
3634
10582
1453
12181
6119
8107
8419
3087
4925
4614
5603
11903
1398
8023
5867
6997
7100
4286
4770
10090
12300
5772
6231
5656
140
2876
1670
9599
11072
5561
6398
4739
12766
8587
5494
1275
2627
6243
6636
12323
3783
6417
8656
12328
2041
3976
4911
5606
8446
12334
6485
4449
2512
8272
7116
2546
4119
5877
12343
12344
3065
11136
3514
5053
203
9190
3281
7770
6370
4177
1724
3458
1582
2816
4659
3949
8878
11436
2276
2618
12365
3719
12367
7558
4839
4700
9796
8188
12378
2559
2527
6928
4665
12385
3025
2716
1063
4320
1663
3398
2766
2328
1953
12398
8332
1992
5402
1139
7011
2260
1337
9429
12408
3241
2703
4769
8347
1559
4501
12416
4273
5473
5159
1508
6875
4953
12658
5864
3490
12818
2927
2661
4843
7474
10290
7854
3488
9782
1345
3847
12444
10200
6680
4691
3814
5636
4233
12451
3819
918
7532
6192
5811
6345
1892
6357
4855
6837
8247
4163
12466
3141
22
1084
2205
5020
10802
125
3437
304
5961
1994
12483
9852
7093
8686
5135
6396
3825
874
340
4043
5431
6921
1874
3037
5821
2917
1361
8205
1751
2796
6922
7584
5160
5010
1097
6043
3613
6360
6344
2786
3429
3969
2126
7352
639
999
5651
3531
12535
2652
9692
5850
11666
2620
5702
4062
8459
4897
7320
7382
3428
8926
4194
4058
1789
5530
3915
5688
599
8498
12564
5062
5930
7259
12591
2466
9812
896
5126
12575
7845
3029
5313
12581
12582
6972
10945
5995
3604
4334
2324
12568
7768
2409
5749
5637
1847
902
3642
4955
2899
4223
6075
5235
6198
8159
3868
2642
2643
6401
8007
3039
12616
2500
8798
4844
5067
9649
1638
7690
8716
11342
4242
6294
12634
1711
4051
6391
1695
3409
5091
10491
5463
5940
2313
5027
12872
6500
1446
1793
12745
1838
1229
12428
3482
5652
4511
5549
3400
8561
7873
4741
399
5762
11175
7556
3938
5568
1219
5905
6451
8105
4721
3076
8227
10389
2954
4299
3660
4446
12688
4914
5001
10240
3449
9046
8911
7955
1685
5080
3220
7258
2364
4369
3242
6843
12710
5203
2036
6308
803
12924
12718
2832
7108
6523
5404
4260
11467
7675
5052
1978
2829
1917
3653
5813
3831
4872
908
8218
6827
4471
9509
2135
12655
5253
5818
12748
6474
4737
7477
6067
7078
5142
5114
12983
8490
10327
906
1824
11664
2606
12315
8813
12768
3741
4552
3871
4145
7189
12774
3706
3903
6929
6316
12781
8503
5590
8401
10616
4879
3855
5045
4492
13030
12793
3817
2274
5824
4602
12799
12800
7289
4622
4683
1463
4830
3423
10504
3007
6919
12811
4030
7508
4814
5722
443
5452
12431
2219
9687
5155
3116
12823
3655
4871
982
6135
8967
5840
2852
1817
7091
8281
8112
4367
293
3703
1818
6195
12844
6280
6886
6903
12848
6475
488
3248
12853
2803
12856
3532
5602
9695
9481
1433
3691
2222
4862
12867
7855
4208
1387
9440
12650
3684
3758
9337
4278
12877
3351
4998
7427
3454
12883
4375
2315
12886
1701
10162
2420
4082
12892
2904
12894
2330
1308
5425
13591
2879
7428
3045
5244
7677
8431
2651
7295
12909
4712
1909
773
12913
2768
12915
4110
3055
4543
814
2215
8895
7940
12717
3485
4509
14101
4445
13785
4434
3671
6692
6120
2168
3516
4780
831
5271
5597
8582
4363
12947
1548
6004
11580
2458
7058
2251
3646
6079
2116
4786
12961
4149
6834
5412
7634
4112
2016
6374
1855
2062
1103
3335
7238
3857
5311
3099
2809
1218
7208
8867
6145
12757
5559
7263
6003
9067
4219
1562
2268
2537
2303
2672
12997
12998
12180
6591
11306
7722
2658
10768
8071
3126
1846
5707
5804
6048
3775
1597
8712
13018
4081
1161
3983
4892
13023
6324
8752
1864
1637
1942
2227
12792
7736
13034
3515
11177
1007
3051
2644
2805
9762
1767
14034
13045
4891
9893
3560
4981
4468
9486
1867
13055
9380
5581
1605
2592
5035
5500
10810
3955
13069
2017
1264
3189
13074
3956
1196
5541
13080
2993
6738
1571
7627
13090
4284
2100
4572
9243
3533
3438
5752
9163
13099
8366
10474
3440
7274
1947
3545
11106
5761
12287
6811
13258
2518
2701
7625
1829
4946
13119
3663
7697
6858
13123
4877
1998
1842
347
2516
4840
4319
3222
3650
1924
12213
5333
11645
6940
7687
3573
4965
5042
4335
6080
13150
4626
7791
8197
9391
2185
4211
6958
6708
2924
4810
7505
2580
2359
4009
2355
926
9145
1667
13174
2964
2180
3585
1546
11255
3334
7929
5301
2477
13185
4012
8233
3208
10592
7706
2400
5574
3319
6655
2446
8208
6132
11688
8444
1469
4049
4609
13339
11625
2157
2625
1885
6840
4583
2460
587
13217
1256
8481
6182
3455
13224
7629
575
1421
2780
13232
934
2764
829
3940
2545
3236
7150
3733
8565
1759
10995
5392
4423
1210
6821
4829
2050
5416
3144
5604
7759
6176
3235
13261
7864
4381
4496
13265
4494
3951
3147
7383
2835
4997
3821
3461
4802
9444
9288
4704
14112
7915
14128
14
7683
5657
4648
4944
799
10894
1602
13296
2986
10786
4857
7104
5421
2609
13304
2181
5088
6430
1170
2031
13312
6797
9668
1668
10010
2245
5344
4729
1861
11542
6491
7217
3641
2673
13332
4450
4750
4190
1495
1644
3285
13206
124
1614
11022
4308
5408
2976
4411
7377
2571
13354
7555
13357
3353
2493
13360
4011
11453
13363
2250
3291
5629
4262
4229
922
5219
5583
2866
13373
460
5962
5195
3682
2734
5090
13382
12630
5524
5945
3625
4907
3345
121
61
3893
2395
13396
3718
7875
5708
8458
6716
4192
4240
4707
13409
6512
7410
7125
4813
9881
10497
10986
3340
2825
4898
1628
3614
1233
5439
7463
5718
2636
5248
4107
6090
6189
408
7786
1761
8745
4373
3475
5698
900
2782
13448
857
10800
247
715
5802
12324
1341
4141
4901
8973
4134
5264
2973
5819
4330
5341
3982
4785
810
398
3503
13477
4884
3373
12865
1386
3624
3195
2784
3714
5862
13490
2361
9756
9857
4447
952
4598
10614
11366
13501
13502
7737
7042
2144
2713
1523
2028
8575
1290
7479
3483
13516
9264
2375
7366
4414
1743
2902
7888
4042
3312
6037
3874
7949
4983
3407
2596
5584
3894
2199
9306
8171
6881
2761
8841
7549
6635
5031
13551
3835
7030
4285
859
643
6232
4355
13857
3178
5151
6723
3079
11408
600
13569
3359
3297
2682
8729
9092
2614
6973
4000
3929
566
699
11933
3752
3232
9284
8180
9107
1634
1342
1863
12898
9839
1339
6959
5309
1728
9900
9522
6745
2683
5787
4535
7592
1243
1106
6371
221
68
6626
7293
10531
12120
5569
8583
3995
1646
2334
4412
1038
3384
5880
3019
1982
4924
1476
196
9511
98
5435
2603
1155
5215
5453
10447
2336
4008
2739
4016
3223
7121
5640
1266
1355
5288
1394
9759
4713
8671
2532
4387
2956
4239
13676
5285
8775
6221
362
3971
3071
8500
4459
3149
1468
6292
6802
7908
3736
13696
3887
945
2263
13701
475
1920
2101
4280
1657
4906
4142
5848
3234
1190
13714
4055
5003
6290
1377
2826
12000
4114
534
2729
6915
2389
8436
3469
6069
4731
3346
319
13740
3644
214
8797
2877
5565
1365
6689
3759
8398
7365
10028
4889
2995
4822
13759
4615
197
2492
3558
4249
394
11400
5177
1194
2304
7237
6114
2000
5562
1569
3990
2714
1228
505
2491
5419
9321
11073
1553
4259
1828
13792
5523
13794
3023
7671
5732
1682
13800
3303
3765
5462
6862
3798
5032
7475
7146
6049
4795
445
11209
3970
7622
8933
1320
8461
2726
4673
8080
5068
525
4148
3632
2162
3036
3854
7782
4951
3265
3266
2550
12018
5621
791
9639
1623
1399
1999
13847
2846
1694
7067
3096
4530
4386
7160
13562
780
5287
9417
123
9136
13799
13869
9185
4498
4269
3286
3433
2382
2387
1462
6201
1334
5528
1151
9071
7502
3243
1235
1898
2905
101
3410
1464
3406
7512
5705
4664
2989
1541
3277
12374
3166
1000
1772
2680
10347
3088
6281
3527
13914
5891
7976
3772
9669
8921
9697
5820
13924
4912
4172
4613
13929
3803
4771
1526
1873
2234
3263
5268
13940
8173
5660
2378
3816
6579
2630
2177
8132
1353
6765
13951
1081
3761
5967
1440
3672
12271
7626
3186
2647
1420
9933
6095
13968
1532
13970
620
13972
544
2707
2708
4669
2076
878
3117
13981
9452
5963
3939
11921
382
5491
4317
1146
2639
1265
2255
5483
3607
2526
7203
6458
4902
1098
14004
9593
2767
2053
7257
4272
7286
3744
1515
3569
4962
1486
5347
1032
3188
8162
7656
6019
5587
5231
9359
5941
5488
4586
3341
13044
4678
8252
5352
8616
8275
5077
8334
10587
4640
5778
1810
7594
4157
12265
4161
1518
1212
2802
49
5024
14062
2335
3724
6484
2634
3115
8631
8060
6326
3670
2267
3183
1801
1356
1962
3575
14081
9828
1710
3481
2593
4797
910
9498
9736
1902
14092
7327
2159
3610
4793
5786
2723
2070
12928
1709
2161
2321
1831
2560
1633
6918
4076
13283
5254
528
2554
2014
2935
2040
6097
6748
1811
5017
6631
636
3686
2854
3318
2452
2819
11915
754
6052
3538
5529
3603
1114
4812
4846
735
7607
4298
4557
14154
1417
1254
4778
5469
6442
4220
462
3085
3701
4478
3338
14169
4128
1269
5951
694
7147
2772
14177
14178
8125
4152
14181
1722
2972
8825
6416
14187
6534
6277
3753
8392
1875
1379
783
3742
7596
14199
3697
4847
10486
2787
8969
6444
2510
6013
2352
2417
3275
5681
6355
1352
14215
5034
3721
4549
8292
6322
807
1270
1965
3401
4521
126
227
3830
4764
5185
14237
14238
3999
3113
2008
1616
8475
2171
1691
1991
1570
3811
6568
13599
4573
6142
7922
2208
3300
14259
9569
3986
2354
7384
4132
2717
965
4961
2568
2019
11866
6801
8754
14275
4624
3371
1791
4694
3620
8036
2042
774
6654
4807
4263