12270
13111
8929
11283
13068
14195
10692
12480
9840
14107
13878
13287
12176
14148
13431
14111
10061
21
23
10230
12267
11988
13437
29
13738
3380
12509
5913
12981
13653
8996
13902
11374
9949
13768
12171
12772
13301
8883
11740
14060
13935
14166
14290
14155
11604
14126
6447
13852
14186
9192
13661
12430
14278
64
11256
14094
11381
14175
13957
13933
13464
14103
13975
13890
14171
9676
13681
12418
10095
14266
14019
10735
14022
13895
13954
13278
11358
14156
8433
13643
13404
13120
13892
13781
10114
14049
12700
12939
109
13417
14249
14007
13840
14122
12994
119
6425
13390
12713
13864
13340
12478
14232
10251
12738
7055
9425
14021
11242
14161
134
11223
14198
13971
13002
12306
14250
11840
12495
7597
8515
11437
12760
10219
13070
14247
8833
6153
13444
13273
14279
13483
12321
13380
164
165
10085
10895
14219
14223
13732
13903
13650
13127
14050
12953
13046
13276
13210
14287
14262
14230
12702
13979
14191
13104
13480
10039
11333
12405
532
13522
13640
13761
12976
10798
13996
11610
12349
12453
1333
206
13988
13728
4538
13076
14015
13609
13742
13442
13876
217
13346
219
13923
13615
6222
14233
13233
10086
13894
13351
13926
12565
11738
11858
13949
13028
13373
14042
12158
13773
14113
7587
10726
8763
11584
12086
4436
14201
1318
14193
12126
11908
7325
11629
12809
12363
11644
14095
12737
267
13976
8818
13725
11597
10203
14003
13558
13581
13790
14176
10753
14018
11338
12821
13837
14207
8383
14286
10417
10482
12840
13943
11347
10948
13991
13698
302
7658
9752
11778
11716
11368
13664
10143
7567
12189
14001
13952
13222
14083
1697
12149
10479
13607
8219
12612
12203
13984
14102
13468
10173
13989
13208
14196
335
11565
14077
13805
339
11654
14244
13832
14051
12356
10422
13128
13204
14251
10835
13797
13774
354
11980
14248
13833
358
14080
12636
13565
13992
11601
366
13047
14226
14216
12716
12446
14064
374
13267
11589
12012
13462
2461
11665
8636
13986
10782
12169
10717
10542
10470
12134
13135
13086
6988
393
13766
13622
13428
13475
11564
14146
10116
8927
13764
2501
10388
13656
12401
10678
12425
10730
14202
11890
14068
5748
12417
13579
10959
14167
13779
9450
14293
14153
13292
13998
13529
14289
12615
13958
13117
12490
13192
439
5812
9426
12816
13601
13814
12763
13114
9743
14125
8108
11299
13386
12657
11689
12395
14100
13374
14162
13003
13918
14182
10038
13568
9590
13164
13611
5444
13702
12067
13806
13148
4300
11520
12116
10235
13660
13610
14214
12851
11845
12277
10278
493
9749
11838
13862
13033
10758
14235
14224
12621
4040
12992
12990
13470
13257
11756
14236
10965
12936
13054
10897
13898
13465
9841
13495
13748
13498
13826
12972
14114
530
14234
194
13293
2694
13815
8843
13183
9754
12178
13973
12949
5111
548
12177
13531
11704
14116
13848
13493
7183
13850
14127
11334
14005
14069
13173
9813
10416
12648
10697
13580
11493
10485
14058
13051
12068
576
12249
14271
13817
11810
12902
7580
12227
13214
9886
14079
5920
13641
594
10576
12919
597
598
600
12890
13197
13230
10339
13341
13453
9038
13521
13130
9021
11527
13554
13763
12482
13071
9803
12804
621
12769
13561
10665
625
14292
9345
10814
13413
631
13305
12829
11316
12088
13365
12531
8881
14037
7605
11421
13395
14074
13106
11225
648
14143
14117
14144
11405
12346
13587
12651
13693
13662
13567
13708
3635
13020
13552
13668
12735
12250
1121
10154
12718
11736
12895
5356
9215
12290
11449
13536
5854
11591
11521
14059
4397
13603
11020
7563
11842
691
9049
11763
14173
13969
12099
11459
6975
13262
13855
12135
13916
704
12406
13048
5706
11691
7832
12330
10411
12911
11420
13454
3302
13838
13910
10702
13707
12497
8736
11445
13088
13891
9456
11153
11681
13960
14273
6851
3230
11788
10056
14276
13393
12977
11873
10499
7063
11180
6883
14109
14139
12764
14168
757
6038
9637
14040
12494
13901
13279
11861
768
10155
9410
13540
12912
14284
10964
13596
14269
14163
13859
10098
14268
11025
11599
12952
12597
14070
13842
9303
12971
9611
7797
14188
14239
10604
13182
11102
12715
13467
12982
14115
14225
11562
12141
7641
12353
9366
14165
3155
13798
12199
7282
12114
13248
13213
12377
11706
11315
13887
6577
12819
11031
14138
11942
11684
13716
13618
10369
8465
9262
13397
14054
12560
12109
13566
12756
12351
12785
13997
7178
12996
12462
13300
13873
866
868
11595
10980
11576
12486
8625
13697
11954
3043
5736
13600
8865
6272
886
887
995
13811
13590
6873
12573
13239
9929
899
13219
5881
12598
9740
12739
14056
14088
911
912
12706
9457
11452
13418
13504
12085
13457
13369
14132
11228
925
8394
13917
12958
13471
933
12973
13364
12762
10970
13731
13744
12520
13980
14209
12871
13807
13718
13496
10081
14221
13720
8137
14212
9732
6978
13022
11158
11241
12711
11263
12730
12530
12236
12905
8434
11094
12747
13161
9503
13719
12828
12914
7254
11546
13027
13563
11876
11909
13158
11767
13036
888
14075
10234
11309
12313
1008
13421
14086
14130
9438
13189
13606
12475
11371
12641
11614
13193
3295
12077
13154
8907
13963
7998
13965
14084
11899
11125
13451
14020
12791
13772
8772
13885
12514
13630
12554
11027
14097
7608
13863
4652
11678
13345
5118
12096
1053
7570
12133
10581
10181
14036
8968
6818
13314
12389
13092
13822
6112
10034
10191
1071
1072
13144
10650
12020
13982
11002
11092
12948
9389
12878
10178
12470
13407
12978
13415
13899
3731
13642
12019
12457
12193
14002
13166
6185
13266
7354
12698
12676
1105
13361
12505
9773
14136
13508
12746
13237
12632
13505
12103
670
12517
12138
13282
12935
1128
11383
13401
12614
7312
1136
13215
14052
13825
9584
12599
13226
12896
6879
6961
12021
5272
11548
13990
13646
14030
11549
11124
12704
14010
1163
13930
1165
7860
7243
4139
13526
13870
4488
14242
14265
13338
1179
13138
13358
14288
12842
13366
12274
9587
14023
13713
13598
10749
6210
3645
1964
13329
11574
11817
11700
1202
1204
11824
11078
12137
9854
13064
13659
14172
1214
11826
13043
10123
12979
12674
2689
11200
6179
10444
10631
12586
13780
10387
7029
12761
10263
11621
10557
11996
13352
12124
13961
12920
9984
12017
13190
13533
11085
13205
4859
13947
9898
13052
1253
7950
10742
12970
14098
13758
12709
13749
14229
3677
5038
13072
11512
13016
1268
13585
14227
13009
4085
14035
11944
13602
12628
12013
13472
13344
13872
7204
12570
13325
11328
7234
9819
13883
13512
13077
13778
10092
6848
11108
13169
12409
1298
13337
13737
5665
12954
11285
13537
13259
11857
8672
11896
13734
1312
1313
12476
14283
7665
13452
253
12541
13820
8388
1322
14197
1324
13831
10353
12539
9992
14025
11046
205
13372
9595
13784
13906
8362
11224
10418
12442
13905
13621
13534
1350
14141
10996
8912
11674
12183
8307
12893
13466
10242
10312
1363
12549
12538
8254
11509
2464
1371
5050
13355
13578
13408
11496
12686
12396
8914
10862
12870
13667
13645
9149
1392
11115
10439
4740
13375
12986
11457
13845
13026
12775
11869
12304
13129
13570
10508
11466
10621
1412
9527
11668
12527
13172
13229
6415
2480
11722
13040
11929
2238
10667
10011
13299
13900
6283
10933
14061
13387
13063
14028
10051
8244
10322
12653
10456
8065
12578
7520
10561
13782
1679
12975
14093
12028
13879
12610
11658
11431
10623
13689
3910
8203
14164
1473
13263
12617
13639
6857
13330
14006
1481
7856
7319
11524
10873
14017
13260
6859
1489
13937
6172
13143
10815
11406
14277
3680
9175
9735
8067
9846
11513
11971
1509
9897
13739
11843
14013
11543
14057
13594
1520
10941
13107
9950
12042
13821
13932
8965
1800
8271
13423
9037
9398
10197
13633
11862
4199
13849
14044
8784
1544
11803
13179
1547
12728
13079
13788
12572
2654
1556
12413
13249
11802
10820
1565
12744
13704
13777
11837
11726
12211
10929
13275
11402
8955
7983
11296
12357
12777
14071
8709
3053
13343
10138
12079
12934
13113
13530
1596
10000
11498
13760
1600
13680
12831
8903
13062
11849
12812
12778
12215
12900
11649
5912
12601
13635
11773
12866
6656
7537
10976
1621
1622
13844
13405
3577
1626
13449
10195
13835
6984
13289
13588
13097
10886
12376
13673
9445
14218
12190
9899
13626
1647
14150
13710
13006
1653
12951
10432
13678
10317
10358
11964
13326
12391
11069
13125
12140
13317
8282
10549
8242
12929
1675
13654
1677
1678
1456
6624
7902
12500
11831
12654
8840
11780
12876
14246
14152
10708
13524
12640
10106
1550
14240
13032
12220
12887
13067
13993
13927
11925
12635
11924
13875
7785
5013
12625
12806
1720
11757
12355
6602
11620
11532
11098
12325
5795
14065
9148
2398
5923
11427
14045
8596
12516
13384
12358
12566
12930
11638
9354
2479
11137
14009
11581
2861
12882
12524
14257
13242
11874
13439
4003
9845
10297
11731
11884
10518
9939
9890
9501
13907
14110
10797
10288
8400
11091
1779
12798
12638
7821
13484
12590
13198
13256
11795
10023
11607
11356
12345
3465
1795
10483
11958
11272
4075
1530
11911
9714
13928
11248
6546
9923
11465
9559
9195
14091
11033
11267
12941
7612
12835
11570
12687
12864
7404
4246
12750
10953
7705
13422
12503
9255
14105
11990
1833
9704
13771
13414
11860
12656
5099
5994
11391
6675
13271
9406
13010
12197
11872
10027
10368
12553
5360
7609
12834
12854
13756
8645
13323
13389
2030
12408
7153
12456
13335
8442
13236
11439
13974
11068
10258
1881
13877
13425
7458
5851
8934
13896
10016
13757
12360
8050
12105
13487
13604
12689
10125
13692
13751
13334
13042
12487
12072
11038
8869
10901
13151
12731
9268
9896
13528
9675
1923
13136
1927
13333
11462
9218
4975
10301
12780
11541
12264
2843
6263
11515
10983
12837
6208
12120
9728
11771
13922
12397
10961
12646
10426
10392
12899
11154
13170
9729
11412
13571
1966
13461
10068
14087
11806
5498
13627
12855
10546
13823
12690
11291
14067
13746
13636
12733
13176
1985
12508
13535
1988
14000
13584
12081
10319
10212
1995
11518
13126
13846
12874
13962
10535
5117
13729
12862
9203
13416
14241
13920
3448
5407
13131
11734
11538
12968
12795
8598
11850
4019
12910
11081
12059
13509
11707
13311
7144
11215
9144
11956
10911
2039
14119
12329
12063
3698
12293
13532
12562
13614
13252
12969
9860
13736
9968
2056
13096
3787
2060
6890
13073
12528
12499
6530
12773
13274
14180
12148
7999
9108
10584
13583
7878
12243
9940
10311
9770
11643
11972
8052
5144
2093
6865
10832
13884
12251
14089
13669
11414
2102
11268
8801
12471
11505
2374
9989
12808
7728
4118
11367
10877
12450
7009
11443
9099
12659
2121
11083
13672
13419
13682
9606
11184
8548
12212
12286
13812
12258
13195
13227
10773
13342
10525
8574
11055
7994
7735
14220
4098
12673
9483
11967
8908
12245
11913
11535
2160
13830
9329
10448
7678
13791
13240
13245
12161
12038
6457
11561
10902
8048
10537
11324
13177
12955
12826
8611
10229
14204
12415
12596
12319
13671
8566
12046
13012
10654
9178
10784
4873
12259
13410
8404
10975
10682
11385
8560
10763
5687
13967
11071
3919
2971
11880
10687
10337
13270
11319
11993
9466
8746
13658
5990
13589
12188
13939
12205
11157
9458
10326
3654
2237
1429
14038
2240
13308
14123
11855
13319
8620
12662
7310
10308
11830
11920
2254
13525
12225
10694
7965
12093
9157
13700
12035
8115
9877
12229
12555
2269
11702
13478
12956
11959
10686
3292
14282
9551
13675
11854
10151
11748
10733
11558
10701
11906
11488
8258
4289
13379
14055
7882
12069
2300
10602
13978
2305
12310
10338
9552
13152
14066
9129
12262
12515
3702
13804
12460
11404
9723
14104
11181
13488
9427
3673
8623
13546
12298
3496
10047
13679
6527
2333
12381
14063
12308
12204
11145
12380
2342
12797
11823
12198
6784
12473
2348
9395
13081
12084
9849
13168
5184
12927
11218
9563
13491
14285
11407
11781
11905
9137
2369
14158
11207
13735
2107
13518
10257
14032
11963
13515
2381
10185
12830
3749
12322
13075
5415
12504
14134
11425
8086
10017
10771
1735
9843
6681
10579
6211
9790
12153
2408
12593
13880
9168
5683
10564
10237
12501
14210
11084
10532
10252
13367
6760
6209
12252
12995
13520
5107
2431
11568
13015
13683
11772
12009
2439
12587
7877
11879
6854
11787
11212
10803
13624
12589
13035
11750
5293
2456
14160
9377
12558
7107
12725
1369
13912
2468
8832
8144
12309
10013
3016
13159
13184
8470
1749
1423
6542
9344
11060
2485
12888
13694
13936
12620
13762
13359
10183
11164
405
9265
12561
11759
12991
8994
9459
11204
11123
11089
6220
9193
5201
9598
10394
8557
9920
11605
7829
12938
12465
11273
10215
14183
11146
11059
13124
8423
13264
13037
13769
11687
2539
11667
9378
5169
2543
13476
12784
12340
4306
7722
12861
7986
12240
11422
12082
11927
12827
4752
3657
9931
14291
8667
7285
10909
11828
13085
4460
13353
13307
3452
8657
12664
9205
7170
8384
2575
11917
2579
13165
10944
11760
10551
2585
7945
8595
12669
8043
9959
11844
11978
7068
4867
11733
7255
9847
5927
13356
13254
11698
10165
10661
12382
10449
13302
10940
8068
12584
13576
11220
5514
4597
12543
12472
2623
13209
11703
10510
2629
13946
2631
14048
8381
13712
14106
13688
2640
7960
12609
9179
12200
4966
11131
13964
3372
14217
7379
12907
12537
7050
12942
11313
11474
12434
7465
8184
6518
9062
8493
6901
9341
9000
12092
11999
10562
6482
11298
10698
13908
4018
13705
9226
4914
2685
11243
10910
10088
13145
4205
13082
13953
9662
12136
5857
9079
12366
12985
12410
2704
2705
13445
9525
7534
13174
11470
13507
11004
2715
12388
10907
12850
3426
14099
13221
12937
13438
10083
13726
11737
13874
10801
9550
13378
2736
7660
5251
13506
12479
11010
10942
11497
5441
11617
11870
2749
7390
6967
13134
7350
12677
13234
3120
11487
13792
7884
13543
13280
11219
9370
12394
13391
11172
7964
11097
10343
13608
10094
13789
9612
13050
9275
10380
8085
11183
12926
8040
13486
13754
8727
13765
6042
8170
5143
11170
7434
2793
7921
7209
12297
12692
11075
2801
11167
12467
11997
13041
11765
7876
12843
10384
12007
10997
13398
8547
9384
10912
13349
14118
8648
2821
5800
13629
2824
11398
13721
9282
12032
12719
14029
2831
11816
10554
8373
10804
10425
13381
8953
11848
7219
1940
8568
4773
13648
2847
7332
8041
2850
11679
13612
9181
11074
13450
2857
7536
2859
7381
1754
2862
12337
2865
2867
13559
7288
11395
11120
10605
2874
12943
11694
13816
9313
8545
12078
12770
2883
7368
11995
5075
13203
12461
11818
12807
7624
5976
9556
2895
13983
13406
11289
10079
11096
11774
10089
11174
3129
2906
14264
2908
4458
9244
2911
8886
8634
12284
13211
10477
11388
3549
7976
12959
11063
12432
11274
10459
10285
6319
8685
12945
12130
12294
13294
2938
10256
7695
11396
10364
11811
13619
6154
2951
2953
2955
12272
7265
9983
10533
12857
10830
6683
8689
5835
7918
13435
13527
7033
14133
3897
5755
4195
13160
12803
12054
12006
7545
11337
8055
8256
9101
13297
5426
12076
9469
13105
13163
12314
11269
10876
13861
10541
9786
11686
9806
3003
7139
11792
3007
9436
11585
11847
9683
3013
10861
2475
12569
10836
7141
14096
13795
12729
12387
12891
13286
12210
10706
11399
10019
7260
8199
12577
11486
9789
11392
3039
9096
11314
3042
879
9746
13956
12468
13856
12523
11250
13039
6999
1586
10780
12917
9608
5540
6470
11210
10800
12339
11986
11281
8190
11099
13684
12645
5957
3074
3075
12680
12987
3078
12506
9603
7420
11596
10851
9248
11377
11709
13089
3358
9934
12845
10346
13851
7820
11141
9794
10362
3101
11801
11300
10643
14231
11922
10745
10370
10874
10517
12474
10610
4480
8980
12196
8187
13868
2757
3121
11290
12218
3987
8918
10931
10693
10523
2905
6166
9162
14281
3727
12191
8163
12347
14253
12100
3330
11477
13268
4575
7360
4483
11779
817
6629
11952
10172
9347
12091
4558
7719
10794
11362
12691
12701
10770
11931
11028
10471
5482
7869
9816
6122
6242
12933
3779
11410
6529
13674
14076
11302
14258
9927
5109
11937
8353
13399
11567
11472
10127
11301
13053
9670
7712
12712
12532
8253
10729
13547
9251
4869
9080
11650
4904
3214
12390
13455
11451
3218
12492
12644
13634
13133
10993
10498
10990
7749
10999
739
7611
11918
13103
13238
6494
13699
11889
6060
9283
12708
13888
8708
10175
3246
10180
12852
10766
10751
12031
12039
13303
10361
13511
11630
10032
13915
11928
13836
7837
11577
11947
6552
3269
10336
3271
13666
8044
10544
9788
3927
3278
14194
10958
9106
3283
4885
11660
12055
10934
9206
13388
12155
2276
6129
13549
1020
3936
11721
13724
14145
8450
716
13801
11804
11566
9401
12342
12129
3873
13315
8960
7201
11354
13167
6502
6930
13434
12392
9063
7462
6849
8047
10589
13889
4068
7511
10055
3145
9638
4675
13181
9713
11523
3339
14033
8842
12280
10291
10841
12836
8906
10785
9925
10864
10917
3355
14121
12583
3091
9566
8622
6722
8148
10006
8774
10727
10446
7020
13545
12839
7633
5869
6377
13841
11949
536
9602
11878
13631
8851
12989
12400
12411
14272
5623
7733
10655
14082
10599
10354
11791
11394
7296
13625
10575
13934
9281
13893
5984
3412
8300
8417
3415
6643
13171
9970
3420
9891
9666
9186
8916
2721
3427
13295
10248
6979
5815
9855
7729
5369
3436
5743
11129
3439
3441
11393
9864
7883
12424
2010
7700
10552
9454
2569
12779
9734
9252
4967
8120
9056
12960
13091
5726
1794
12372
13029
11134
10617
3472
13523
10077
8192
11378
10328
6998
9515
12790
10153
11969
11040
13828
11262
3491
14135
8853
7775
13955
2329
10014
6590
11424
5443
10504
12705
13025
8702
12214
11895
8674
8410
10345
14185
10128
12266
11935
10548
13802
4021
5124
10789
11176
9005
6793
7689
3529
13277
12534
10688
13095
3534
12643
9376
3537
11680
3539
8349
8351
11560
3544
11799
10570
3547
9323
2921
3551
13469
10619
13156
12684
12908
12276
9040
10096
4703
13132
3617
11142
4599
13250
14014
10625
12427
9524
7072
9883
1625
6248
10703
12170
5074
9536
10342
10427
13011
10904
12923
3592
8121
3594
9408
3600
11626
9850
12751
12588
6050
10207
12187
11311
3609
10613
12868
12526
13426
9580
9019
3564
12050
4150
13146
8888
10122
12576
8711
9246
6062
13865
8738
8278
13829
13432
10033
8847
9510
12414
7376
8177
13741
1195
5255
9480
5063
4555
12359
2236
2558
3658
8666
10831
12026
6759
7446
8963
12894
12269
13931
11253
9479
11871
13376
2325
9924
8243
6074
1262
12661
12222
1501
6744
3683
12873
10293
14131
14012
13775
5310
12647
12863
8935
9727
4608
10117
13463
3231
8704
11987
12841
12776
9635
10206
6758
9047
11754
13093
12794
8591
13057
13446
3718
9212
8555
10684
9797
3138
11260
1091
12672
7808
6015
3737
13200
3739
8045
8492
12288
3974
11016
12512
11475
11813
2386
11594
12603
13253
12241
9937
11618
12637
9307
9409
12789
8823
11991
12679
12604
3766
3767
3768
12384
8614
3771
10101
7346
9353
8715
4461
4874
12606
3179
7447
5742
6823
6572
9574
3786
2059
8600
3790
12525
12335
13882
13456
5872
13519
10245
11192
8761
3807
3808
6411
10889
10559
9118
12253
13913
7159
13944
12073
7435
12452
5825
13021
10325
4837
7262
10177
12254
12437
10072
11745
7321
13482
4826
11448
11318
8655
3838
11506
7541
12122
7812
9135
3844
11245
12443
10987
8101
6733
10458
9455
11205
10515
5874
10618
3858
7280
13605
9297
6387
11675
13328
10530
4013
11165
12061
3309
11387
14206
12386
6742
9416
8246
7747
3884
3886
10939
13433
7630
12182
13394
10957
11569
8714
11233
12511
6688
4407
11540
9449
10100
11525
1470
7774
3914
10890
12906
9656
13803
2213
11859
14085
11776
11173
10943
3926
3277
6898
6894
3931
10774
12782
7696
9111
3296
9394
10622
13429
9804
5944
8584
10276
10991
10593
8111
8733
11724
11575
6831
5037
9793
12156
4593
8262
13074
5428
13155
4106
9464
8352
10330
11661
12075
3743
5436
6920
13065
5040
8618
12551
9626
11227
14261
3124
11914
10572
9784
9100
12224
3993
9791
10695
3997
3998
12090
10888
7981
1762
4004
11163
7018
13652
4937
9741
10141
8454
4016
2022
4020
3520
4254
11484
11403
7896
4027
9609
10511
12125
7642
4033
10746
13038
9003
10722
503
11940
13368
8830
11178
12097
13269
12147
10736
11478
11355
12123
13628
4056
9976
12455
9554
9659
7158
14016
11932
11715
7810
3326
13783
4071
4072
5236
1799
11655
6704
4855
13019
8005
9333
2018
11945
12964
10133
4244
4092
4094
4095
8074
2148
12944
6719
12301
11258
4104
7175
3967
13370
4108
12916
4111
12967
9260
12714
4115
8809
11305
2111
14004
9374
4123
12217
14267
14124
14170
11793
4131
6141
10009
9719
6306
4155
4137
8259
4514
13458
13709
10671
8505
10900
12080
11216
12962
12726
11261
13084
6126
4136
10160
14053
8845
9962
12697
9661
10082
10204
10568
11898
11032
12602
12754
6452
7439
4176
11056
11138
13767
10818
13284
9634
8948
4185
8308
7340
6634
12435
4193
9053
2975
4196
8790
6318
4200
10672
11957
8606
4204
2692
12295
12869
9774
10788
11875
11344
4638
10647
8301
5112
10954
6121
10620
4228
12918
7459
12965
7569
10146
13078
10918
9301
12796
1822
10859
11193
12336
10233
13919
4253
14031
11361
11825
8890
12723
10171
11651
4682
9842
4266
7472
11103
9865
10509
10399
11265
12420
4274
13473
10857
12444
10813
13706
12399
8766
4284
10300
8646
7357
2294
8318
10759
12029
9650
13218
7778
4627
480
8735
5986
13427
6448
2547
4307
9523
10906
4310
8178
4312
12283
9604
6418
7045
12112
4318
12897
11182
4321
4322
11710
11832
6939
10799
4327
4328
9914
8743
13147
7680
7721
4338
4341
4342
11413
7779
8920
9477
4348
8974
8804
4351
4353
7866
6610
9201
6487
4359
4360
7819
6438
8474
6603
10451
11770
12707
9583
9061
11762
13441
9332
10239
10221
9710
4382
9130
12146
14263
9081
11676
4601
9349
5609
8432
686
12089
13685
7654
14108
8860
6394
4405
10415
3904
8110
11326
12600
4413
12652
4416
12268
6041
4603
12624
11891
8698
4426
8930
11169
6584
13858
7602
4433
10060
11240
10984
4440
4441
4442
9665
11882
11912
11789
13412
12454
11196
8900
13677
2909
13687
2566
3776
10004
12008
10883
4758
6835
4467
12049
9565
4470
12742
4472
5266
9952
7344
11001
12318
10012
3114
7543
4525
3908
9491
10764
1939
9768
12668
10869
10681
10927
11732
11349
6960
9862
8868
6904
9922
13553
9351
9537
4508
10829
8098
11758
6155
9800
4516
12922
5774
8485
4520
6949
12545
4482
9699
13175
4529
10463
4531
4532
4649
7048
4537
2696
4539
4540
6739
4542
5713
10371
7844
12448
10545
4549
12025
6237
4553
7559
3651
10332
10932
3163
10269
9387
4570
9607
13310
4564
7110
13560
4568
10974
4561
8479
6913
3148
5389
4577
13655
7777
9309
12375
12165
6499
10514
4589
12110
9844
12699
4420
9657
5972
2617
5993
3567
4421
9936
8731
9338
8786
12239
10893
10196
7307
10868
6023
6957
12802
14238
7405
8534
4297
13752
11934
8658
11552
9588
9008
8873
4217
11800
4687
9999
4645
5193
11428
13291
4533
1048
13794
6076
13711
12694
10042
4663
12721
10863
8249
5475
10989
8856
12931
4671
9751
9352
4044
7222
5316
4679
10097
9542
4263
10395
4685
4686
5553
4689
10705
12447
14280
6847
7833
5101
13321
3561
9748
8374
8593
12370
7388
4710
9031
12815
10896
7138
4717
4718
11951
8741
12507
7974
9553
13251
4728
9780
13703
8013
5952
8019
7330
11628
4738
11836
1395
12667
9601
5989
7358
8457
4746
11293
13049
12233
12207
14208
8990
11473
8069
4757
8091
13827
5354
11582
12847
9434
10840
9622
8221
5520
10563
12034
8789
5093
2845
4774
4775
11471
4777
14073
4779
12940
4781
7336
10630
11508
9548
8106
5276
13542
10919
13813
12752
4798
6216
12279
10776
8651
12519
9560
5247
6405
13548
9873
9745
13247
12814
11961
4817
5207
11637
6320
10341
10638
3833
6965
12849
11336
14078
8758
6123
4834
4835
13255
3824
10190
12016
11807
4841
12685
11985
10875
11295
14147
10967
5206
4849
12496
4851
4852
6615
4080
8859
11429
1249
12151
4861
8324
4863
5965
6064
9827
2596
4870
2198
12095
10282
12642
12788
4880
10402
4883
12904
3284
11463
5305
5071
13371
9316
10550
9361
13945
6951
4895
12058
12547
12173
7606
13459
11719
9822
3212
12421
10826
13460
10262
12331
9644
8064
2684
4915
5400
5239
7793
8535
13290
6517
13638
12285
9066
10806
9446
9600
12128
7761
4933
8350
9155
4936
4010
5204
13592
8342
11590
12755
10585
13118
10837
4948
7021
12879
7990
11692
7781
7452
4959
4960
12195
4963
11555
6992
4970
11476
10922
1931
4976
8093
12174
10440
10739
10946
6573
4984
7408
9781
10607
6516
14189
10790
9304
13420
9302
10731
13272
6941
4999
5000
8288
6403
9140
8594
10574
13443
5931
7603
8589
10870
1716
6569
5314
10264
13995
6606
5019
11510
9122
5022
6245
6698
5025
10359
10591
10795
5030
13550
13808
9887
11037
9494
3959
1263
8348
3979
9269
12162
5044
10881
11865
13216
13994
1373
8451
11685
12348
5054
11292
11537
10926
12859
9615
5061
8438
5064
13101
9712
9682
5070
11468
8320
4374
13665
13014
5078
8231
10710
10063
5083
6971
8647
8771
6181
12219
12332
4772
12186
5096
5097
1839
5100
4698
8652
9994
5104
5284
9334
2429
3187
10250
9460
10744
1051
10489
6269
7600
13503
7717
3648
5125
8511
13755
5129
11005
5131
14011
10866
10481
10105
6053
7792
6443
12510
2790
8053
5146
10783
10711
9199
11786
13564
5892
8694
10528
6374
12423
8814
5161
11672
8325
7396
10281
8189
9504
2542
8319
5171
12477
5173
5174
7331
5176
9419
13818
9249
9343
9012
4991
10283
9291
9619
5189
6911
9180
12115
8863
5196
9942
11663
9625
7287
2514
9585
4938
13733
4848
5908
8542
9087
8904
11624
5612
11846
13647
10856
12440
13149
9926
7133
7012
5224
7968
13005
9755
10048
7051
14027
12022
10653
4073
6633
5238
4917
8537
8206
7316
11973
10438
4805
13385
8209
11076
2738
10148
10441
3943
5256
8509
10778
11600
12154
8599
6943
5263
12379
10304
4888
5875
8635
1152
12883
7362
7302
9356
10284
5282
12488
5105
12263
5286
12312
9231
5289
6702
12634
7402
5296
5297
5438
8721
10472
7982
11375
10445
11128
5409
6402
5370
13595
9379
8223
12580
5015
12048
6781
11363
13904
7818
10352
9270
5324
5326
5327
11677
5846
9861
12974
5334
12732
11998
13313
6330
12734
5343
9278
11389
12316
6054
5349
9859
9074
12327
12094
4761
4646
5357
5358
5359
1853
12575
11553
12194
9508
9245
5367
3521
10519
10884
7715
6508
10266
11450
13320
13122
6556
11494
8700
5509
10002
10920
9642
9414
10393
7699
13008
12703
11746
10400
7226
8597
4916
12722
9094
12491
5306
5410
11093
7828
7202
2390
12950
13494
13690
11087
8294
12005
7535
3456
9020
3965
11587
12498
5432
5433
7229
13644
3975
5437
5298
8728
2746
3500
473
5445
8533
7593
7980
5450
8610
12817
12157
5936
7005
5457
6515
6757
9439
13440
11930
9678
8817
11534
13058
5468
14159
11057
8939
9641
9947
5474
4667
5930
5477
6279
9468
8049
5481
11815
10536
9431
10595
13686
13987
12145
11728
9050
10641
5497
13392
12144
8409
5502
5746
7375
11286
13430
5507
5508
5384
6755
9722
2616
12605
12247
4768
5522
13793
9707
5525
7962
10159
14142
10973
10680
6935
5973
5536
8966
6254
12613
13185
5544
12238
8287
9443
9951
12150
5552
4688
10225
13018
8001
5557
5558
10001
11696
11019
6644
13745
7092
7890
9988
7279
11348
5571
7216
8922
8787
6501
7043
14047
11711
13061
12469
11090
7898
5586
5588
11796
11284
5591
9198
7862
7916
5595
8076
8337
5600
12858
11446
7548
12234
7433
9319
4818
5610
5213
12074
5616
5617
13809
8297
5620
10241
6133
7097
5625
5626
7348
5628
11983
12010
5631
9052
7547
5634
10309
12449
9535
12783
11968
5641
7264
5643
10737
8061
9636
9919
12326
8333
5650
12533
12660
9809
13770
12678
6751
10421
13942
5663
1303
7476
13577
9463
7528
12838
11012
5673
5676
11401
11416
11965
7993
9534
2412
2209
8104
9375
10344
9605
10905
5693
11479
12248
10424
11970
11693
9958
5700
5701
12544
10846
7385
707
7978
14211
5709
6604
9997
4544
10962
5715
9279
5719
9763
12083
11329
11863
7932
5730
5731
7143
8238
6302
10637
10110
6838
8176
3782
3437
10409
5745
5503
7351
419
13717
7975
11275
9546
7300
2974
5756
5758
13306
13109
8397
9493
8250
5767
5768
5769
5770
5771
10512
6981
8172
6799
9724
7315
7341
13743
12513
10664
12559
12884
12502
11052
8864
1731
10073
5797
7637
9028
3391
5801
12727
9423
13347
9169
10208
654
12736
3432
12040
5817
9280
10487
7024
11041
6531
9570
12341
12367
5829
12521
10747
5833
2966
9322
5838
10279
12833
5842
8141
6199
5331
5847
12184
5849
12663
1885
6295
682
6495
2699
10401
5859
7756
13489
12429
5865
5866
5867
3376
9944
9090
3802
5269
6437
5877
11827
7309
11151
2681
8540
8660
10268
5887
8031
9966
10087
11514
5720
10201
10506
11232
10937
11312
5898
5899
5900
9894
14260
8638
9868
6030
5208
5910
9807
1613
34
10540
11755
10334
8009
2822
5922
3383
7210
10391
5926
2600
11640
6312
5476
5933
5935
10488
10189
12860
7232
11379
5320
5946
7126
11877
9411
4733
5953
6137
11024
5956
7467
5959
7137
12758
5964
5966
9646
9292
13447
5970
11104
4596
5535
11491
7406
2893
10379
11839
9648
5980
10674
9235
3695
5985
4303
6317
5988
4743
2648
11107
4598
1840
11834
5996
7889
5998
5999
9462
6335
9312
9004
8767
7037
11536
6011
6390
12666
12993
5454
8581
6017
8875
10606
12208
6383
4618
6953
10003
9273
6028
12439
8463
6032
11162
7578
9555
1540
4419
3596
11784
8705
9663
9263
13541
12463
3605
10049
5136
5348
9875
6057
9324
10210
6061
5418
8549
4865
13593
6068
11528
6205
12546
6372
5614
9221
11507
13013
13024
11893
7615
6083
9863
8642
6087
7294
6598
10356
6092
11864
9758
7460
14120
6098
9921
8084
11351
6104
6107
10812
7113
12221
6846
10982
9505
6461
8336
12574
8484
4222
4833
11397
4154
6127
7478
3293
8406
9224
13199
5622
10724
11485
9098
5954
6138
8750
8828
4132
14254
11593
12611
7857
6146
9908
6148
11682
7943
11009
156
3689
11000
8650
6159
9314
8901
9866
7149
6167
11352
12925
11320
1492
6955
6174
9233
6197
8494
6180
5089
11432
8489
8471
1100
11797
7374
13436
8995
9901
9123
6193
13327
11962
6196
6176
12101
5844
10500
8524
8270
11418
6070
12957
1946
2424
2864
2404
9437
11747
9596
7114
8977
11121
7540
2511
6221
224
12242
7796
6227
8603
6229
6670
7094
8316
6233
6234
13157
6236
4887
6238
6239
11187
3177
12571
11606
3579
6249
13137
6251
6253
5538
11923
11950
6259
6260
6261
6262
1941
9131
10700
13322
9943
5120
8502
8025
884
6273
6277
8525
5478
12296
12436
6282
1435
6284
6286
6287
10892
10834
6291
12633
11045
6297
8757
8679
5735
10598
8894
6305
4135
10646
12458
6309
9022
5929
7746
9095
13350
10825
5987
4198
2932
4820
6350
13066
6323
12552
9117
13999
6327
9110
8764
5340
6332
6333
6001
7440
9824
6526
10188
7952
9935
11984
12825
10307
14026
6321
7186
9737
6354
14213
8870
7951
6358
7152
7261
6525
6620
10791
6367
7662
10685
6072
6762
9681
8291
8925
6380
9240
8378
6385
6388
7007
6012
12639
6392
6393
9706
11659
10314
11557
6399
12064
11852
5307
5003
6404
4806
12493
10340
9575
3809
6412
6413
1422
11894
11602
8495
9128
6424
120
11119
9364
11276
13309
6433
10676
6777
5876
9330
8280
5138
7881
11741
56
5226
7206
12594
10167
6477
6454
11499
2173
11235
6459
6460
6116
6464
6465
11140
13959
10350
10594
3058
11198
12317
8393
11946
10947
6453
7899
11088
10246
2675
10740
6486
4358
7632
6489
8950
12781
6492
8719
3332
6156
10492
4587
11247
5576
3316
9618
6504
10169
6506
5741
6509
8684
10609
11712
6514
5458
4988
4220
10513
6520
6521
6522
9001
10360
6362
6432
2332
8167
3181
2066
5823
11214
11229
6536
8520
9010
11482
12030
10843
2481
7380
6545
1806
6547
9156
10865
8834
3267
8296
9954
5380
7327
6558
6559
12142
7713
6564
6565
7441
5014
7213
3784
9256
6575
9078
835
11867
11252
12813
4518
12226
9578
7367
3498
11195
6593
8601
11670
6597
6368
10938
9357
1725
5710
6605
5018
8695
7471
8862
4552
8211
8794
6613
6614
4854
10433
6363
10689
6622
8514
1680
10222
9948
6628
12159
11805
7682
5237
11511
8987
8765
8882
12023
8723
5023
5783
8447
11246
6648
7106
9627
9217
12292
13196
1618
11430
6916
6660
6661
13854
7913
10381
7861
7200
8399
6668
8519
6671
8462
6673
6674
1842
6676
8846
6679
10924
7155
12071
3903
13747
9973
13909
7252
11936
6696
5024
9064
5290
6705
6706
6707
6708
6709
13288
7628
9688
7825
11070
8037
13403
7450
12216
6103
7355
9403
3362
12164
8361
7550
6726
10035
8713
10247
6891
3851
11166
6735
6763
10558
4541
10838
8322
3878
7802
3681
8281
6746
9088
13722
9541
8364
6753
6917
5460
3709
3663
2422
6736
13950
9158
8303
9928
6770
10849
8430
6775
10908
6436
7267
12980
6780
5317
7730
2346
10914
11199
7112
8119
6789
8692
11003
9116
14245
12121
9632
8677
5778
10193
14243
11130
8826
8156
14228
9085
9161
7985
12540
10634
6815
8531
8989
12627
10887
11105
9977
10403
10144
12060
11303
3958
6833
10475
4466
6836
11480
6839
10858
8664
12223
9051
4696
3322
735
13977
13555
11588
1477
11657
1488
6860
7389
12230
6863
6864
2094
6905
13348
10827
6870
8701
1162
12185
12805
6876
8285
10699
7743
751
6884
8730
12846
6887
6888
12820
2061
6732
7172
6893
4429
7464
6896
6897
4355
9025
6900
2668
9775
11809
4502
6866
6906
6907
12361
6910
5190
9957
6339
9435
13727
6756
6918
12810
3976
10823
12368
13574
7397
6926
10715
12383
11994
3317
6931
6932
8602
10526
5853
11082
7412
13231
4998
5262
6944
11343
9967
4894
6024
6954
6173
6956
4620
12175
10507
4499
1150
6962
8612
7826
4827
6966
2751
8999
7039
8975
5084
10005
9058
6974
698
6976
9519
960
3431
6980
5775
10936
6983
10303
578
6990
4968
13796
6994
6995
6996
11822
3480
3173
7000
7001
11522
10404
10852
5456
7006
6389
12027
2117
12404
7013
10828
9160
4006
8103
4101
13142
5820
12047
7026
9698
7028
1230
13031
7031
7032
2970
13187
10571
7036
6009
7038
6969
8739
9298
5577
4316
8997
7047
4536
6750
6680
7971
7054
547
7064
12052
7059
7061
7161
747
8414
13098
2664
8021
10407
11910
7073
11155
7075
8075
7274
11960
11161
12489
10149
9693
9141
7090
10743
5566
10816
6231
7095
10923
8477
9441
7324
7103
8135
7105
6649
2462
13000
7966
4565
13235
6787
6109
6215
7115
9422
7118
7120
13657
7122
9771
7128
11744
11067
7132
5221
9308
7173
7773
5962
4715
8936
7142
2033
8456
13810
14174
6163
7583
10819
6359
4455
7154
7016
11835
7157
5153
3815
12057
7062
8116
8468
7164
7165
11798
3730
8978
6892
7135
7174
4105
7448
860
8536
7676
7182
555
7184
6351
9113
7188
11783
8146
7191
7192
7212
10824
7195
7196
11194
7198
7199
6666
3526
5414
12484
4315
6449
8831
8427
5924
7193
6571
9489
8482
5907
10412
2842
8371
7221
4676
9906
5397
9138
7228
5434
9120
5942
7233
1287
11790
8556
13102
9730
7239
11112
7241
10259
7245
8686
7248
9208
8072
7251
6692
11647
985
10565
14008
11109
12567
3032
6361
3950
9572
6850
3848
10260
11900
7271
9870
7077
7275
7849
7278
5569
9829
1272
10809
9009
2562
11648
5200
2869
11191
7291
10805
6088
11231
3402
13499
7298
5808
11440
6230
11551
10121
8265
7306
5163
7908
6410
2248
1135
9413
7529
5780
5243
11339
1483
12548
4366
8919
7323
7101
441
6557
7328
7329
5116
5175
2848
7333
11308
10750
5180
10648
9621
13941
5782
7342
7343
8760
3773
12260
11656
2754
5747
8082
1102
6720
11249
4288
4744
8992
3150
7361
5274
7363
7373
12743
6589
3486
7923
9237
8140
7364
6187
5504
9815
7378
2650
6543
5008
12550
8323
10659
5705
7386
10586
9799
7392
7393
10707
6113
6925
9222
10491
9874
10022
7403
1821
5975
10608
4985
9075
13411
10629
6937
7414
11179
11323
8793
3583
7788
7422
7659
9447
7430
7431
7432
5607
3574
4022
11126
8081
6336
6567
10454
7934
14149
13834
3930
7177
11666
7451
4957
6096
3321
13116
6895
2662
5958
11335
7470
6608
7473
5666
10292
6128
13513
7480
8827
8681
8982
8998
8768
7490
12232
7495
13186
10734
7499
8387
7501
11714
7503
7504
13162
7506
8783
7509
9405
6697
10683
12036
7515
7517
7518
10377
1453
12291
13514
7524
9878
8073
7527
7314
9300
8230
2709
5669
4091
1619
8661
11189
6219
6178
9194
4481
7544
2981
7546
5633
7148
10182
6725
7552
8637
8407
11766
12671
7557
11222
7561
8248
689
11238
7566
1054
7924
11631
7574
7575
8022
6035
8521
4983
12563
8232
7150
10158
11186
7588
10220
10928
7591
9872
6025
7594
7595
10915
9969
7848
5121
10348
5294
5010
7604
4900
14112
1045
1854
7619
3233
1816
7708
11390
6717
10413
7617
10429
7610
10867
13034
2892
11812
11717
13087
6711
10968
6985
9152
6488
3374
14151
7635
9826
8306
10126
7640
6094
10271
7645
7646
9795
11725
8129
9236
7652
11769
4400
8805
14024
9072
303
7423
2737
7661
6463
7663
12800
1316
10050
12053
7669
12695
7672
8654
7181
11203
8321
7681
6632
12875
7684
11981
7686
12179
10569
8028
11357
10845
2940
3934
13121
9514
6379
3867
7701
8676
3411
11017
7613
9048
7711
3202
10075
5373
5123
8946
3164
7720
4716
2548
7740
7725
10383
2110
6783
7731
4788
4512
12228
9731
9808
11380
7723
8130
7742
8279
6313
4140
11217
3416
10473
8358
9540
9007
7754
10287
5863
9837
7758
11583
4932
9772
9197
11634
7767
12592
7769
9146
9109
7136
4189
7817
4580
4296
4344
7780
4956
11234
7783
9990
5733
12282
7787
7421
9787
7790
12106
5137
6169
12098
9549
3298
10277
8370
7801
10333
7805
9654
3734
7809
4066
7811
4258
7814
9124
8225
5448
4362
5550
1782
10329
7823
9121
7017
6964
10484
2923
12921
8673
709
4697
7834
10644
8283
3264
9060
11516
12422
7910
4546
11433
9234
11211
7599
7277
7850
7851
8448
7853
12438
10414
6145
7858
11705
1166
6665
7621
8338
4354
9331
3174
7870
7871
12350
7874
9526
4515
8571
6444
2298
3444
2760
9941
9373
7887
11147
5567
7891
9495
7893
8195
7895
4026
10787
6659
6478
11489
7901
12759
13981
11833
7906
12557
7308
12720
7843
9512
7912
6713
7914
10040
5594
7917
5156
7920
5658
7370
7571
11201
10228
7987
10600
11530
11310
6431
7933
7935
8779
7937
7938
11008
11641
6150
7944
2586
7946
9624
7949
7484
10349
7954
9076
7958
2641
10767
5526
7963
3435
2260
7109
7967
5424
13400
11171
7052
8302
5321
7461
2922
8512
6663
9478
5543
5301
1579
10093
6810
5664
7927
7988
11307
4954
7992
5681
2145
11939
9779
10505
4302
2073
5556
8385
8004
4082
13663
8011
13336
5919
10223
13651
8018
5275
9125
7576
11608
8024
6271
11322
7691
8186
11718
5888
8466
9513
9388
9191
12988
8039
2783
5295
9452
3595
9694
3323
3392
5480
3377
8820
2091
5145
8054
9177
12323
8058
8059
14072
5645
10166
4913
1448
9421
1504
5406
6343
10777
7250
7526
5513
7211
5598
8077
8160
8079
13824
7438
7353
10331
6101
6370
2594
8087
11259
8089
8127
4759
11294
6778
8095
14043
9902
5886
8604
8100
4337
11330
7019
5688
4787
11992
2557
8109
4724
4305
11501
8885
3057
6788
4002
3593
10925
8123
8124
14179
8940
8090
8128
7650
7741
10891
13948
8133
7104
5056
8844
12167
7372
5843
8142
8143
2470
10045
7190
9126
3363
10320
8151
8152
10192
9882
8872
12607
8078
9739
12261
3140
10872
11043
8166
6528
8168
8169
2792
8171
6226
8175
7568
3643
4311
8179
13586
8181
10026
8780
2663
10720
8029
3313
8188
5167
3068
8191
11916
8194
7894
8196
13153
10238
3033
8200
8202
1471
10765
9913
6471
10716
10588
5249
8910
6611
9792
8213
8530
9718
323
13377
4767
10704
5312
11287
7816
8226
8228
7533
5079
7582
13188
8234
8235
8528
8237
5734
8239
10041
11619
1673
3850
5009
3957
13691
7562
4666
6562
8251
12045
3837
1367
8255
8585
2292
4138
11266
3963
8263
10043
7305
11058
8267
8659
6203
1715
12338
11455
9660
10839
8276
3631
7744
6440
6745
2167
7836
8284
6878
8480
5001
10718
8290
14222
8293
6422
6553
6331
8390
11066
4949
6767
11244
7638
1531
4187
8309
9026
10992
8314
8315
6232
8317
4474
5170
5073
7679
7383
4862
6658
10677
8327
9879
8329
11458
8331
8332
5649
14046
6117
5599
7864
8339
8340
9853
9733
10007
10662
12622
3818
4934
3542
5766
3192
8892
8356
11454
7751
8782
11495
6724
8363
7076
8365
13100
8367
8944
11419
7799
7223
8372
3637
11136
11612
7418
8379
8380
2884
6727
4958
8002
7500
1321
10202
8391
6474
957
9346
9893
7010
1776
9762
2201
8675
7554
10490
6224
8411
11160
8413
11966
10882
9451
10020
12963
2534
8564
8425
8426
7208
13966
8429
8431
4396
3627
975
8553
11586
12107
8439
12166
9978
11317
13572
6646
12275
8453
4745
10070
8460
9017
6672
6065
3962
8032
11221
7163
8576
6853
8473
4735
14090
7098
4571
8286
7215
7455
4519
10640
8487
8488
6183
12623
9721
3118
7246
8497
9328
12445
10878
11197
11415
7702
10611
10855
5257
8510
8513
7492
148
11613
6669
6537
7579
10639
6202
7053
12464
8527
8529
8214
4626
5328
7443
13597
5882
12485
5572
8543
9006
2880
2813
6270
8550
8551
8552
8435
10382
3720
7236
2517
8558
2207
12665
9293
8424
13241
3619
11321
9213
7880
8573
2143
9833
10913
9558
8579
11100
13637
8257
13575
10046
8588
3715
8592
4706
5005
2587
3369
5398
2020
6485
6086
6933
7523
8099
8605
5546
12822
8608
8609
5451
2789
7560
8613
5729
11652
7692
9823
6252
8621
4365
2653
8626
10255
8628
9182
8630
12767
10468
2913
6752
381
7553
5904
8639
8640
8829
6085
11152
10261
4287
5085
5619
12880
6773
4802
6376
7973
3836
10779
2570
4630
8269
5884
7538
8663
7220
8665
2561
8668
9325
8670
10658
1309
8201
8405
7703
6798
8678
6300
8680
12675
14157
7572
2933
7247
8687
3361
12433
8691
10894
7065
9557
8697
5383
9995
5401
11143
11856
4655
1585
11278
3725
13017
7318
3899
3775
12629
9381
8718
5299
9382
6642
8724
9102
8726
4823
6561
13573
6885
6483
8732
10772
4301
8737
3630
7040
8740
4334
10633
8748
8749
6139
10286
8752
8753
14274
8755
10078
7162
8762
6329
6639
4283
6008
7489
8993
10406
8961
3980
8776
8983
7936
8183
8359
2226
8785
4609
5575
8788
5856
4197
8791
8896
7419
7831
8795
8796
8799
9134
5165
8802
4510
7762
10480
8807
4116
11168
8811
8812
9475
5160
12015
11609
10811
8051
9082
10566
3929
8824
7655
8174
6140
4065
7207
6550
9159
9769
8837
8839
5421
13544
3342
875
8138
5218
8418
3639
9579
11662
5336
9271
8855
6188
9684
12062
6435
8861
8017
5601
5792
3209
11122
9903
4501
4361
6356
8871
8158
4636
6228
10254
8877
12119
11188
989
6640
3735
9184
8113
2912
11353
6177
9562
4259
11257
13620
6729
9812
8792
8897
11039
4454
6161
13083
1604
5211
9613
1459
2152
10385
8210
8911
1353
8913
1385
8915
3425
3125
7322
4350
10821
5593
9867
8924
6378
11208
2844
8928
5805
5501
8932
13819
3692
7140
8937
5471
12741
8942
8943
8945
11982
4184
8949
8952
9918
3693
8956
10270
9518
13244
6373
8773
8962
3665
8964
3572
8938
10690
3191
14205
10998
12481
12139
8976
6217
7171
8979
3115
11376
8778
8984
10137
6638
8988
7507
4754
8991
7359
8769
7145
6190
37
7046
8070
2670
10679
4409
7623
8544
8720
7284
6538
5183
9013
10844
9015
13212
8461
3616
6612
2595
7185
9998
9024
9027
9029
6158
9032
9033
9034
9035
9036
4175
11304
11148
9044
10084
12693
3710
692
6844
7069
4346
9054
9055
3458
12281
6973
9059
8260
4371
2666
4191
9623
4926
9067
10163
9069
13886
8641
9073
5351
7957
11230
6576
2700
4067
4390
8821
9083
10691
9086
6299
7066
10478
5871
9091
9760
8298
6807
3040
2119
6861
2985
8725
10769
12556
3700
11881
6328
10111
7187
10577
11156
6792
6325
4438
9147
7824
5210
6192
7815
8020
8236
10227
4799
6694
10265
9133
8800
13867
5879
7227
10903
5873
7086
9448
10428
11236
7771
9119
1734
1467
9701
11697
7631
9658
7056
2611
7179
8835
7485
7487
5277
9418
9166
10817
5806
9170
11635
9173
9174
1739
9834
8056
2196
3812
5191
4194
9183
8884
13871
4782
9187
9188
9189
10723
8035
59
1933
9196
7765
6771
5149
10108
4356
9202
4574
9204
2572
3289
11444
7249
11794
3224
9216
6653
1930
9219
12412
6882
7398
8335
9225
8472
9592
9228
10614
9230
13497
6586
7846
6006
7371
12393
6381
13649
13094
6031
5366
3626
10294
5181
3789
5724
10064
10543
1830
9259
845
6741
13517
3005
9266
9267
5028
5041
5323
8852
6027
9274
2778
5716
5818
3409
3746
7409
13007
9286
9287
13281
9289
9290
5187
5968
8562
9358
9672
7724
7042
10306
7532
5512
792
6743
10781
14140
3777
6130
10375
11035
3780
9315
9258
10880
9909
5608
9487
13786
6304
8633
8669
9798
8498
2163
7867
7060
4083
5106
9335
12289
9339
9340
2669
9342
7088
3740
1358
8395
4232
9348
4394
9350
4674
3774
2265
9355
6686
6600
9582
9360
4892
9365
9368
9369
6968
9371
9372
7886
4122
7513
5449
2541
8717
9383
13866
11729
4560
2446
13897
10290
9392
9832
2350
9397
4209
9399
9400
4045
9404
6782
9402
7726
7852
9407
3597
7268
4393
5950
9412
8849
9415
9417
9165
6164
9420
7116
5803
9996
2280
4392
3675
10295
13140
11065
5486
9432
9645
3008
6212
1568
5461
10398
7099
6018
12591
5270
9142
8042
9453
3451
6817
5164
914
2667
5113
9461
6000
4043
9465
6721
5533
9470
9474
9476
7979
4099
3647
9481
2877
9484
12160
10107
9320
10951
7214
10029
6131
7083
8368
11671
11150
13753
9500
1771
9502
2092
6288
10994
5573
12670
4282
10453
8033
7698
10211
6977
9520
9521
10112
3573
3232
8310
6651
11447
10104
10469
9532
10516
5682
7326
5605
6243
9538
9539
9543
9544
8038
9831
5427
7795
4378
3365
2308
5707
4658
7753
4097
8696
8578
6625
6036
9561
8889
2360
9564
4469
3360
9567
9568
12582
6523
13296
7488
9888
3785
9576
12168
6588
8848
7752
9581
9359
5638
2394
5203
3911
4632
10054
470
11764
9227
10626
8008
11409
10069
4929
6278
4594
3080
5691
4635
7838
3056
4028
794
6563
8905
9963
5060
11127
11050
5188
7338
7242
9065
7947
7806
9738
9630
9633
7977
5646
7426
6063
13843
9640
5472
5547
6314
9433
5967
12305
7674
10109
9652
7807
9655
3917
9153
6058
2697
12374
4832
10273
13316
12818
3464
10213
9296
9673
9674
5311
7124
9677
5464
9679
9680
7044
5069
3012
8857
9685
13510
12618
7134
11926
10567
10015
7085
10642
13921
4825
9700
9150
9702
9703
1834
9705
8034
5524
9708
9910
6731
5066
5004
2590
9715
9767
14252
8420
4134
9720
8491
4059
5779
9802
9726
8563
1962
7238
2733
8343
3454
11974
6352
9629
8569
4804
9836
3883
9744
4928
6082
5519
9750
6899
13492
6095
11529
10140
8402
5721
9764
9765
9766
9716
4489
8836
2948
8722
7764
1110
4211
9776
9777
9778
8026
9285
12441
9783
3990
9785
3000
7789
3276
4941
2405
5739
8212
4856
3646
7647
12373
9326
7483
4513
9725
619
9805
5399
7875
6034
9912
8895
901
9814
7377
3475
11061
9818
2104
9821
8619
6337
13060
7636
10467
7281
9830
9547
8575
9628
9835
11442
9839
2055
521
4385
3240
4591
3020
3968
2599
9848
12320
11751
1210
9885
2894
4500
6084
4074
6162
8923
5906
10725
7273
12065
7592
4809
6056
3015
7525
10179
10057
8157
5642
9884
9856
4677
8216
9573
9889
1770
3421
9892
6256
2262
4732
10198
8066
8580
8867
9904
9905
7892
10573
9318
9709
9911
8205
4633
9916
10074
9336
7673
3205
6100
1807
3674
6700
7023
3186
6769
2146
2559
9933
3093
6344
4604
6816
10218
2183
2326
7885
6803
5870
41
1523
5548
8161
13201
7231
13139
9956
5901
3455
11030
7564
9614
11868
9965
2834
4484
10275
6749
4203
9362
9979
10578
9981
2959
2089
9985
11481
9987
6268
7784
5051
9993
5103
9424
5776
9023
4643
2136
5824
5740
7313
4462
8217
4264
13318
1431
7057
8344
9876
9692
4554
2879
5082
9975
10021
7493
10024
10025
8182
1849
12998
10030
10053
6623
4265
6728
10898
2796
7915
4661
9277
10044
9393
8587
2330
5712
6051
10145
10031
9753
3329
4352
9881
10058
10059
4621
19
6554
9253
11571
10066
9599
10071
4527
7369
9917
7714
10076
3474
8756
5455
3528
4165
3188
9045
166
2576
6075
2690
4790
12299
11054
7984
2827
4808
6511
4711
781
10099
4810
11118
10103
5135
1696
9200
9651
6191
9112
9522
10113
539
2633
3696
10119
10120
9742
3623
1217
10124
1901
6914
11006
10132
11761
8985
3081
10709
9761
4014
10142
311
9594
5765
10147
5252
7084
10150
10152
7745
671
769
7996
5528
4156
10161
9068
10164
4061
8063
6451
11907
6505
10170
4261
4521
895
4974
7089
9880
3247
1057
8459
2598
10184
2518
10186
13557
5939
6804
1069
8155
6902
10217
1629
6455
2471
9900
10199
10200
5893
8389
2244
11941
4057
5365
5811
6059
9516
9801
10214
2527
10194
9938
152
9295
4379
6626
8014
5554
10226
9127
7926
4606
11360
10232
4250
1632
4267
2414
7345
12037
5621
5141
12202
3804
9176
6619
13194
7666
1671
3969
10323
9261
8627
3541
2395
3952
7244
7269
8644
1232
9811
5375
10267
5885
8590
10272
10274
9971
8421
492
5839
10280
5166
7718
7027
5280
2931
8751
7755
2502
10289
3344
9428
1764
10298
10299
7436
5490
10663
6986
10305
9299
6348
2320
5635
10310
3566
1362
10313
6397
12343
10316
10318
4487
8149
7102
10253
10324
3942
3831
11423
3479
7822
5225
4556
7803
5917
10335
3270
3913
6715
8304
5195
8245
3770
5690
3511
12431
8264
6800
10351
5777
2854
10754
6147
10357
2166
6524
3254
3100
12132
4269
13059
10366
10538
3829
843
3806
5861
10372
13225
10374
9310
11603
5977
2779
6664
8554
7727
5332
8909
11851
2910
2176
12966
10390
6160
2235
6386
2516
10396
11611
4271
5686
5858
5026
6826
7003
10405
8770
7070
10408
5997
10410
712
8570
8516
4406
1993
10603
7304
822
12682
7798
2860
3894
9143
7618
10430
13045
1655
8274
10434
10435
10436
10437
7217
3676
7585
10442
10443
6223
3368
11490
10452
8662
10455
11149
3852
7710
10460
10461
10462
5837
10464
10466
9828
8632
9530
3694
4756
8441
7750
11365
6834
10476
4038
9089
321
8806
6479
1919
1877
570
14203
5938
8408
7399
6496
10493
10495
10496
10497
3226
6201
10501
11919
10503
3501
9363
5021
2628
4882
5983
6519
4588
1768
5773
10520
11022
10522
5086
11955
2142
7166
10527
7482
10529
5303
13383
4023
4078
11820
2002
6382
10367
11288
6078
1659
3274
5744
3823
12333
3518
4891
2584
3450
11226
10555
10556
2192
9747
3811
11042
1506
5209
2413
7256
4167
7690
3546
7035
6963
9907
5006
5759
5495
9238
9980
12044
10582
10583
2075
4945
7387
13362
3324
10590
5027
13191
4036
6469
5487
10596
10597
3396
9974
10420
2873
4987
7407
3113
9667
14041
9229
13776
12787
3470
5684
6601
1409
3570
10627
10628
7601
5155
1226
10632
9114
6814
10636
6959
8522
8486
5496
9930
3484
7835
12369
4218
8147
1074
11111
10652
3394
10657
8671
8874
10660
8345
5786
6942
11690
10971
4143
4201
11206
5981
11080
6434
8326
9696
7168
3606
7855
9589
6621
8967
9084
953
7015
10696
3853
6881
7657
2289
720
3581
8222
4690
3228
7395
10321
5371
8240
10713
11101
7707
8207
385
8289
11021
9257
10721
4493
9190
7868
9869
10728
5668
2165
4996
10732
2382
7497
87
4600
5644
13324
6635
10762
5465
7827
10236
4939
4034
5832
11653
1192
7335
3419
11819
3991
10355
10755
10756
10757
4230
5034
13424
10741
3512
4993
8204
9858
10768
9103
3443
2397
8734
3350
10775
8071
5258
8656
5810
9305
2197
13298
7897
4212
3783
6293
6364
3165
8000
6774
3156
10802
5148
7549
10807
10808
7337
11547
6108
4279
628
3244
7093
9167
7151
2367
9757
10822
6921
6316
7225
6206
3948
5229
3457
10833
8355
351
7079
5081
4765
10842
9014
7694
5704
13220
6772
13599
4811
12872
11095
8508
5659
5440
6840
10860
3151
1407
4559
6549
6703
7620
4492
5012
11051
8164
5585
3659
3866
2259
9254
10879
9317
6841
8876
4464
5372
10885
1636
4000
7411
9593
9209
4612
8693
346
4714
10899
2175
7129
5692
4309
2563
3320
2038
6285
8577
6785
7596
13331
4864
4241
6046
5479
10921
7096
7283
5637
7738
2815
10930
6420
3944
9490
8396
6695
3888
2610
1521
2744
9653
12585
6690
6476
1802
10949
13839
9499
10952
1824
6468
11554
4238
749
10960
1954
5714
10963
5796
3989
10966
8954
10969
939
10668
10972
5530
4569
9105
4607
10977
10978
871
9486
4439
10985
10986
4605
10988
3947
9241
4213
2811
8971
4383
6607
6791
2714
5699
10129
11007
8419
6152
11011
5672
11013
11015
3744
7953
5561
688
10719
10521
11023
5955
3348
11026
1040
11029
9961
837
6357
2252
9311
11036
3856
9223
7417
10560
8311
11044
8386
3105
11047
13500
11049
5791
11053
10091
3861
5563
5470
8266
2531
11062
2939
9533
1876
1664
6714
8970
13623
13787
3796
5223
5250
11077
2150
10675
3670
2399
3772
1247
13481
6366
6480
6790
3708
1078
5412
2036
10854
2901
2771
4011
3069
9617
10714
10067
6822
13108
5992
11110
10651
8582
11113
1393
11116
11117
10102
4878
6218
9817
5240
1914
2929
7437
10796
9616
7760
6802
2646
11133
3625
8375
4179
8154
5186
2529
10457
9497
7940
8643
1960
7074
9115
2231
962
11159
8412
9139
7598
2499
3869
6734
4326
8810
5592
2791
8501
7425
3719
12631
11370
4046
2233
5278
4320
6005
2130
11713
9473
6240
8880
7539
11190
7290
3805
6175
7197
7716
9002
7041
6786
2383
7925
13569
7677
4545
10673
3584
8926
11645
7847
2447
11213
2034
4147
4662
6115
6609
9294
7558
1343
10871
1193
8921
9077
6566
6184
7782
8003
9145
11237
11239
7049
2677
5140
2686
9070
5288
8341
6500
4838
7565
8126
11251
6923
5754
11254
4370
8891
5632
8088
4725
4151
3490
11264
8261
1814
4314
14255
11271
4530
4903
2928
5752
8710
11282
3
5590
2983
5505
8224
10539
2996
6310
2899
7589
5368
4845
1581
11297
5703
1030
3104
6274
5883
9041
4117
14270
7989
8898
1851
6699
7391
2656
3041
1868
2131
8445
4786
2221
6171
8567
8092
11325
11327
1286
8866
11331
11580
192
558
7468
5390
388
11341
12255
6945
5385
11345
12536
5570
4498
11350
6102
7263
8887
3314
4680
2508
7959
409
3857
5396
11730
10474
12303
2052
11369
11177
1016
12024
7734
10244
3086
5750
5943
69
11382
1129
11384
2205
11533
4103
4705
7442
7970
2591
4669
3469
5387
2871
2942
3381
3030
12913
5678
2858
6055
4240
906
2998
3636
11408
9597
3536
11411
3610
4343
7087
8504
5925
11417
7466
10302
2553
10327
3953
2393
11502
4647
6972
8917
6182
7845
12362
11438
11441
9838
2835
726
5679
9528
680
5377
5230
12867
8357
11279
11456
8330
3237
11460
11461
4886
11464
2520
12724
5072
11469
8046
5098
4292
5532
2658
3747
5110
6157
6168
6419
9986
6637
11483
4024
6135
3835
3169
3970
10447
6484
2095
5974
6820
5521
10760
7301
11904
8112
11426
11673
8546
6456
7530
2153
6809
6636
5891
3301
7839
11517
6544
11519
481
5459
6599
12118
4053
6069
10553
8775
11531
1727
11386
5466
2219
7956
5057
2364
11539
6375
1936
12371
12402
11953
1994
10810
3128
1157
4631
9154
11280
7194
12753
6398
2943
11559
7123
2174
1329
400
336
4171
3602
3137
4581
4395
10065
11572
1198
873
4444
11579
8131
5382
7759
6574
8436
8629
4942
683
11592
7732
1748
3082
273
11598
5259
365
6684
10376
6298
2519
9132
2411
8023
9529
5391
10397
9272
4050
12113
3949
8241
4990
11623
13207
3750
11627
6007
260
10656
11632
11633
8198
5531
1746
11639
5928
7942
11642
2526
1943
11209
11646
8369
7286
4764
6592
8838
10955
340
8518
2588
8102
5725
8850
5947
11664
7449
1418
11669
7531
5162
11504
5220
8312
1049
3434
6246
11683
5052
3031
4178
12903
1234
10666
708
6797
3306
5560
9151
2603
11699
14039
3180
4971
1747
11708
8744
4323
7667
6513
11185
8478
8030
9511
11720
7454
1512
5362
6073
11727
9386
11364
2780
5345
4163
4234
673
2730
2987
11739
6776
11742
3830
6423
2285
11749
2453
9852
11752
6828
5916
1722
5603
2582
10135
7453
4435
2806
7555
993
11768
8165
4947
2802
11775
3973
7616
1689
2365
12771
7189
6077
11785
5150
5087
5197
7235
5395
7272
10935
9214
3375
5589
6186
7169
5216
8305
1545
3304
6631
1970
6165
6903
4372
7625
6934
2832
1200
2890
10752
10534
11821
2344
5322
6534
3912
11829
6213
1684
4324
9496
8559
7590
4919
4391
1109
11841
2122
1514
2962
2270
5214
9545
2840
4736
2208
11332
11853
4029
2495
8707
3131
235
3921
5860
5889
2612
5728
7349
5047
12749
6578
9964
3471
6395
6408
1848
4702
3197
6712
3712
5949
3382
2442
4634
6582
11883
7080
11885
11886
11887
11888
3874
3862
4423
11892
6416
3401
11897
5624
1130
9691
11901
12626
11903
11500
11814
2290
10168
1527
4270
7614
2188
6446
2155
6583
13799
8193
3288
10502
6868
13985
6652
6255
3937
10847
3060
5463
4063
4629
7757
7900
4644
10205
839
11943
8185
11948
3379
6258
4762
3762
5696
10524
4377
1797
3146
7078
4816
6195
7311
5680
10748
4969
6912
2800
6747
9991
9736
11975
11976
11977
5241
11979
8947
5629
7481
5420
5386
1563
7456
8107
4722
6929
3399
2945
8097
8122
12000
12002
12004
5423
5080
2438
5630
12011
1173
1572
12273
8815
5115
13339
1331
1386
3095
5232
8759
6045
4943
8532
7706
4293
7356
2828
12033
4770
2264
7514
10240
2172
4905
10156
12041
2958
12043
10580
8252
2193
7025
6442
7644
3618
12051
7643
7668
5568
5675
13243
7424
4896
3499
7303
3872
8858
4712
2243
6340
2299
12070
6687
4431
7841
4216
3109
5279
1589
4146
4730
7218
6396
1971
2113
5130
7685
2671
2261
5353
6587
1052
5315
11018
1577
3144
6472
12104
3001
8027
8437
12108
2082
7772
12111
5020
11616
5911
2246
12117
11526
8879
1949
6795
5058
4847
1499
4030
12127
4931
5511
3166
12131
10363
4672
1507
1093
4039
6120
10792
3882
809
9610
12143
5722
5492
4523
4434
3281
627
4860
5168
5260
3961
6204
5158
6630
9485
4602
5042
12163
6723
4586
8139
758
8816
12172
6958
2216
924
7955
12278
6540
2072
7888
7919
5095
4221
2592
5178
12192
1454
6579
3117
3029
2345
820
10243
325
2935
2504
12206
8706
9492
3849
4742
3210
12213
4041
1610
4124
4333
7791
2574
6111
4424
6843
2258
6970
7736
4654
6862
12231
7491
7577
8145
12235
3928
12237
5545
6149
6856
6225
4277
12244
2885
12246
5517
5695
577
669
4468
2687
3813
4692
11342
12256
12257
6824
2199
7347
8162
4453
5285
1938
12385
6548
3820
4418
4248
12271
4819
8449
3558
490
7997
3343
11545
7786
3087
4925
4684
13110
4511
9337
2307
7521
8208
2555
4052
6997
7100
4475
10090
12300
5772
13551
11366
140
12307
2876
6535
12619
1006
12766
6512
10115
5494
2357
9851
4507
2388
8057
12324
3522
6417
5352
12328
2041
9506
6647
10547
12518
5261
4449
5836
8272
3062
12201
3307
10315
6927
653
6650
5909
203
1607
12352
1765
6871
345
1582
2786
8878
11753
262
12364
12365
5828
10645
4972
11542
4700
9796
9664
1978
2281
12378
6766
2334
7872
8415
4665
12265
4402
2716
3130
3215
6532
9391
6296
2328
1796
5182
12398
4719
3387
3960
11544
12403
193
12681
1867
9220
4049
2735
12416
3467
7928
12419
5473
7842
5159
3846
2538
12426
4953
7071
62
2927
11277
2661
4843
9239
7519
5662
3847
4278
8500
3840
4952
6928
4233
12451
4256
1777
4452
4058
1869
3588
7334
12459
4170
2889
8403
8526
3940
12466
6110
3047
5582
1084
2105
4317
4031
3112
2973
9440
5172
125
2741
304
8972
1352
12483
7203
8541
4064
3601
5283
3225
3825
7629
2396
144
7649
5431
2065
4376
3037
5821
2917
2391
1361
9097
1986
4054
3745
7584
1037
2314
3098
12334
9488
6043
7253
2747
3798
6909
3741
12529
3442
639
9093
12535
11346
12209
3810
1319
12542
7794
4910
8699
7320
2378
7382
4982
6324
6099
1326
2268
9104
7930
2460
9577
3915
2503
2048
7581
5062
7259
3099
4060
6244
1845
896
9057
5361
3624
3902
12579
5313
9569
8803
6458
8467
2440
11014
2451
12568
7768
4875
6450
12595
1847
1637
4223
5890
7840
4404
8159
12608
2642
2643
6144
324
6596
8007
12616
2758
9687
2164
8347
9649
4422
4890
11902
2851
8716
12630
4242
6294
3201
830
4425
2206
6830
4001
6616
4979
5940
2313
5880
3978
12649
12650
1906
6718
1591
6429
12745
1229
12658
4923
3742
3206
7653
4821
4490
5762
11175
7556
3938
5253
1219
8682
1238
8105
12344
12407
10423
12683
3556
7270
4225
4614
12688
1900
3167
9046
4660
7687
14256
8958
7502
2045
10945
4776
5394
3220
2015
4369
3242
1259
12710
964
3678
976
7130
803
2500
13881
672
2829
7909
5067
11467
10008
4149
5802
3157
1786
2604
5335
4659
5500
7639
7972
5763
1384
10062
9509
4964
12655
1922
12748
11866
1932
4737
11556
6811
5114
12983
8490
7903
652
1231
2606
874
12765
12768
2420
3024
11782
2067
12774
2855
4766
3175
2324
4640
3507
6491
8503
10386
2545
8401
12786
5845
3855
5799
1578
13030
12793
4051
2274
2343
2554
7664
12801
4622
5016
1463
9011
2882
2109
2839
12811
8507
4850
5408
443
5452
10347
2157
6889
4783
12823
12824
6347
2182
5897
3711
4503
2755
1603
13090
5840
4784
5723
1944
5671
6091
2179
4290
2808
12844
7091
6947
4763
7704
7693
5564
3208
5647
12856
5794
2549
4457
3954
13206
1617
7512
4079
8275
3684
3817
7683
1690
12877
4950
8649
12881
5273
12886
2487
12889
12892
3666
674
6275
13591
6948
12901
3351
11688
6832
973
3916
2651
7295
4704
3642
773
11400
2904
12915
7763
2963
7830
4517
5848
12924
6170
14101
5484
2338
8015
13785
3641
4291
1127
1417
7542
4410
7258
4780
8617
3349
6740
7879
1614
6401
5639
5868
2458
7058
3017
7510
2116
3036
3460
12961
4148
8422
4281
5287
10389
2016
2967
3403
3065
3335
5333
1745
2272
2809
2881
35
12757
12984
5559
3864
8036
6805
1956
3729
2303
5002
12997
10028
13853
7108
1858
13004
6595
4585
9284
5393
3126
5068
3445
7400
3084
1897
8712
5555
5757
1161
6812
961
13023
6080
1551
1942
6428
7030
4325
1860
7622
4992
994
2536
4037
4595
2805
4471
14034
10431
178
6342
706
5896
4973
2171
6114
1497
13055
13056
4273
5878
10365
9825
5636
5753
5738
6322
3854
5702
13538
883
1264
4749
3964
3956
1196
1291
2277
13080
4977
5341
8902
9210
2565
3045
727
3089
12832
3462
6481
7416
6877
3049
9163
10956
10176
9857
5995
2991
4247
11106
8469
12287
4173
2376
2768
13115
7463
4946
13119
7697
7508
13123
4713
175
1555
1405
5035
3615
6033
489
6627
6250
2401
13141
3535
2621
6021
10118
1917
1977
3828
6813
3555
6235
992
10465
2988
2418
7505
9367
471
4911
3633
4009
6539
3153
3418
2977
2638
6198
6334
4340
13180
7929
1104
2477
5542
7496
10209
8233
2772
5404
10592
6143
10249
5055
6655
1729
6654
6132
3738
9953
13202
348
1915
11625
1243
2625
181
2916
9016
828
587
4166
6645
13217
4295
3252
10848
2724
1841
13223
13224
11135
6406
13228
4656
10450
13232
7111
2872
1114
7224
2027
8565
12056
12014
2170
13246
4812
827
6821
5489
6022
6004
2602
5604
1912
511
13258
6872
6829
13261
13265
4494
6029
3147
4048
4829
935
5903
4380
5134
5304
1419
2425
9444
9288
4535
13283
5245
14128
4417
6044
6710
5657
4648
6922
6093
5830
9571
4465
10786
4857
897
4881
6118
5760
5088
2241
4563
2031
13312
5698
3108
10995
9668
9472
2245
5978
4729
7067
6808
6040
1662
4182
1197
13332
4496
5271
5615
8012
3285
12865
3055
2141
4308
1050
4231
6730
6867
6315
231
2423
4610
13354
1787
2601
13357
4181
7498
13360
1728
11453
13363
5325
3660
1374
5346
8118
922
6301
3493
238
2578
4822
2734
5090
1592
2838
13382
10531
2427
3290
3345
2825
5499
1242
6265
2287
13396
2035
7156
7969
1132
13402
7008
4192
2319
2898
2781
4839
13409
5347
7410
7125
7401
3701
4813
5551
4446
2127
5894
8931
1883
6267
1992
5583
5506
5718
3634
5219
6090
6189
2727
1761
8745
4373
2728
5339
2852
6617
3717
5969
13448
1628
1719
1317
7586
715
3216
5781
4141
5581
6427
805
5439
1015
5819
3545
1562
3553
1248
4785
13474
3656
13477
5244
13479
12018
4207
1075
1783
13485
10635
4613
9211
13490
2361
9756
1805
7237
4447
9232
524
13501
13502
7737
2816
3893
9982
1112
9686
7522
13516
10018
4691
2144
4313
7415
2256
4345
6667
6280
3239
1884
3621
6214
13069
13539
9430
6047
4792
3251
9396
7293
5541
6049
7365
4088
5031
2469
4901
6855
13911
10187
643
3035
1031
5151
363
8808
1654
468
11202
3359
4701
8446
8729
6924
2614
5667
1376
623
566
1218
9945
2708
1269
8180
9107
1863
12898
4940
7117
5737
6551
8539
1191
10850
2007
444
2683
5045
1026
3685
1649
3162
13613
6738
4158
13617
2773
1348
12311
4769
3404
2275
1972
8273
2823
4415
4160
13632
3876
3690
3019
1982
11072
5934
4902
2224
1865
5435
1155
8688
2672
8382
4008
4578
3353
7121
5640
1597
7651
2505
3977
5007
5606
4387
5453
13670
4965
5945
2956
3182
5416
13676
4456
3405
3613
95
6503
3971
3071
4399
6678
4927
3149
1468
8247
1902
1789
2488
13695
945
5048
4651
13701
475
11359
1920
2682
6119
6134
9690
3234
1190
13714
13715
4955
5749
951
6290
5126
2826
13723
6345
1998
4260
2389
13730
4262
5205
3758
2807
8959
3346
319
2674
13740
8360
1038
9671
1207
5565
6689
3759
5185
13750
10669
9498
5264
5467
2995
3672
2926
13759
4889
919
7352
1724
4249
394
4180
5177
9647
4750
3200
6039
10615
1292
425
8062
505
6591
6371
12932
11073
1553
2914
765
2759
9689
4653
5378
7671
11915
5235
5462
2317
1750
3257
3571
5032
12315
8572
5648
4795
445
898
2291
5179
8933
2726
5584
10157
3591
3540
6858
3721
8841
2162
1325
2925
3732
3265
4840
4257
11086
882
791
9639
1701
11636
1999
13847
2846
5807
4304
4815
3083
12999
7457
6585
7292
13857
9276
13860
4236
5011
1046
3871
11436
9385
9136
6555
13869
4673
9185
1282
2288
6384
1959
1882
4339
2410
12717
6194
2868
5516
2434
9071
4592
4443
3714
662
6462
92
3827
9390
1403
4907
2989
173
5319
1457
1772
4089
9669
1289
13556
4920
13914
3261
7800
2507
979
6691
9697
5613
1305
13924
13925
4912
13929
7366
4771
6618
3406
4794
2506
3263
13938
3203
13940
8798
5852
3816
4962
6765
13951
1571
2695
1185
3046
1644
1893
6467
733
7626
2819
3575
2647
2924
8428
4566
13968
5300
13970
620
13972
6880
6594
1990
7688
6473
279
5417
7904
6346
5963
11921
382
5491
2622
2639
3178
5049
5483
4286
2086
6326
4858
2306
7394
1278
4121
1753
8517
7257
6026
1160
5132
3687
7317
4130
4893
4551
1486
283
2200
7948
8299
1583
1189
7656
3560
2853
6266
2377
3341
13044
1273
641
4239
11701
762
10612
6982
8096
6837
1738
8334
10587
3453
850
176
1810
1267
6570
3238
4161
1518
1266
2372
4980
1437
14062
2335
865
3294
2634
1996
8813
1866
2373
4778
2024
2267
3183
6875
1176
14081
2546
3586
6414
910
3985
1811
14092
1460
8607
1963
2710
2720
7131
5850
12928
4172
3291
4332
1968
2976
1633
4401
753
5694
18
7607
6003
4110
2097
2551
1346
2818
2620
6748
116
6016
3272
55
1737
13285
14129
3172
8376
1039
4107
3515
4624
2605
14137
3119
9306
3538
9915
3300
401
4846
16
2775
7634
4557
543
14154
1123
1254
8683
2371
5469
1143
9247
1472
3568
1818
4683
4128
6353
5147
2688
14177
14178
10981
4793
14181
3318
1648
5128
4989
14190
3753
14192
6445
3279
2941
783
2229
14199
14200
4615
719
10486
11435
3875
4336
7873
2593
8499
6349
958
1295
14215
3489
1643
1180
1044
8440
170
501
3367
632
1515
6886
3297
1310
2140
227
1612
3901
14237
3999
1698
3841
8475
1780
6794
4583
1991
2321
2309
1237
7429
4573
11270
12696
2021
3185
5902
3986
5222
7384
2866
2965
6207
2568
3514
13001
842
3801
6801
8754
14275
6019
3994
5831
1791
7002
3620
2278
3706
774
12581
1974
3580
5199
3550
2636
2979
1862