8929
11283
13068
14195
12967
10692
13292
12480
9840
14107
10895
13878
13287
14148
13431
14111
10173
21
12469
23
10230
12267
10496
11988
13437
29
13738
3380
886
12509
5913
12981
13653
8996
12744
13902
11374
9949
12307
13768
12171
12772
13301
8883
11740
14060
13935
14290
14155
11604
14126
6447
13852
14186
10061
13661
13392
14278
64
11256
67
13616
11381
14175
13957
13933
14103
13975
13693
13155
13890
14171
9676
12418
10095
14019
6674
10735
14292
14022
12425
91
13954
13278
14156
8433
13643
13892
13781
10114
14049
12700
12939
13314
12341
109
11140
13417
14249
14007
10798
13840
14122
13449
12994
119
6425
12713
13864
13340
12478
10251
12738
9425
14021
11242
14161
134
11223
13229
14198
13557
14250
11840
12495
14244
13164
8515
12337
11437
12760
10219
13070
14247
8833
13444
13273
14279
12499
13483
13380
164
165
10085
10422
14219
9246
14223
13691
13650
13127
14050
12953
13012
13210
14230
12453
13979
13104
13480
10039
11333
12405
13522
13761
12976
6629
13996
14088
11610
12290
1333
206
13988
13728
11971
4538
13076
13609
13442
13876
219
13923
13950
223
6222
7597
13135
13894
13351
11738
11858
13949
13373
14042
13276
13773
8736
14113
13337
7587
10726
13452
8763
11584
4436
13827
14193
12126
11908
11338
7325
12809
12363
11644
14095
9021
12737
267
13976
269
8818
7866
10203
14003
9845
13558
11849
14176
14018
10470
479
12821
13837
14207
14286
10417
10482
12840
13943
11347
10948
13991
12047
12972
300
13698
7658
9752
11778
11716
11368
13978
11687
13664
10143
7567
12189
14001
13952
11967
1697
12149
10479
8219
12203
14201
5641
13777
13989
14196
335
11565
339
11654
5169
14115
13832
14051
12356
8738
13128
13204
11521
10835
13774
11980
13833
358
14080
4976
13680
13565
13992
11601
13746
14226
14216
12716
12446
14064
374
13267
12012
13462
2461
11665
8636
13986
10782
10717
10542
14141
9727
12134
11845
6988
13766
13622
13428
13512
13475
12668
14146
8927
2501
10388
13656
12401
411
14059
10730
12029
11890
11797
5748
10448
13579
10959
13779
14293
14153
12755
13998
14209
13529
14289
12615
13958
13192
439
14132
5812
9426
13601
13814
12763
13117
9743
10278
14125
8108
11299
13732
454
13081
12657
11689
12395
13374
11232
14162
13918
13739
10038
13568
13606
9590
6415
5444
13660
13702
12067
13806
13468
285
4300
482
12116
10235
11674
13610
14214
12851
11702
12277
14070
9574
11838
4627
13033
10758
14235
14224
12621
4040
13311
13148
6172
10125
13470
510
13257
11756
14105
10965
12936
13054
10897
13898
9841
13748
13498
12698
13136
14114
9437
530
14234
532
13726
14267
2694
13815
13844
8843
8930
9754
12178
13973
12949
7797
7055
548
13531
11704
13493
7183
13850
14127
13386
9813
10416
12648
10697
13404
11493
11163
10485
13574
14058
13051
12068
13227
4652
14271
13817
12583
11810
13086
12490
11402
13214
14197
12598
5920
594
12919
598
12562
12890
13197
13230
13341
13453
13888
9038
13130
14032
13165
13763
12482
11334
13971
13561
10665
625
13901
10814
629
13465
631
13666
12829
11316
12088
10138
13365
12531
8881
13395
14074
13106
11225
648
14143
14117
14144
11405
12346
3677
6848
13587
14164
12651
12556
13662
13567
662
13708
3635
13020
13552
13668
12735
12250
13681
12718
11736
12895
5356
8568
13744
11449
13536
5854
10797
13271
4397
13603
11020
11842
9049
13969
11459
6975
13581
13262
13855
14182
12406
13048
5706
11691
7832
14262
12330
10411
12911
11420
13454
3302
13838
12990
14202
13425
14266
12497
6873
725
11445
13088
12094
13891
9456
13960
14273
6851
13508
13974
13796
3230
11788
10056
14276
12977
11873
7063
11180
10498
8787
13964
14109
14139
12764
14168
14239
13717
9637
12494
13266
13790
13926
11861
768
10155
9410
14258
14284
13611
14068
14163
10098
14268
11025
11937
13063
13333
11599
13346
12597
13079
13842
12971
9611
9819
14188
13415
13725
11102
12715
13183
13052
14225
11562
12141
13474
13553
7641
12353
9366
13955
7563
13672
13798
8106
13521
3731
12135
13132
13213
13235
12941
13208
14138
11684
13716
13618
8465
9262
14083
12560
14210
13566
12756
12351
12785
13233
12486
9480
13997
10187
12996
13607
12462
13300
13873
866
8772
868
11595
13934
10980
14221
11715
13697
11954
13770
3043
1520
13600
8865
11725
32
995
9870
12508
13811
13590
6123
12578
6263
12099
13219
12319
13563
13272
9860
11300
9740
14056
14010
911
912
12706
13418
13504
11457
12085
1565
13457
13369
12554
13170
13019
13917
14100
13471
933
12970
12869
13364
12762
10970
13731
13305
13379
944
12520
946
13980
14086
12871
14165
13718
10081
12730
13071
13720
14212
6978
13022
11158
11241
12711
13707
967
12236
10855
8041
12258
14040
12009
8434
14204
9503
13797
12828
9175
11546
13027
13330
989
11876
11909
13158
13036
888
12245
12279
13405
12532
13906
14075
8648
10708
10234
13805
12313
13038
1008
13421
13570
14130
9438
13189
7998
13464
12641
11614
3295
12627
8907
13965
11899
11125
14020
12791
13963
6112
12514
13742
11027
8771
12660
14097
12719
7608
13863
11092
2479
11678
13345
9803
12096
7570
10581
10181
14036
10180
6818
11548
13092
1066
1070
1071
1072
13144
10650
12020
13982
10778
9389
14211
12470
12978
13899
13473
11855
2238
13642
12114
12457
12193
9449
13862
14002
13407
10702
12746
7354
12654
12982
13596
11406
11192
9773
14136
13631
12632
13505
11173
13166
1121
12517
12138
14206
13282
8380
12935
1128
11383
5514
12464
13401
12614
11083
1136
13215
6707
12403
14052
13825
13406
9584
12599
14287
13885
12270
6879
10762
6961
11272
13646
14030
12249
12704
5927
1161
5687
1163
13930
7860
7243
9887
4139
13310
13526
13870
4488
14079
13338
10623
13138
14054
13358
14288
14167
13366
12274
9587
14094
14023
13713
13598
11228
13769
3645
1964
11574
1199
11817
11700
1202
13936
13467
11824
11078
12137
14078
13248
13064
14172
11826
13043
10123
12979
13203
2689
5040
11200
6179
10499
12586
7029
12761
11621
10557
13889
11996
12676
12820
13961
13393
12819
13533
12933
4859
13947
12798
1253
12133
12834
14098
13758
12709
14236
14229
2431
5038
13072
12177
13694
13009
7282
14035
11944
11750
13602
12013
13472
11328
13872
12570
13325
7234
9268
13910
13077
13778
10092
3063
11108
13169
12409
1298
12190
13343
13737
1302
12954
11285
13537
13259
11896
13734
1312
1313
12476
7665
11859
1318
12541
1322
13831
10353
1328
9992
14025
12019
11512
205
13881
11970
10178
13784
12617
8362
13826
11224
10418
12442
12854
13621
13534
1350
8912
6976
12805
12183
9345
13114
13822
12505
1363
12549
12210
8254
11509
2464
12238
1371
13671
5050
13355
11033
13578
13706
13408
11496
3779
11831
12396
12739
13002
10862
13667
13645
9149
12864
1392
11115
13193
4740
13375
12986
13845
14084
12775
12304
13093
13129
12188
10508
11466
10621
13242
12090
1412
9494
11452
8535
9556
9527
11668
12769
13172
7280
4003
11722
13260
13040
11513
11929
1429
10667
10011
13299
13615
6283
14061
10152
13900
11844
11833
8244
10456
5238
9557
12197
11569
7520
10561
1679
13905
11770
5201
14093
12028
13879
12804
11658
11431
6076
6205
13202
3910
8203
12808
13263
13639
6857
10703
7856
10873
13103
6859
1489
13937
13791
3838
13143
11620
13336
10815
12408
10541
12124
14277
8596
8067
8050
9846
9354
11075
1509
9768
1511
12140
11843
14227
11248
11543
14057
13594
10941
9950
12042
13932
1528
11947
11371
11414
12850
9037
9398
10197
13633
11862
12169
13849
14044
8784
6984
7705
1550
12948
12882
13788
12572
2654
1556
10554
12058
8740
13249
12731
11802
10820
920
10459
13704
6208
13177
14248
12902
11726
12211
12747
10532
9929
11832
11958
12430
12777
14071
8709
3053
9626
10784
12653
11561
12934
13113
13530
1596
13659
11498
10905
13295
12831
8903
13062
10917
12148
12812
13028
12215
12900
11649
14242
12866
6656
7537
1621
12887
11643
1626
7164
9217
5990
7360
13289
13588
13097
10886
11904
13673
10976
7446
13679
14218
10830
9899
13626
1647
13173
13182
14150
13710
13006
1653
12951
10432
13678
11263
4137
11964
14285
13326
13344
10562
13160
10641
12309
8282
10549
8242
12929
1675
1456
6624
7902
12500
12780
8177
13735
8995
8840
11780
13329
14246
14152
6190
13524
12640
10106
319
14240
13032
12220
13353
8873
5825
6239
13993
12635
14102
10579
11399
11924
13875
8307
5013
8297
13635
13451
1720
4416
13125
13764
11141
13361
8591
12325
5795
10974
11757
2398
5923
14045
7020
13829
12516
12539
12566
12975
11706
8115
1749
11309
9552
14009
14005
2861
11879
12524
10682
12397
12628
7964
11731
11884
12742
10518
9939
9890
9501
14110
8216
10358
8400
11091
13854
12251
12638
12778
13887
11816
9104
10034
12590
11356
12345
1795
10483
8308
4075
1800
14077
10288
11887
13928
10190
9923
11465
14091
9608
10803
11267
12835
12687
11993
7404
7254
12750
10953
11488
7420
13422
12937
12914
9255
10068
12158
1833
9704
13771
13807
11860
12656
5099
5994
13222
6675
13803
11771
13010
10706
11872
10184
12553
5360
7609
13756
13003
8645
11261
13323
12474
13389
13026
13390
11164
11664
11315
12456
13236
13095
11439
13445
11068
9581
13168
9411
13877
7580
11266
1889
11676
10016
12459
13757
12360
7209
13016
13487
13604
12689
5428
13692
13751
13772
13042
14000
12072
11038
1911
13256
10120
13205
13634
10426
7124
8801
9896
13528
10929
1923
10693
4963
8079
13264
11462
11421
7319
10301
9195
11392
12214
11541
10939
12264
3936
2843
3427
11607
10983
12837
8557
4597
10221
7204
12120
11443
13922
11301
10961
12958
10165
10392
9519
12899
11154
11123
10027
1196
1966
13461
3858
14087
11806
5498
14269
10546
12224
13151
12728
12052
12733
13176
5111
8634
13823
1988
12584
13584
13466
10319
8990
10996
1995
8980
13719
13846
13962
13729
12862
9203
13416
13920
3448
14028
10317
11538
12968
4085
14270
8598
14257
4019
12910
12077
6939
12664
13239
2030
12607
8163
7144
13397
11094
11956
10911
2039
14283
12293
13515
13614
12969
8074
13736
11911
9230
10589
5851
2060
6890
12646
13073
10823
12773
2068
14134
13274
14180
9106
7999
10584
13977
4791
14158
5193
11404
13597
11972
11002
9924
8965
2093
6865
10832
12161
14089
10472
13705
2102
11268
11505
9989
12461
7728
4118
11427
12859
2115
12450
7312
9099
12659
2121
13433
12248
2125
12528
13419
13682
9606
8548
10000
2137
13195
11914
14232
13342
10525
8574
12358
8955
14220
4098
12673
9483
9469
11085
10326
11995
2156
12017
9862
13540
2160
12686
13830
9329
10424
7346
9714
7678
9194
13782
6457
10902
9215
13851
10537
11324
12955
13120
8611
10229
11430
13765
12415
9968
12596
9199
13367
8566
12046
12991
10964
9178
10328
4873
12259
8404
10975
4863
12471
3698
9148
11850
2209
6529
13967
11071
3919
2971
11046
12802
10337
11535
11319
11724
3372
13589
12084
12205
11157
9349
9458
13897
7321
3654
2237
1091
2240
14123
10183
2244
11524
10308
8350
12387
2254
13021
10237
12225
10877
12093
12035
5540
9877
2269
11410
13478
11959
12795
10686
3292
9983
14282
10446
6753
12636
14191
12227
10151
11748
7141
13161
10701
11906
11273
8625
10843
13152
11739
2300
10602
12506
11949
12317
2305
13641
10338
8340
12219
12070
14066
9129
12262
12690
12885
13804
12460
10330
9723
14241
12286
13488
9940
12298
10575
6527
2333
13627
14063
12308
12297
13733
12380
2342
11823
6784
12473
2348
2349
9395
4727
10444
11482
5184
7026
13532
11218
2362
12581
11407
11781
11905
13946
2369
11429
11207
11549
10733
12165
11963
13037
2381
10257
10212
12392
12830
3749
6854
13075
5415
12504
13035
11425
10185
11417
10771
9843
10439
12974
12024
12153
4470
2408
12593
13880
11515
5683
8211
12501
12896
11776
11558
7536
13145
6760
13352
6209
13279
5988
13384
13520
5107
14038
2432
14291
12021
13896
5972
2439
12587
7877
9734
2443
11787
9889
7943
11212
8186
13984
13624
12589
12266
5293
11955
2456
14160
9377
13543
12558
379
7107
12725
1369
13912
12026
7775
8832
9897
8809
10116
13184
8470
1262
2480
6542
12053
9344
12212
2485
11775
12888
11243
12904
8994
13240
13196
7255
5100
12927
11516
11772
9265
12561
9459
11204
11089
9728
12182
9193
3539
9598
10394
3358
10017
11345
13629
10709
7829
12938
12662
12381
11146
11213
11889
8423
12751
11370
11667
2543
13476
12340
4306
8914
12861
11825
14116
12240
12515
12082
11927
4752
3657
9931
14106
7285
13085
4460
12239
8657
11682
9205
7170
8384
10086
2577
11917
2579
12534
10944
11760
11314
2585
7945
2588
12669
8043
10593
11978
8086
5586
4867
4480
9847
13356
11698
7381
10661
12382
10449
2608
13302
9898
8068
11235
13576
11220
2616
2617
12364
10617
14119
11795
12472
2623
13755
13209
12320
10510
13795
2631
11145
13432
10727
12530
13990
2640
7960
12609
12610
12200
4966
3074
14217
11520
12537
8623
1555
13334
2953
11474
12814
7828
12434
8184
7068
12435
9062
8493
9341
9000
12092
11999
13331
6482
11298
10698
10890
7266
13908
5881
4914
2685
8842
12252
11060
1221
10088
12187
5117
13082
1268
13953
2696
9662
12136
9079
12893
13387
12410
2704
2705
12839
12926
7534
10664
13174
13507
11215
2715
14265
2718
11946
9670
3426
12787
13245
9146
13107
13438
10083
12723
11737
13874
10801
9732
13378
10655
2736
7660
13895
13506
2740
12479
11925
6598
11638
5441
2749
7390
10604
14243
13134
7350
12677
13234
11487
13792
7884
13297
2762
13280
9370
12503
13096
6377
11422
10910
13608
10094
12952
12912
11183
11629
6042
8170
5143
11170
7434
2793
7921
3596
5369
13290
12055
12692
11056
11167
12855
11997
11765
10997
13398
8547
13554
9675
13349
14118
9927
6956
2821
12390
2824
14006
10544
14029
2831
10458
10804
12097
13381
8953
11848
14194
7219
4717
13848
2847
7332
5433
2850
11874
12039
13612
9181
13450
4975
4254
2859
7158
1754
2862
12030
6210
2865
13372
2867
13883
12826
9351
11395
12465
10605
2874
11694
9053
13816
9920
8545
12078
12806
8442
11791
13414
5075
12414
10504
11818
13190
7624
5976
7298
2895
13983
10360
3592
12565
11096
11774
3129
2906
14264
2908
4458
10387
2911
10694
2913
13789
2915
13211
12366
11388
10972
9323
3549
7976
4204
12076
11274
9772
10342
10285
6319
8685
12945
12930
12294
13294
2938
11063
7695
9829
11084
10188
11811
11869
13619
9770
12942
11590
13270
2657
12683
12272
7265
10636
8935
11010
12857
6683
10517
8689
13435
13527
2214
12475
6220
13348
12054
12702
7545
8055
11759
11344
10927
13105
13163
12314
13455
11269
7890
10009
9806
5407
3004
7139
3007
9436
3873
13047
11847
9729
3013
10861
8622
12625
10836
5124
3021
14096
13320
12770
12891
13861
7749
10883
7260
3034
13559
12959
9789
9666
3039
9218
11287
879
3044
12878
13956
12468
13856
12523
11518
13039
6999
1586
10780
12917
6083
5109
6470
13775
11210
10800
12339
1294
12269
11986
8742
11281
11099
12980
13684
12645
2648
13491
12680
3078
9603
5984
11596
13015
12652
13911
13089
13427
3091
10767
9934
11293
7820
10790
12956
10362
4289
12920
14016
10687
14231
11922
10874
8655
10610
3987
7779
12822
13868
13275
3124
8918
9948
2905
12389
11857
9162
13884
9510
10892
11568
3727
12467
14253
13632
13254
4773
11477
13268
7612
13688
3150
7114
4483
11779
12160
3155
5475
12729
10172
10451
9347
3161
12091
4558
7719
12204
12701
11931
11920
10533
5482
7869
9816
8869
6242
12147
3179
9376
5083
13674
7837
4798
8192
12233
11711
8968
8886
6942
13485
11567
11679
10127
7712
9760
9313
13812
10343
4869
9251
11650
4904
3213
3214
12838
11451
3218
12492
12644
13523
13133
12155
8048
11854
7819
10990
10999
739
3231
9525
7611
14067
12863
13238
14055
6060
9283
12639
12852
10766
10751
12031
11508
13303
10361
13315
13547
13511
11105
11497
13915
11928
6196
11807
6552
3268
3269
10336
3271
13443
10415
14026
9788
13903
3278
11603
10958
4841
4885
11575
11660
11871
11074
9206
13388
10864
6129
13549
1020
3296
13571
7106
13724
9427
13801
11804
11566
12342
3309
11042
13243
8960
8187
11354
13167
6502
11532
11292
8144
6849
8047
8148
11189
4068
3327
10055
3330
10742
6494
10746
13181
12973
3336
12868
12803
11870
14033
7908
12280
10291
11552
10841
12845
8906
12086
11837
10005
10831
14121
12544
2517
10954
9566
6722
8049
10006
12377
10545
5610
9125
6719
13545
10356
2226
10795
9524
5869
10870
13423
4095
9061
12989
10304
14272
5800
7733
8013
14082
10599
10354
11214
11606
11412
11257
13625
9944
11447
11523
9088
9281
13893
3412
8300
3415
6643
8696
13171
9970
3420
8888
12807
11358
2721
1941
12551
10753
5815
9855
11681
5063
3436
5743
11172
3439
12429
11393
10770
7883
12424
12231
3447
7700
9454
14048
8432
5426
8120
5328
12960
11290
13091
5726
8053
3465
13867
12417
11134
9578
10993
3472
13011
12943
6688
11990
10032
10963
8209
14085
9515
12790
11969
8381
12440
13828
11296
3491
14135
11828
12789
3496
6590
12705
13776
10300
11940
12176
9595
10345
10763
14185
12347
11935
8639
10548
13802
10789
11893
7201
13913
3529
13277
12331
10688
12060
3534
7980
3537
13131
13029
10256
8351
3544
11097
3547
8633
2921
10652
3551
10352
13469
13156
12684
12908
12276
10933
7379
11181
3617
11142
12109
4599
13250
14014
12427
5144
7072
12207
9883
3577
12923
13226
5742
12170
10799
13178
10471
9977
10427
12647
10904
12283
2898
9854
6437
2795
7569
5087
12487
9850
11789
12588
10384
11651
11585
3609
10683
11375
13426
13050
9019
3564
12050
4150
14281
8856
9952
10122
13484
8711
9081
6062
13865
6842
6312
8278
13544
9312
12275
664
10033
8373
12226
8721
8868
7376
3643
13741
12569
8677
4525
3649
9635
11597
10177
12359
2236
12824
6323
2558
3658
10818
9121
9659
12032
3664
12816
12894
8505
11253
11081
9739
13376
3673
4649
9168
1048
12222
3680
13377
3683
12873
12063
12675
6154
12184
11910
8141
7735
5074
10297
13760
5643
8704
11987
3702
12841
12649
4508
12776
6758
11754
8851
12874
13057
13446
11174
8555
12962
10684
12125
14065
7810
12111
3138
14174
11260
7122
824
12620
11377
6122
13695
3737
13200
3739
8045
12527
13939
3974
14012
12512
9282
11475
11813
2386
12603
13583
12241
9937
11618
14015
12794
9409
10515
11952
11991
12604
3897
3767
3768
13683
3771
10364
9353
9248
9307
12606
1380
8253
9710
4307
6823
6572
7196
11942
3787
9186
9080
3790
10722
6709
3793
12208
12253
10934
3797
12525
12335
13882
13456
8121
13519
10245
10671
3807
3808
10559
11007
12448
7159
13944
12637
8349
12452
4826
12663
7363
4837
7262
8537
12384
13154
11137
11745
6603
13482
4413
11448
11486
4682
7447
1492
11506
7541
14104
11773
9135
3844
6489
12443
3848
10987
8450
6733
13067
9996
5874
1968
5846
13605
11055
9297
6387
11675
13328
4013
12608
11165
13186
12771
12061
3009
11387
7881
12386
6298
6742
9416
12247
9309
7747
3884
11573
3886
9201
6604
13385
8410
13228
11249
13394
10208
10509
3766
14053
9275
14131
13749
12577
5663
4407
11540
8904
10100
3908
1470
7467
10907
10206
7288
9122
13046
2213
8200
8499
3926
3927
10051
8823
6894
3931
10774
12782
7696
9849
9536
13754
11733
10325
9794
9966
14151
10991
9936
11617
3950
12897
10560
9776
8246
5037
9793
4593
8262
13074
5171
10505
4106
9464
10252
9822
12254
12075
3973
3743
5436
10591
3979
9551
10946
9523
12540
11227
13753
14261
3114
11800
10654
9784
10248
9827
9791
12411
6418
3997
3998
11637
4001
1762
10749
7018
8899
12420
11098
8089
3867
10141
8454
13654
11217
4018
12432
4021
7435
4244
11484
11403
14233
4027
9609
10511
11796
8256
8406
4033
4035
9352
8679
10681
503
11401
13368
4675
9401
12048
13269
8647
10906
12073
11478
11527
12511
13628
4056
12992
9624
12545
11932
4064
8830
7048
9063
3326
4069
13783
4072
6793
9864
1940
12348
11655
9394
12870
4937
12685
10150
2018
12667
11945
12964
6367
4093
4094
3383
13780
5513
2148
10370
12944
6103
12301
11258
7175
3967
14183
4108
11609
14099
10989
9260
4115
4344
2111
10765
11311
14004
14205
14124
14170
4129
11793
4131
6141
4133
9719
8005
4155
1659
8259
1169
4514
13709
8064
7702
10900
12080
12726
4071
11166
10919
13084
6126
4136
10160
8845
12257
4371
13535
12697
11120
9160
10133
10204
10568
8543
11898
11032
4171
13927
13111
9111
10258
12354
13767
10620
13284
4185
8592
7340
8853
13335
8614
11985
4193
8920
4195
8790
6038
4200
10672
11957
9976
2923
10375
4209
9542
9774
10788
9619
13286
11895
10002
10647
8301
10350
6121
12602
4224
10269
4226
7273
4228
12918
6913
9612
8666
11196
11734
4235
12965
7344
13675
7968
11087
9301
4091
12985
5118
11193
12336
10233
13919
10764
4253
4023
11361
5777
7812
12196
12622
10171
4263
7152
9842
4266
7472
11103
9087
10399
11707
11755
4274
12732
12129
12243
12876
10813
12574
6305
8766
13556
9213
8646
10047
3101
12842
8588
11472
5771
9650
13218
4297
12966
11900
480
4302
5986
13322
9040
3782
9387
8178
11151
9604
5204
7045
12112
4318
12439
4321
4322
11710
4325
4327
4328
4329
9908
13647
12122
12391
11216
13147
7680
8243
4338
4339
13179
4341
12400
4116
6762
8804
9477
8974
8098
6526
4353
6898
6864
10246
6487
4360
6015
4362
12946
6438
8474
6516
9549
10837
12707
9583
4160
13441
4608
12884
10239
9550
8694
4382
9633
11695
9130
10108
12146
11875
14263
9926
4601
7906
4394
8119
686
12089
13685
7654
14108
6452
5507
4405
9245
3904
7224
10477
12159
12600
3833
12447
13630
12312
12268
6041
4420
13221
12624
4424
10736
4426
8409
11169
8698
12065
4433
7628
11763
251
11240
9179
10984
9450
4442
9310
13836
10536
13495
11882
11732
13412
12454
10049
8900
7153
13677
5218
2909
13687
2566
10369
10004
12008
9534
4758
7994
4467
12049
9565
2407
5324
4472
7174
8569
11001
14166
10012
7981
3152
13399
8859
1939
9216
12044
4491
10869
10441
7233
13510
12217
6960
6904
9922
11560
13459
4506
12321
3705
10829
12712
6155
13712
4140
7652
4516
12922
6584
8485
4520
8189
13555
6949
4482
6935
10368
13175
4529
10851
4855
4532
4533
11536
11337
6499
4537
4539
9096
6739
7368
12547
5713
12672
10276
7619
10409
4549
4550
6610
4553
7559
4555
11031
10932
3163
10048
8370
5251
10931
5756
4568
4570
11323
13141
4575
5389
4577
13655
9681
10678
8757
11191
13212
12375
5070
6405
11182
4589
12110
10346
13391
9657
4596
1946
5993
3567
7602
4392
10412
8831
8731
9338
9445
4374
10570
8581
10196
9665
13463
7307
10868
6138
6957
10060
9544
14238
7405
5999
8786
497
13752
12907
10884
10888
12218
8834
12736
4638
10440
12779
8462
4687
9999
11009
4645
5061
11428
13291
3674
4650
13700
13794
12229
8708
13711
9554
4659
12694
10311
7870
4663
12796
11661
5571
8758
9638
9962
11918
9886
12858
11355
9356
4685
4686
4642
4689
10705
12216
10863
9858
14280
4695
6920
13321
12372
11721
8939
8374
8593
12370
8154
4710
10097
10293
13065
13640
7138
8101
2844
4718
12399
8741
12679
7839
8156
9212
11245
13251
2353
4728
9780
12081
13703
8009
5952
5910
8019
7330
11628
5236
1395
8966
9601
6847
7358
8948
4746
10307
13049
9514
11652
13058
2557
14208
6870
4757
4465
8091
13122
7721
11951
12847
9622
8221
5774
10695
12034
13931
4774
4775
12006
4777
14073
4779
13907
4781
7336
10630
11030
9769
11318
5929
4788
9797
2081
13542
9263
9343
13813
4796
12752
3187
6216
9369
8890
12519
8560
5400
13548
4808
9873
10101
10745
14145
11005
6348
11961
7110
11570
10680
6320
10265
8727
10638
10072
3820
10154
12987
12426
10433
4833
13255
3824
12016
11037
3282
10567
9795
10875
11295
12123
10551
4849
12496
7031
4531
8303
11703
9718
1249
12151
8324
5965
6064
9792
3145
5626
3209
4870
12827
9372
2198
4874
10282
10729
12788
7878
9722
10402
5093
11973
3284
11463
9144
13429
9316
11004
10550
13945
4895
12022
11179
13424
13061
12310
3212
9961
12421
12721
10988
13460
6412
2684
4916
5239
4918
9746
7610
12678
6517
13638
9786
10806
9865
9683
12103
4933
4934
11836
4936
4080
4938
10523
13592
8925
7947
12510
10585
13247
10063
7021
12879
13835
4952
11336
7781
7452
8061
9984
4960
14031
12195
1925
9048
11555
2645
4967
9157
6295
11476
10922
12191
10175
2857
4354
9155
8719
12643
10739
9973
12038
9781
10607
6127
14189
10283
4991
9304
8213
9607
12533
10731
5000
8534
12995
11396
8594
12349
13313
5931
6070
9559
6569
5520
13995
11124
5019
11510
5022
5025
7412
7396
10759
10110
9025
3959
1263
8348
1222
9269
13146
6620
10881
8975
11865
13994
8451
12115
10564
10220
8394
11537
10926
10898
4646
10079
3648
13101
9712
12412
11147
9682
4586
8318
11468
8320
3695
2887
13665
5078
8231
11471
9954
12105
4667
6971
7278
10463
13307
12106
13124
5092
4883
7963
12186
5097
10710
1839
2496
10215
8652
10552
7458
2845
9348
10250
1985
6518
9460
10744
8661
5116
4205
4246
11378
7600
13503
7717
3521
5125
12281
8511
11827
8258
9958
14011
10957
10359
6053
8908
6443
9545
7635
10242
12368
2790
3572
6286
5146
11129
10711
11786
13564
5845
8660
10528
8746
11470
10489
5310
11672
5163
8325
6846
10281
6900
9504
4948
8319
3965
12477
5173
5174
7331
5255
9419
11680
13818
5180
9249
9032
10631
11233
9698
10840
9180
5189
8651
11479
2084
8363
10341
5196
9942
11663
9625
2514
5202
9585
4315
11528
5206
5609
8353
7861
5211
11624
6269
11846
10755
11799
5662
4457
14133
7023
7133
6394
5224
8111
13005
9997
10865
8291
10653
10949
4738
6633
1449
7934
10193
8206
7792
9991
10438
8862
12567
7464
11076
4564
9988
12849
8509
12154
8599
6615
13371
9648
5266
5267
13938
5875
9745
11143
5272
12883
7362
7302
10089
5277
7264
9009
10284
6822
5282
12488
6573
12263
5286
9553
8715
6702
12040
12634
2454
7402
5295
5297
5958
11161
12601
11128
6237
5409
6402
5161
9384
8223
12940
5314
11343
5316
6781
11363
13904
5944
9003
5322
11686
4471
11830
5327
4921
9431
11677
5331
10207
9730
5334
6559
5337
11998
6330
11834
11577
11839
9278
13410
6054
7774
9074
12905
8820
5354
9879
675
5357
10332
2010
12575
5362
11553
12194
8524
9408
5368
3435
5370
10519
7715
8044
10266
10104
11450
12813
6556
9957
11582
8700
5509
10920
11394
9414
4576
10393
7699
13244
12703
11746
8597
9439
4806
8387
12402
5403
5497
3003
12815
5306
12357
5411
11093
6368
2390
13546
13494
5418
13690
9197
8294
5422
12005
7535
10377
3456
9548
1901
8982
11587
2849
3975
5437
5438
12379
11880
2746
12786
9378
5445
12232
8533
5543
5450
9699
12817
13669
5936
8438
7462
7287
8620
6757
5461
13440
10148
8817
11534
11229
5468
14159
11057
13808
5474
3181
5930
5477
6911
6251
8672
3173
11815
8378
5485
5486
13509
7740
8393
13987
12145
13486
8100
5406
1971
5499
12734
8329
6181
7408
12128
13430
4404
7990
5384
6755
9198
5512
4097
1130
9720
12605
6273
5518
9748
9022
9192
9707
5527
10967
14142
10973
9894
11473
6087
10321
5973
10082
6254
5539
3057
13420
5449
10737
8606
10613
9951
11769
5550
12150
5553
12318
13018
9615
5557
5558
10826
11019
10478
7012
9529
13745
7092
9943
7279
12306
4668
13194
5575
6501
8457
14047
5579
10050
12449
11544
11090
9751
7898
2595
13400
5588
13237
5591
9861
7916
9334
5596
10838
8287
8337
5600
8863
12362
12661
12833
12642
7433
10263
3367
10270
5612
13447
6681
12332
5616
5617
13809
5620
13841
8860
5623
9755
11348
4868
7348
5628
12010
5631
9052
6306
12383
8826
9535
12783
13658
329
7155
3699
7899
12069
12326
8065
10571
7186
12373
13916
9809
11611
6751
10859
7176
5217
3903
7986
5665
13577
9804
7528
5670
12727
5673
5674
8161
5676
12436
10825
11965
7993
5682
12130
12305
10400
1162
11930
9605
5998
5693
5695
10277
7939
11693
5700
6403
8803
9233
7844
9231
12481
6593
12066
8172
4544
10962
5715
9279
5717
11197
10625
5892
12491
10707
11391
10689
3463
11329
7821
8658
11250
8271
6302
5736
9901
6838
8176
6508
3581
3437
7351
12594
10481
13743
11275
5755
4567
10199
5989
6221
13109
8397
5763
10076
8492
5767
5768
5769
4293
10211
5044
7796
4257
10195
12749
11367
6644
10213
12513
10379
8556
12559
6493
11349
10312
11727
9627
1731
10572
5797
7637
9028
3391
5801
9423
5805
9169
10469
7300
11162
10619
6477
654
12404
5814
4851
11082
5817
13413
7024
12502
6531
10001
1705
10526
10074
12367
5829
9373
10747
5833
14090
5835
11238
9322
5838
12376
12242
13663
5842
7985
6199
5152
5847
11008
5849
11043
2059
13942
5853
11221
8789
5859
9673
11205
10622
11551
5866
7459
3376
5870
9090
5872
9713
3856
5269
10821
9137
8540
11302
6287
5887
9479
10087
13008
5720
10201
10783
10937
5899
9357
14260
10992
10227
5908
9807
4734
9010
10540
13139
9091
11685
5918
7958
2822
14228
5922
1736
9636
12288
12100
4787
5476
5153
10322
5934
5454
8991
10189
9644
12860
7232
11379
5320
11201
5946
7126
6421
11877
11119
4733
7633
9291
11024
5956
5957
5299
5959
5960
11230
7385
12758
5964
4864
9646
6023
2438
5535
11494
7406
2893
9138
5979
5980
10674
5982
10512
3583
5985
4303
6317
2426
5758
1631
9688
13293
4917
10808
5996
5692
4625
9462
6901
9363
12422
13253
9235
9004
8767
7037
9771
6011
6390
12666
12993
4361
7173
6017
10606
10611
11389
6953
8110
11265
9273
6028
9882
10563
9244
9969
7588
12836
4199
9910
6805
4598
2788
11784
8705
12025
8322
13541
13014
12101
6050
7448
14140
5348
9095
9875
6057
9661
10210
3240
6061
3627
8549
8463
11829
13593
8179
5009
6372
10594
6074
9221
4656
11507
6078
13686
13434
7793
11052
11291
8600
5533
7294
6089
12623
7886
6153
11864
7642
13560
11289
14120
6098
6099
9921
11178
11351
4101
6104
9237
12127
6107
10812
7974
10128
12221
1373
6113
13053
11219
6461
8336
11028
4222
3735
10476
4988
7478
3293
6130
9491
6137
9379
4132
14254
11593
12611
7982
11968
6148
9912
7661
6151
10329
6092
3689
4512
6495
11000
9031
7578
8901
6164
9421
6166
11352
7615
11320
6955
10042
8525
6197
8494
7051
3962
6180
8610
6185
6186
7857
8116
13436
9082
9361
6193
12843
3264
11602
5844
6200
7440
8270
13648
1467
10395
1568
2424
2864
6211
6212
11747
9596
6068
8977
11121
7540
2975
5759
224
6233
7630
8882
6917
6227
9642
6229
6670
7137
9758
6223
6234
13157
5305
8714
1706
11187
11622
3177
9537
6245
6247
6248
6249
5480
6252
11923
8723
10903
6259
6260
6261
6262
895
11390
9131
13347
13098
8805
8502
8025
6272
5517
7088
8157
11065
6277
7323
12296
11080
6282
1435
6284
10912
5886
7053
9209
10834
6291
13000
9271
12633
4969
8288
3877
6836
8367
9158
10598
8894
4282
10646
6309
6311
9085
10255
5987
10380
4820
7374
13066
3656
13370
13999
6327
9110
5340
6331
10893
8916
8531
9844
11171
9302
8069
9935
12714
9452
12825
4815
9077
6350
6351
9737
9308
7729
7951
6954
12522
8489
6525
6363
10791
10396
8780
5413
6369
8085
6072
6373
7918
7708
3377
6937
6597
7785
9240
7613
13252
9094
9319
9468
3863
6388
7007
12023
6393
5222
10506
12144
10314
11557
6399
12064
13078
5307
6404
4587
10340
7436
9575
7309
6411
9173
1422
11894
11198
3996
8283
8495
5948
6422
9128
6424
120
13670
8073
13309
7932
6432
11016
8072
5876
4364
9330
8011
11211
5138
7172
9660
7439
7316
6450
4403
8372
4010
6459
6116
11708
7662
6465
6466
13959
9775
9134
3058
8196
7132
11357
12580
6453
7975
9978
6483
7773
6486
4358
3845
13327
6492
5789
4044
10492
7054
7914
4536
11626
3316
6504
10264
6506
6507
5741
8684
10096
12316
11712
6514
4366
6460
5112
6520
6521
6522
6362
6339
4441
8167
3156
6530
6012
9358
6533
10140
10158
6536
10105
11152
8676
6541
2481
9463
9694
6546
9156
7039
13595
3267
10909
8799
13799
5380
7327
6558
12142
11801
8352
7228
6564
6565
10644
10857
14251
12201
7213
5284
9256
9600
9078
6577
11252
11657
10555
10260
9779
5015
8779
6586
12095
6588
3498
12720
11195
9382
8601
6379
11525
9332
6602
3831
5710
6605
8695
9123
4887
6611
6614
5263
12234
9159
10878
9100
5043
10473
8514
3993
8589
11950
6628
2210
10460
6634
11491
12322
10274
8987
9570
11303
5023
5783
13699
8870
12074
6979
6649
9919
8484
8654
8482
13198
7075
1618
6658
6916
7978
10381
6665
7200
9618
6668
8519
6230
6672
6673
2276
6676
8846
13013
6930
6705
5614
6682
2963
9981
7016
12071
3475
9541
7252
11936
8984
10938
10019
7511
9064
10773
6701
5290
10866
6704
6680
7889
1138
6711
7913
11070
7450
3369
9403
3362
12164
8361
7952
6726
8383
10035
8713
12957
8358
8584
3851
11041
10685
4854
6740
3878
8281
7066
13722
8128
7050
5658
9446
6754
5552
5460
3709
6761
4345
6763
6764
12693
7790
8653
10401
6770
6771
8650
6774
6775
11912
8427
6780
5317
8082
7730
10914
7261
6810
9863
8692
9466
4073
14245
12121
10885
9632
8315
6799
8992
11974
11130
7762
6804
6040
12846
8793
8232
9161
6788
12754
10725
8917
10634
9959
7910
1061
11888
7281
10943
3783
8293
10407
12741
10144
10543
7296
6832
6833
6835
6299
12463
5739
11805
3629
9051
6845
5165
4743
655
3322
6850
735
7388
2387
13031
11588
4679
11613
1488
6860
7389
12230
4356
2094
10844
10827
7157
4754
12355
8701
724
12185
9011
6876
9765
1173
6880
7743
6884
8730
8194
6887
9118
2346
6943
6893
4768
6895
6896
6897
5167
6335
7470
11809
4502
6906
6907
12361
12526
6910
6279
9147
4574
9435
6659
6756
6918
4696
6921
11222
6923
6924
7397
6926
11276
11994
6679
9724
7166
10436
6378
6938
2025
13231
6941
3194
6891
8285
9823
9327
6947
9967
4523
6950
11669
6359
5619
6176
12175
4835
6962
10073
7777
6966
6967
8999
6969
8251
5084
9451
1354
8087
960
6648
6980
6981
10936
1548
7036
12273
578
9586
6990
9634
6994
6995
12295
7001
7006
13403
7009
8399
5563
7013
10828
6686
7825
5735
8103
1739
4949
5220
5820
10603
5149
8852
10876
1230
12228
4853
7033
13187
10119
6985
6550
9012
10924
7418
4316
8997
7047
4066
7937
6750
6178
6288
6497
547
7802
7097
10228
7095
7471
747
7064
8414
6747
4220
8021
9254
3574
11589
6655
8635
7274
11960
9258
10822
7081
12489
7083
9693
11362
9834
6274
7443
5566
7094
7060
10923
7057
8477
9441
10743
9805
7103
12059
2462
11713
11012
4817
7112
7818
6215
7115
12753
14041
7120
13657
9119
1918
10772
5947
7575
7129
12458
12916
6474
5221
7135
7136
6661
4715
3595
8936
3020
7143
8456
13810
11790
7548
7149
11424
4264
4541
5642
11835
6869
3815
12057
7161
8039
7165
6934
9259
9733
11798
8978
6892
6016
4473
4105
5661
7177
7178
8536
7180
7676
555
8160
5652
9113
7971
10146
7191
7212
10824
7315
3785
11194
7198
7199
6666
9270
12484
1948
11907
7206
7987
7208
2796
7210
8364
10846
7215
8542
10040
2842
8664
7221
9800
8371
4408
9906
7226
8022
6563
7231
4495
11321
7236
13102
7239
11112
7241
9383
1167
10259
7245
7246
7248
7251
6692
12521
1822
2598
10565
14008
11109
9630
3032
6905
9572
2679
8093
7724
9691
11792
4227
7077
11612
5569
3859
1272
10809
7284
2562
7005
6759
12801
7290
9588
9447
12546
6389
11231
13499
8572
5808
11499
5275
8501
10856
8265
7306
4616
7594
9191
4104
8733
7195
14013
8609
1931
2235
11822
6278
7324
441
7326
6557
7329
2932
10750
10648
11339
13941
4619
7342
7343
4476
8760
5627
11656
5747
13762
7946
1799
7355
7357
4744
7359
1632
7361
7154
3822
7373
12743
8552
4603
8612
9374
8949
8140
7375
3642
9815
7378
9324
13118
10659
6231
11741
6853
6861
7328
11312
7392
12162
7394
7395
5028
9222
12174
10700
5865
1821
4624
5975
11594
5504
9075
13411
8117
7414
11294
10437
7044
7419
10309
7422
7659
9706
7426
12880
12901
12062
7430
11385
5607
4022
6408
11126
8081
6448
6336
9008
10454
7089
14149
13834
1641
6051
11666
6720
7451
4957
11762
11718
7455
11948
9200
5105
5868
10530
7461
13116
5249
7465
12157
3911
11335
9518
6902
7062
6545
7473
10675
12766
6128
13513
7480
11984
8827
9799
7950
7485
7486
8768
8998
7489
7788
12113
8078
10487
14072
7682
7496
10918
13359
7499
8109
7501
12699
7503
7504
13162
9455
11118
7509
10247
6697
9375
12156
8323
14222
7517
11262
7519
12291
13514
9443
7526
5823
8891
12950
8471
5669
2858
1619
7538
7539
6219
8314
7543
7544
2981
7546
7547
7550
7551
9878
8637
10262
11983
12671
7557
9346
4554
8466
7561
8248
8008
7703
7566
312
7742
4237
1054
13126
7572
13159
7574
7127
7576
7698
6159
8521
4983
12563
7582
8135
9558
8026
11186
245
6034
10928
8075
10222
7593
7308
10915
2033
9892
7848
7603
7604
7605
7606
14112
1045
4920
3233
7970
6717
7617
10908
4547
11418
9508
13034
8225
2892
11717
5085
12493
6224
9152
5953
6899
9826
5798
10159
10126
7640
812
6094
8824
10271
8040
8183
7648
7649
8129
9236
4515
10461
4400
7655
7423
2737
6463
12800
1316
9325
8237
7670
13142
7754
8302
10732
12327
2167
4782
7681
7495
12875
7684
11981
7688
7689
10569
8774
9672
10845
2940
3934
13121
7577
5391
3825
8520
4144
7565
11916
3411
11017
10715
6382
7972
7711
3202
8250
12555
5373
9701
5123
8946
11485
7722
7723
7268
7725
9874
10383
7341
6783
7731
10349
9139
3693
10390
9731
9808
11380
5489
7568
6882
9101
10643
7746
7748
3416
10351
7751
9580
10287
7758
9388
6803
11067
7765
11634
8750
12592
12352
7771
6485
3598
7817
6965
7780
5175
11234
7783
9990
6380
8761
7490
7250
11322
6735
6169
12543
7795
6226
3298
7799
9108
7801
7056
10867
7804
8885
11247
12079
4258
7813
9994
7816
7776
7113
3226
5730
9069
7823
8663
8238
10484
2743
2523
12921
9020
709
7833
7836
3186
4722
7840
7841
11454
7843
12576
9234
8619
7849
8230
9406
13087
10414
1482
6321
5210
8922
7863
8338
7865
360
9331
10724
3174
7871
10660
12350
9526
7876
2441
4880
11100
8571
6444
3444
10344
7887
6706
7891
9495
8001
8195
7895
11564
10787
5585
6478
11489
3494
12759
13981
11671
4393
3342
11185
6816
10023
7912
6498
7915
5594
7917
6374
10467
7920
2794
14255
13041
7925
7926
7928
12557
11310
5240
7935
7134
7938
5697
10882
7941
11641
6150
9058
2586
7353
4943
7948
7949
7484
6357
6725
12695
8835
5919
9296
2641
7961
5094
2770
7965
10513
7967
8972
7614
7188
7709
7973
6109
6479
2922
8512
7364
7476
6187
7983
5843
7853
7927
10618
11307
5508
13201
8430
4466
11939
7996
7997
1026
2073
9905
7893
8385
8420
5634
10538
7564
4732
8010
7015
3393
12931
13651
8276
4735
7069
11608
8024
6271
7585
8059
9141
8029
11054
8031
8032
9513
9293
10339
9546
7162
7645
971
8042
3005
5374
3740
8940
3392
3363
2286
8051
13689
5145
8054
2983
9540
12323
9047
8027
9960
7506
8062
4913
5650
2612
8844
11514
6767
2894
7591
8076
1926
13824
7438
6782
10331
8084
6370
2664
6977
4012
4956
10084
7267
8094
8095
14043
9902
4510
8604
7019
8743
10397
451
11501
8473
11743
6188
7413
9530
4396
6863
3802
10925
8892
9866
6749
7650
11581
8134
7583
8136
8137
8175
7372
8142
13199
6515
11246
9493
9126
3324
8150
8151
8153
4709
10192
4723
7492
12261
3140
10872
9869
8166
6528
8168
2792
8171
5776
13637
8174
8138
1684
4311
6069
13586
10637
7647
5237
10720
2448
3526
11863
4521
8667
8191
3188
8357
6886
7894
8199
3920
8794
12507
6471
10777
12292
3479
8910
2414
8212
4993
9512
8215
5033
8217
12740
323
8220
4767
10704
5312
7623
13140
8228
8229
7851
13188
8234
8235
8528
7668
7826
8239
10041
11619
1673
1444
8245
4688
7562
7936
14037
4518
1367
8255
4031
5129
9060
8261
4954
9868
10889
8267
9365
8659
6203
5733
8722
10839
13500
3631
8296
6745
1671
6538
6944
8480
7367
6297
8290
6376
12166
7710
11104
8279
2820
8390
11066
4219
7674
6435
8304
11244
10149
1715
8309
9026
9241
8312
8313
7542
6798
8316
5207
5170
5073
9280
6741
7515
4862
10677
10816
5501
11458
8331
10740
8333
14046
9224
6117
7864
2308
10045
8342
9655
11783
8346
11502
5754
3818
3056
7713
5208
10374
8355
8356
8193
9824
6724
1341
5194
7211
6300
8944
4560
7223
6455
4499
5336
11136
8376
4542
8382
6727
5645
12394
7500
8388
11440
8298
8391
14192
5490
7858
8395
9893
5762
10669
7193
1776
9721
9762
11480
10785
4584
9663
10500
4427
3890
8411
7271
11966
13518
8417
8418
8003
10020
12963
2534
9120
8426
6779
13966
7992
3692
97
11586
5455
9628
2883
11353
11237
11317
13572
8447
8448
9400
4761
5051
8452
8453
4267
13362
7145
7043
13402
10805
8460
13821
4641
6065
11529
1224
9294
11758
4708
7533
9226
8113
4365
11819
8476
11714
8479
8286
13220
8483
6651
10640
8487
8488
11868
8491
6562
6177
6420
8983
9328
3923
12445
6270
3667
10273
10102
10807
5257
8510
5127
7977
8513
7185
148
8516
12014
9272
6669
7701
10639
11646
10576
8236
8529
6334
12027
5447
7179
3826
8538
10198
5882
7216
4168
9006
4419
9055
2880
5666
6063
9017
8551
7366
10382
3784
5787
1945
8558
8559
5247
12665
8563
10595
11168
678
5675
8788
7880
7299
2143
9833
8576
12007
8578
8579
9532
4611
11050
13623
6732
8585
13575
10609
6625
8590
3715
4186
4706
5104
8595
1502
5398
5261
6777
8018
8602
8099
8605
6932
10516
8608
7318
6866
2789
7560
8613
6660
8802
10612
8618
7847
5459
8621
3361
2653
8624
2292
8627
8628
8630
14069
10468
3548
1986
7076
381
7553
9066
3517
8643
10261
3332
4561
4501
1717
8858
6773
5478
5233
6768
3836
11203
5731
5884
5115
9150
7824
7220
12550
4232
8668
8861
10658
5481
8674
10077
7356
6653
8680
8681
9709
6510
2933
8686
8687
8688
8691
6790
10894
5154
3417
5775
8699
5383
6872
8702
9995
5401
6044
11856
1585
6729
6238
5289
8718
4978
9741
3640
8274
6642
9177
6571
8728
13573
4605
8732
7529
8735
330
3630
8739
1560
4720
3066
12670
5156
8747
7767
13025
9941
14274
10491
5021
9266
7345
7787
9381
392
8764
9001
4571
6392
7487
9872
10406
3599
1067
12329
7692
11530
8776
8777
8778
6970
8781
8782
8989
1543
14024
6156
6024
10191
8896
6807
8673
8796
9801
12619
8928
2104
8615
5702
6268
8807
9848
3115
9998
10942
12045
12767
11069
12015
8816
5465
270
13858
5353
10566
4552
7643
14184
5637
7482
8828
9405
4759
7207
5213
155
7956
8836
10493
5421
9396
2686
875
8070
4158
6677
8847
10003
11662
4705
5349
11630
8855
4832
9684
8649
7962
8669
5601
8864
12083
9903
4434
3176
6646
8871
9434
4636
10280
8875
8877
8878
12119
12571
640
1910
7806
3192
4669
5190
8126
13620
6304
11188
13747
11744
4007
6161
13216
1604
3906
4154
10385
8257
8913
2548
6813
3125
8919
4350
9761
7862
13350
9790
5471
13149
403
8800
2
540
11040
8932
8934
3454
7140
8938
5027
8046
10062
8943
8368
8945
7718
5577
7371
8950
9735
8952
2839
10968
10182
9592
8958
11359
8961
8962
8963
8964
2092
5537
10690
3191
11435
8970
7969
12139
4349
6585
8976
6878
8429
8979
2471
6627
8496
6694
10137
8986
6638
12179
8783
5937
6800
8993
2506
1693
37
8497
6968
2670
8765
10679
6025
6007
9005
8544
9560
7441
5279
6875
8439
9015
9018
3616
8201
611
6731
9196
10046
5140
8310
9027
6841
10292
6158
5182
9034
9035
1535
608
14039
5359
11148
9043
9044
9045
10464
8058
6824
9050
5632
9054
8546
11953
7944
9059
8260
3384
2666
6436
7838
9623
12988
7822
10691
13886
9073
7409
9947
6349
7101
2700
6431
4390
8821
9083
9371
6314
9086
4581
5871
5916
12087
4540
9667
9098
2119
7744
9102
10769
9105
12538
7800
9109
6328
4174
10858
12284
11156
11640
6888
8425
3661
6608
9208
9036
9127
6423
6032
4799
6265
9811
9133
6469
3843
9136
6410
7227
7734
9140
12613
5071
2725
7123
4805
1390
8662
11697
7631
9658
11101
6778
6743
6766
6912
6441
3132
10124
9164
9418
4716
5806
10998
11133
11635
2196
4346
9182
9859
13871
11153
9189
8035
5522
2513
2168
4455
9023
6366
5592
2453
7457
3887
10013
9204
4772
3289
6289
10558
13489
5448
4475
11794
3224
4489
3647
3809
9613
11426
6075
7398
11308
8335
9225
8472
9476
10303
10614
2055
7017
13497
6175
7651
11709
8311
13649
13094
6031
6202
3626
10294
3775
5181
9250
9252
10153
7303
1830
6699
9257
7079
7167
4113
10254
845
6046
8759
11003
1919
5041
8518
3899
10811
10629
5345
5716
8321
6035
13585
9285
9286
9287
13281
9289
9290
5954
8562
8467
9295
7959
3862
12223
4243
6574
9303
6548
13024
13538
3777
7049
4032
12784
6005
4429
11446
9315
4890
10880
6385
9487
13786
5837
2920
7380
7666
6946
7595
6439
7867
6601
9333
9335
10588
12289
4606
9339
9340
5296
2483
1531
3659
5108
2232
9350
2870
3774
7589
9582
9360
6192
9362
6657
9364
8268
814
9367
9368
6002
2765
9084
4872
6147
7513
3536
2458
7679
13059
6617
7242
6140
13866
11812
4308
8034
2446
9528
12437
9457
9853
7148
4915
8841
10852
1536
9399
9014
9404
9402
9072
7852
9407
5367
3760
770
6576
9412
5388
10333
3879
9417
9165
5177
9420
8066
10167
9645
2280
442
10295
12681
5329
9432
9433
8872
7673
3008
1012
5399
10398
12001
12591
7187
6752
7424
11852
1096
4440
6972
6346
9453
5867
7507
9392
3313
2507
9461
6000
6983
4065
9116
9467
6721
4526
9470
9471
13317
10714
9474
9475
9227
4347
9478
9481
9482
4194
10348
9778
10982
10951
10029
6131
9492
8146
5036
7892
12998
9499
9500
1771
1527
5703
9505
10994
11539
7621
12631
3134
11719
8530
8033
4749
4923
9705
9517
7469
1958
9520
10716
10112
3982
4006
4287
7875
6120
9390
5564
9531
8580
10179
4464
5638
6343
6243
9538
9539
8725
6690
4681
9543
4622
5139
8038
7831
6091
4378
3980
6713
5576
9555
2052
1450
7584
9007
9561
10334
6088
4469
12198
12582
8124
13296
7488
492
6409
9576
3470
9579
8056
9359
4370
2594
5203
6989
10054
2778
11764
8957
10891
9594
3510
6214
11409
2515
6575
5168
11398
3080
7527
7184
6342
2252
4028
10792
1622
4231
10913
10299
7010
13853
5199
1587
6652
9176
9738
7259
11397
7579
6991
6384
5924
4672
13843
9640
12056
6055
9424
6844
10115
5265
11571
10169
10887
8343
9656
4766
9153
4060
6594
6543
8407
12374
5278
9097
13909
3464
9671
7693
5860
80
9677
9679
6375
4929
12618
6712
13793
11926
7270
11881
6544
10408
13921
7027
6787
10453
9702
9516
7760
7277
9708
9089
6623
9711
5873
2590
10586
14252
6458
6145
5515
8401
5511
12455
9726
3694
2511
3012
7305
7737
2733
7168
2959
8951
10752
8379
9629
4291
6839
8720
10421
3883
9744
5270
9830
5519
9749
10507
5584
304
9753
1413
5624
9757
8130
11226
9320
8921
8402
9763
10574
7071
9766
5335
2948
6445
4211
6468
3955
9777
9485
6583
4729
4986
12441
9783
5079
9785
8638
9787
3451
4941
8924
3994
4866
4856
5420
5525
11039
7483
7222
8797
10075
1051
6058
3002
6419
7738
5655
9810
9812
3246
9814
3175
11659
13652
1288
9820
9821
5424
6945
8359
13060
7636
3992
9828
6820
9747
9831
9832
8575
8441
10121
9837
11442
9839
10
521
4385
2399
6337
1895
4043
8808
3935
3602
11598
9393
3593
5405
11365
4693
9184
1416
5593
4500
6789
4928
9124
11648
8263
8165
889
9871
8769
8829
6056
10014
3015
7552
8328
9880
10057
6275
4684
9884
9885
5030
1774
5633
7598
8396
6600
9895
7923
5458
6992
1645
9900
6191
8097
8867
9904
8000
7225
12388
5831
8682
9911
9132
9913
11768
14173
9917
9918
6914
3930
8158
1807
2090
9925
4391
2819
9928
2146
10642
9932
3093
6344
4674
3755
10723
2183
2326
8753
5197
5568
3405
11438
9946
9076
5429
6964
2572
5548
4286
9953
11645
6010
6256
6815
8060
7530
4673
9963
10065
10107
8017
6948
3637
6033
4484
9972
4982
10600
9975
6589
4964
7087
9979
11330
11029
2499
7778
9985
11481
13458
5253
6253
7784
5244
1329
9993
8703
3855
5712
8810
2136
5740
9413
4630
4858
3364
10007
10008
2999
13318
4462
9202
9876
10015
1891
13517
8421
10021
10022
8214
10024
10025
10026
10028
9490
10030
6310
4265
7911
6728
10036
887
1763
7217
8240
6174
10043
10044
8341
4453
7667
3928
10145
10053
3329
4352
9881
10058
4621
59
8941
6554
10064
9964
10066
10067
1831
10069
10070
10071
6361
7369
8204
9802
8675
10078
5062
11814
3528
5536
2728
8092
166
4677
5890
2690
5276
1293
11767
884
10099
3907
4810
8507
10103
5376
6537
9965
6662
10109
10111
9522
10113
9647
4421
10117
10721
7035
1913
9836
1217
508
7639
3312
11006
10130
11550
11729
4165
10134
12722
10136
8985
3081
6534
4014
10142
311
6828
10052
7190
10147
9678
8306
4084
2284
1438
9253
6333
769
10156
10157
7638
4156
10161
12889
11155
10164
5008
9422
10168
9651
10170
4261
242
10174
4974
10176
1337
9533
4519
6027
2495
1850
3837
10186
859
6340
5939
8791
8155
5241
10217
6933
4881
1996
8539
5757
10200
10202
274
4166
5598
5573
5811
10209
6059
6632
5784
10214
8190
10216
10194
10218
1287
6532
4379
7592
10223
10224
11728
10226
6039
7058
2184
24
11360
10232
5780
10236
2257
10238
4377
10241
5141
12485
11376
3804
6481
8641
11206
10633
9261
6316
3541
3780
5226
7383
7850
8724
7554
6505
6246
5375
10445
5229
5611
10272
8506
6637
5962
7798
449
8874
4876
6293
5280
7755
2502
10289
12393
5721
9030
4712
9909
9428
10296
3696
3671
1932
11647
9228
3389
10310
5778
5792
11878
8181
12343
10316
2965
10318
10320
10139
7102
10947
5262
11423
2197
6152
5225
8083
5358
9415
10335
5301
2660
8037
6407
5195
3587
6086
7885
3511
4591
12818
8762
4221
7750
3552
2877
5765
10754
4367
10357
2166
6356
6524
3254
4134
12132
10365
10366
10367
6183
5888
10371
10372
8354
4443
10376
6029
10378
6318
8554
5365
8909
2176
12682
7736
11416
6386
4301
6206
6365
8105
9440
4271
8269
9562
10404
10405
7070
10037
5997
10410
1471
8570
10413
7855
5366
2356
980
10466
10596
822
10423
10425
4061
3894
10429
10430
13045
1655
10434
10435
7417
3676
6535
4494
10443
2354
10279
8020
5136
2607
12407
4330
10452
9700
7716
1447
11149
4406
2930
6630
5086
9046
11631
7919
8632
8118
5300
6621
10474
10475
6124
5321
5905
3148
10480
1877
7827
570
7493
10488
5750
10490
8755
7171
8838
10494
12629
10497
749
1225
8408
11919
13153
3501
4800
7425
9750
3710
4270
6986
5135
7098
7966
10514
3761
9430
3111
3520
6006
11022
10522
2142
6685
10527
10529
2419
11820
10535
5484
3408
9796
11288
5914
5567
386
6877
3852
5744
3942
12333
7663
3759
4892
4848
8127
11051
5274
6581
3619
7846
3954
3957
5054
7524
8822
4842
4167
8210
5010
5651
10573
2331
8527
10577
3201
10580
1056
12867
9336
2058
10590
4942
13191
6073
10420
6303
3396
9974
10601
2301
7025
5443
2873
6019
10608
9024
3360
6020
8616
8603
9229
11464
10616
2619
5810
4559
1409
7756
1466
10624
10626
11419
10628
9484
5155
7040
10632
10635
2958
8182
4824
9219
10031
5496
9930
7745
7835
12369
6307
4218
8147
11519
11111
3550
5234
6963
10656
10657
8671
7384
7872
2605
10663
6163
624
1430
10971
8398
10670
4201
5981
7474
10676
8326
4827
5901
4493
7512
3722
9589
4865
3484
5794
5725
8967
4164
2912
6030
10696
565
6817
10699
7726
2289
1100
8222
8123
3228
1687
5983
5148
12518
9473
8002
10428
2663
13727
8185
10118
9938
9888
1057
4548
5668
3773
7675
1152
5294
8884
8332
10741
7100
4939
4034
7032
11653
4004
3419
9736
6619
10462
5215
10756
10757
4230
7690
10760
6744
4486
5827
6974
3092
13007
9103
4074
2397
9856
6700
3932
10776
9521
4376
12552
383
6395
1590
8405
13298
6736
3522
5186
6364
9610
10793
5029
11127
4326
3061
3554
10802
1813
3584
4927
8508
5995
7337
11547
9276
6108
4279
6381
4900
9654
11058
4225
10819
5879
7080
2065
7442
5678
6639
6868
7014
5016
4604
4181
4481
10833
6290
6167
3019
5081
5597
8275
5187
6667
2293
8449
10847
10848
10849
13599
4811
9397
12872
11095
9742
7073
9112
7304
3151
1407
4692
3660
6549
6703
7803
6009
6397
5556
10871
8164
5102
10268
2259
6829
9547
5799
8876
3030
2596
9653
7291
9277
3915
9593
6332
8693
346
10896
3250
9695
10899
4145
10901
2175
6257
3590
6008
4189
10166
6553
2038
8264
6785
9835
10916
4736
10734
5479
4972
8122
6100
2989
7590
5818
4565
4305
5705
10935
6982
5896
6695
3888
10940
6821
2581
12585
10403
1802
5235
13839
10952
3359
11554
13100
5158
423
10960
1954
5714
5796
3989
7084
8954
12168
939
10668
2919
8748
4569
2202
10977
10979
7333
14179
4002
4439
10985
13185
3849
4112
3227
3947
7653
5026
9506
10995
2811
4383
7065
4613
4959
9267
4891
5699
10129
3813
8419
4644
5605
7809
11013
11014
11015
8717
12098
7109
3605
11021
10521
11023
5955
11026
1040
6118
4170
1812
11034
11284
6165
1909
10306
8931
6812
11044
11045
3105
11047
12303
11049
9617
10553
6084
11053
10860
7601
5223
10817
11059
5729
11122
2939
11064
8607
8299
7763
8814
6714
4546
4178
2854
11079
6281
4099
6936
4269
4843
4336
5258
2036
5001
7753
7599
8582
9154
802
4268
5281
13108
11600
5191
7757
10651
7879
11113
11114
1393
11116
11117
7508
6427
11061
3652
7764
10796
9616
5894
8756
11132
3725
13225
9680
5451
11138
11139
4990
3565
8706
11144
3054
2529
7940
9042
10457
11304
9188
1960
10163
9115
3113
11159
11670
5809
4005
6734
2835
8567
4557
2791
6618
5147
4212
4724
12255
11176
11177
6101
7415
3118
4614
4588
4662
12674
7909
7586
6240
8911
4582
4742
7437
4233
9696
7283
5188
13569
10779
2508
5863
10673
2802
11208
11209
3276
6442
3542
2530
5055
8104
4017
3633
8839
6609
5855
7558
5904
1343
2316
5397
1193
5878
5961
7295
6566
6184
7782
3352
11766
8444
6540
11239
6353
542
2488
9070
6663
8145
5836
5732
11251
5039
11254
13180
4905
4103
11259
5707
7518
2266
11264
8849
1886
1814
2103
11271
4903
2928
5752
7707
12433
11278
11692
11280
4039
11282
3
11035
1305
8224
10539
8642
3398
4747
7416
4845
11297
4248
2929
9489
4794
5883
6830
11305
13001
7989
9798
4825
7931
4995
7391
3041
1933
3457
8486
6612
8375
6171
7235
7791
5599
11325
11326
7897
5727
11331
11851
10286
7727
5390
4704
9621
11340
12708
12131
5385
2520
12536
295
5791
11350
6102
7263
3314
6475
4580
8959
10231
6133
6352
11730
9857
11366
6354
905
13308
2536
1530
11372
11373
1149
5302
10244
7808
5134
5943
7739
69
11382
5066
11533
3874
3712
6338
5724
3621
3625
7523
5701
9631
9602
1712
12913
4041
1576
5940
4240
7769
11580
3180
11411
6228
11413
4357
2396
7620
3237
3040
4626
10327
2393
9220
2113
5595
2613
3966
1732
11891
11433
11434
8969
150
9945
2732
8389
11441
9838
2372
11705
10391
3406
3834
6883
5377
5230
1414
11453
7842
5546
1859
11460
11461
2478
6496
7085
5072
11469
5157
5773
5034
5532
6791
3747
5110
6607
6168
5911
8857
11941
4024
7720
5427
3443
3970
7900
6834
11492
2131
6635
11495
2941
5521
1598
7301
10275
11503
11673
2106
3839
4784
2153
6809
11511
2216
2265
9143
3310
11517
3050
1168
11522
4683
2246
12118
4711
5205
9759
13787
3317
7116
8090
5381
8330
9507
2714
1792
5582
11545
4213
4530
2374
10131
6264
5832
5363
10955
7194
11556
3772
11559
2174
808
11563
336
3305
3196
3137
4888
9649
3885
4046
4765
11576
11578
11408
8131
6484
11583
2085
8436
9210
9068
4702
11591
11592
8327
1748
3082
3651
4658
11107
7041
3279
6149
4337
8023
4109
5657
8377
6858
4309
11615
11616
5942
4912
8241
3098
4487
6241
11623
5212
4737
2783
8854
10465
11632
11633
9172
11636
5531
8811
11639
9117
7942
11642
2526
2095
9955
8523
10627
11415
4764
3612
6592
8617
10748
4188
7349
4294
4665
8850
1867
4968
7449
4197
1523
6952
11160
9496
5166
11504
1355
4052
1890
5330
3069
4292
7752
5782
4821
11683
3869
8889
7202
2192
11690
708
11455
4745
4384
11696
2603
1737
11701
4971
2218
11444
1747
7313
6462
5464
5580
7108
874
3924
7626
10091
9599
11720
8030
5456
11723
885
1572
5793
10225
10132
11364
2780
4496
4878
5664
11735
673
7596
2987
2297
1505
9715
11742
8114
9767
7421
6213
2285
11751
11752
11886
3711
4059
2985
6513
7453
4435
9591
4612
11236
10093
9915
5903
4947
2118
3169
3842
3623
2417
11777
305
2207
2365
11782
10662
6456
11785
5524
2444
1041
4450
7147
4130
9214
3573
7197
418
7169
5659
4980
6567
3304
6840
1970
5738
11808
8445
6831
4372
9386
10080
5483
3274
5160
6698
11821
7322
1206
2550
3160
3912
1382
7905
5342
7156
4977
6082
495
5978
11841
2122
1514
2270
5214
3478
2840
3354
3681
9448
4882
2243
8707
3131
235
5889
9298
6093
5057
12324
11867
8490
4029
3622
1848
3978
3197
5991
3385
10313
2442
6561
9692
7269
11883
3211
11885
11753
1803
11500
3239
416
11892
9151
6973
5951
6018
11897
5228
1029
4299
11901
12626
11903
2290
7205
3896
5864
2834
8063
11913
4639
11915
7704
3944
4676
6416
4252
4089
2957
3170
4063
13582
7258
3190
11938
7995
11483
3786
1274
4087
2719
5035
5060
5974
4355
9057
10524
2037
6105
8905
11962
2378
7311
7694
8415
6146
4831
1335
2800
2944
8475
11976
11977
11979
1134
7685
11982
10582
9716
4242
6927
5386
8305
13110
5119
7456
12282
5395
2945
2804
5338
4184
12000
9442
12002
12003
12004
6201
5371
9614
4463
974
10520
13985
1148
1278
8517
8815
4839
7815
1734
1386
3095
5232
6641
2402
6045
7953
415
3892
3251
3914
12033
6814
12036
12691
4984
3403
5816
12041
1524
12043
9851
8812
2231
298
7644
12051
2482
9643
7292
4896
7314
3691
3872
7429
4535
6400
4432
5711
5646
2310
6687
3259
4600
6647
3972
3806
2881
5216
7218
10578
2593
3350
9092
1201
4398
5130
3162
9652
9685
728
6587
5106
5315
11018
1577
6325
6684
12102
4930
6696
5090
12107
4661
7805
3726
5020
7491
1722
5909
1484
12117
8879
1949
6795
5528
5589
256
6106
11286
8028
11342
10363
3331
1507
1689
2698
3791
3882
809
12143
4049
3700
5551
12152
6885
3353
7514
3895
3154
4602
12163
9065
2377
8644
12167
10969
1540
3582
1427
12172
12173
7399
8004
7386
1332
8988
12999
12278
3281
7888
6874
5095
6021
592
4036
3968
5364
6579
4802
3029
9567
4617
6570
3963
2563
12206
5271
3794
12209
3028
2676
4191
13137
2813
11975
4498
3679
9300
1975
2258
5046
3471
4654
6862
3446
3189
1442
12237
2552
8629
6640
5440
12244
12246
2107
669
4468
4259
3795
3971
11175
4159
4250
12260
8162
2313
8792
1938
13083
4418
3064
2406
2956
6987
6867
9145
12181
2185
3343
5880
12285
4446
12287
9314
9337
8478
3060
3864
7091
3506
4770
12300
5772
13551
11048
3796
6473
42
4045
9511
12311
6519
8317
4935
12315
8587
6066
5554
2357
4490
4507
10556
8057
11866
1730
6472
8656
8773
3976
4911
6616
12334
3799
7618
2863
6451
2546
4119
10315
12344
2221
5694
9190
2072
1765
4177
11699
7411
3653
4823
6908
1842
12365
4409
5828
6922
10645
4707
13324
4700
8007
9664
8188
7460
3365
6301
4310
5101
5114
6928
3827
12385
5622
3669
9907
4320
9914
3319
10290
1796
12797
5382
4342
3960
1139
7011
2260
1082
3241
8981
5907
12413
3394
12416
3467
4908
13306
4273
7957
6003
13820
5288
2538
4830
12658
3533
12431
4020
11277
4192
5677
12438
5425
3488
9782
8887
3847
12444
8500
3840
8437
5636
2116
12451
5526
7532
9725
2034
3588
9326
1892
2318
2889
2173
8403
8526
4163
12466
6650
6135
5402
4317
2984
3112
2973
1314
5172
5746
2741
9
5708
12483
12202
856
7807
5283
7247
3225
9980
8208
763
2584
4850
1506
12498
160
5821
4038
7229
1361
3079
8205
1751
276
5142
4847
3745
5785
5011
1726
10712
9488
10302
6360
3049
3798
8369
5766
4402
12529
3469
639
9093
4997
3531
12535
11346
2652
9107
6285
5850
1319
12542
7794
3357
8956
12548
1364
8665
3981
4077
2150
1789
10355
5530
9577
2678
5688
5538
8498
12564
1744
12568
5176
3662
8895
1845
12573
5361
10059
4054
1847
12579
2363
9569
581
2370
10945
2440
9982
3850
9444
5749
12595
2979
1451
2190
1144
11279
11150
3751
6417
3778
4438
6144
12612
5653
434
12616
2758
9687
11072
4844
5696
8347
6090
11432
3018
11902
6819
2851
10495
13383
9509
2665
5292
2281
2206
1695
4454
5615
5690
2062
5848
2950
3704
12650
7407
6718
1591
6429
12745
10842
2910
3482
1042
8468
3940
5549
4610
8561
7873
4741
2627
8745
5861
5562
3270
5466
4922
4721
10389
5252
4081
3291
12688
1900
4609
12037
3449
6765
7955
14256
4162
3065
7629
2555
3168
5098
5938
5463
3516
3636
4369
11341
6843
2599
7163
9299
803
2500
672
2832
6591
6523
11761
5067
12724
2463
9971
7028
3929
2829
2860
4785
9817
668
5813
1957
7761
8218
6827
1767
7365
2135
12655
2189
12748
5781
1823
7477
4944
2606
12983
5963
7903
7214
10442
1497
852
755
12765
7475
8813
12768
3969
7111
128
12774
3288
4595
3675
3507
11332
9311
854
5442
2722
3495
4492
5824
12398
12799
7664
7289
4509
3812
3762
10135
2109
12810
12811
4030
4814
8866
7468
7249
4783
6276
3655
6347
3663
5897
4503
3062
1603
13090
3252
6280
9167
3371
2179
3706
6195
12844
6037
6806
6903
12848
5254
488
3248
12853
4067
6110
13288
11436
5059
5941
2549
3440
13481
10587
4208
4790
949
10853
12877
4919
7427
12881
2277
5273
4375
2315
12886
8149
4809
3741
4135
12892
3719
3666
4288
2434
4319
13591
3205
1611
3351
12903
4884
7677
12906
11934
3557
12909
713
4198
2917
12915
7131
9891
5807
596
4634
7830
5068
12924
12925
4534
3407
14101
4579
7988
8015
13785
3641
3287
1417
1828
4410
10324
5764
4750
3474
4100
4363
12947
6096
545
10386
2776
1980
3171
3943
1955
4786
5635
8422
4762
5672
7634
6
2967
930
5004
7238
5311
3646
5332
1218
3070
35
3100
12757
12984
5559
2936
4828
9067
3386
2604
4725
7714
6014
5150
3306
12997
9498
12180
11306
1385
2658
13004
6595
7042
8207
3746
4313
3846
7657
6837
3084
1897
13017
5555
928
665
3983
1936
13023
10781
8752
4756
3301
6428
13030
7030
1699
4151
7622
4992
7521
2379
4037
2644
7924
1905
1216
8431
4562
1869
4748
6511
5350
2554
9486
13055
13056
4009
5467
9380
9825
5581
5753
3948
4840
8102
10810
4545
4
13069
883
4138
2063
3964
3956
211
9986
9142
1866
13080
6396
12265
6738
7377
3045
8365
1664
3089
4284
4572
9243
3438
1635
13099
5065
3235
1227
1947
11106
8469
11989
8522
13258
2879
2904
13115
7625
2768
7382
2869
7697
5606
5722
7571
347
2516
3266
5178
3951
3707
489
3127
5333
5915
10450
4573
7687
4979
8280
4335
1956
9305
13150
2309
10503
997
3555
6958
6708
7573
4216
11036
2992
471
2580
2781
6539
7901
2509
2988
3442
2711
6198
2964
2180
3585
5162
11255
3334
7929
2344
2477
3870
7034
8233
5404
10592
7732
2400
10249
2384
2494
1729
7991
1469
3178
6449
3546
13339
13207
6162
2460
1137
8902
13217
10502
8481
8626
13223
13224
12235
7502
3988
3891
813
9429
13232
2852
6115
5590
7150
3733
3199
3311
5392
13246
4946
1210
3925
4953
4726
8412
5928
7759
4620
13112
1307
1873
13261
700
4381
3603
13265
2149
3563
3147
7244
4829
1951
904
3335
3476
5304
2420
3117
2763
3685
5245
14128
5561
14
12856
7683
2797
4648
429
5992
2937
7253
2986
10786
7104
1688
2609
4477
13304
2251
12419
11369
11384
8159
6797
3128
3255
13316
10010
13319
5378
9163
6808
12371
1285
2955
12781
4278
2888
2673
13332
3575
8012
2962
3285
13206
6085
2141
1300
5500
2587
788
7510
3634
4411
9867
231
13354
7555
2601
3223
11579
6036
13363
5325
2161
5346
8926
5583
3493
238
1794
2855
3682
2734
1592
6626
13382
12630
5945
2638
4907
3290
1865
7632
61
4296
2518
4818
3718
5587
7672
8532
1116
1142
2359
1378
13409
7410
7401
3701
4819
2007
3576
916
6235
10986
3487
6488
11627
3614
7067
9002
2976
5248
6189
1992
11992
5462
4373
1855
4504
3717
10243
13448
2856
3157
606
715
8266
3801
921
4901
8973
4437
1015
5819
4730
3159
1917
3553
5408
2771
1279
398
3503
13477
13479
3373
12865
6997
7845
3195
4431
4428
11190
13490
3075
13492
4838
7237
4447
13496
9232
7297
8277
13502
5728
3861
3893
3604
1418
8564
9686
3257
4875
7479
7522
5045
10018
8416
3803
4691
3810
3344
3690
4897
13525
3198
6503
2533
1595
3338
2429
3422
4161
1094
2199
9306
13539
3116
6881
2761
3632
8459
8088
6049
4807
13550
12302
5120
4505
3835
6855
4285
141
3902
7741
3024
13857
1479
5151
6723
5639
600
7454
8729
571
8586
2882
13580
699
11933
3752
11467
1366
1634
3540
5372
12898
4940
7117
6959
6551
4804
1191
10850
882
1690
2901
3483
3860
1014
2982
6258
5103
1649
4011
2853
13613
2005
68
13617
2838
7549
10531
1348
5121
8798
10534
2350
4698
3215
10205
3143
4256
3591
1718
13636
8583
4924
4714
2224
121
13644
1389
4331
7466
11490
8016
2739
4016
6217
1381
7121
5640
485
3729
1394
8464
5341
5076
5698
5091
4387
6204
6426
4965
3889
1639
4763
7531
13676
5285
8775
6909
3425
3346
3769
3071
4399
7400
7525
8052
6292
8247
659
1267
13696
876
6077
6645
13701
7003
4731
7370
10547
6119
2013
5473
9573
3589
9690
4513
1190
13714
13715
8273
760
5003
2712
5126
6748
13723
5259
4260
10718
2389
2004
13730
4262
1648
2339
4425
6951
2969
2674
13740
8360
4415
5565
1981
11199
1672
5185
13750
1903
4628
3985
5439
5128
4822
2926
13759
5264
919
5629
6871
7387
394
11400
2589
2537
5685
5417
2949
4051
10615
1569
2491
6371
12932
9321
11531
10323
1491
2759
7671
1997
2635
6555
13800
9689
3765
4527
3571
9641
5618
7146
3011
5648
12338
445
898
2878
2319
5179
13819
12423
8550
4247
8080
3578
3468
6580
6769
1325
3036
3938
7445
8227
8249
717
115
6746
9956
9639
1399
1999
5453
6267
3096
3108
9620
4386
3638
13562
8819
13859
13860
5412
1809
1046
5602
9385
3466
3119
1987
9185
4124
3532
3650
8880
13
12717
6491
5516
2416
9071
6654
6391
4206
729
101
3410
1464
2738
2436
2234
3611
2578
4543
3277
5319
6067
6826
3262
10347
3035
3088
2465
3814
8071
5654
929
9669
4751
8541
13924
13925
4025
9497
4276
1164
5856
1526
870
1953
2490
5343
5268
6160
13940
294
3816
4962
5344
2177
13948
1353
222
13951
1571
6631
3558
815
5967
2592
3672
4083
1240
2001
2655
2977
13968
2100
13970
13972
544
3543
3232
3038
6852
1835
7904
1076
2968
4889
12011
5491
1308
1265
1246
3821
5049
5017
3607
2798
9852
1989
275
4121
1753
4594
2053
7257
6026
4217
3569
4910
14017
6322
6512
1032
131
1583
1330
3275
14027
4973
2830
1156
612
3341
6244
4678
8252
6596
9039
7119
8096
6048
1738
8334
8455
6929
3566
2163
1868
1140
6430
1181
5048
1976
1518
1844
2473
5024
14062
2335
2943
4789
4719
3234
1537
8631
1755
4894
7494
7203
2267
14076
2188
1356
1962
1904
3395
847
4078
2352
4797
2600
6801
6802
1460
5547
4793
2720
4110
2255
1182
5058
4401
753
5192
2330
3077
2723
2171
7691
2818
2620
11921
1902
2242
4127
5339
2916
636
13285
14129
3937
4183
1326
6324
3515
3492
1111
14137
838
8553
6052
3615
5529
2535
2545
712
16
13283
10253
924
1123
1254
14157
6326
9292
4047
2394
4414
1472
5494
4474
2978
14169
10768
4388
9916
3728
3340
3789
14177
14178
14181
1331
8825
6255
968
14187
4989
14190
6401
8392
3485
2841
3348
5925
2730
14199
14200
14203
6776
4126
3875
3788
6013
2228
849
5681
14213
2383
1760
2264
2401
2147
1786
283
2075
807
5007
7338
5921
3158
2140
7896
3830
1612
3901
14237
4623
4813
2193
4332
1616
2097
6794
9016
3545
3841
2295
9717
3142
6142
11270
12696
14259
746
4389
2907
1657
5088
5647
2019
2773
3390
5834
14275
742
1500
7002
7393
8036
1264
1661
3823
6406
3918
474
2498
2636
1113
1862