12270
13111
11283
13068
12967
10692
13292
12480
14107
10895
13878
12176
13431
14111
10061
10173
21
12469
23
10496
13437
29
13738
3380
886
12509
5913
12981
13653
12744
9949
12307
13768
12171
12772
13301
8883
14060
13935
14166
11604
14126
13852
14186
9192
13661
13392
12430
64
14094
67
13616
14175
13957
13933
13464
13975
13693
13155
14171
13681
12418
10095
14266
6674
10735
14292
12425
91
13895
13954
13278
11358
14156
8433
13643
13404
13120
13892
14049
12939
13314
12341
109
11140
13417
10798
13840
14122
13449
12994
119
6425
13390
12713
14232
10251
12738
7055
14021
11242
14161
11223
13229
13971
13002
12306
13557
14250
7597
14244
13164
8515
12337
12760
13070
6153
14279
12499
12321
164
165
10085
10422
14219
9246
13691
13732
13903
13650
13127
14050
12953
13046
13276
13012
14287
14262
12702
12453
14191
13480
11740
11333
12405
532
13522
13640
12976
6629
14088
12349
12290
1333
206
13988
13728
11971
4538
13076
14015
13742
14022
13876
217
13346
13923
13615
13950
223
7144
13135
14233
13444
10086
13894
13926
12565
11738
13949
13028
13373
14042
12158
8736
13337
7587
10726
13452
8763
11584
12086
4436
14201
1318
13827
14193
12126
11908
11338
7325
11629
12809
11644
14230
9021
12737
267
269
8818
7866
13725
11597
10039
13581
13979
11849
14176
10753
10470
479
12821
8383
14286
10417
10482
12840
11347
13991
12047
12972
300
13698
302
7658
9752
11778
11716
13978
11687
13664
10143
7567
14001
13952
13222
11967
14083
1697
12149
13607
8219
12612
12203
13984
14102
13468
5641
6873
13777
13989
13609
14196
11565
14077
13805
12495
5169
14115
12356
8738
13128
13204
11521
14251
13797
13890
354
11980
14248
358
14080
4976
12636
13680
13565
13992
11601
366
13047
13746
14226
12446
374
13267
11589
12012
10203
11665
10782
12169
10717
10542
14141
9727
12134
11845
13086
6988
393
13622
13428
13512
13475
12668
11564
14146
10116
13764
2501
14103
12401
10678
11075
411
14059
10730
14202
12029
11890
14068
11797
10448
12417
10959
14167
13779
9450
14293
14153
12755
13998
14209
13529
14289
13117
12490
13192
439
14132
9426
12816
13114
9743
10278
14125
8108
11299
454
13081
11689
12395
14100
11232
13003
14064
13739
14182
10038
13568
13606
6415
13611
5444
13660
13702
12067
13806
285
6222
11520
482
12116
11674
13610
14214
11702
14070
493
9749
11838
13862
4627
13033
10758
14235
14224
12621
13311
13781
6172
10125
510
13257
11756
14236
14105
10965
14155
13054
10897
13898
13465
9841
13495
13748
13498
13826
12698
13136
9437
530
14234
194
13726
13293
14267
2694
13844
8930
13462
13973
12949
7797
5111
548
12177
13531
14116
13848
7183
13850
11334
14005
14069
13386
10416
12648
13580
12632
11163
10485
13574
14058
13051
12068
13227
576
12249
5812
14271
13817
12583
11810
12902
7580
12227
11402
9886
14197
14079
12598
12189
13641
594
10576
12919
597
598
12562
600
12890
13197
10339
13888
9038
13521
13837
5586
14032
11527
13165
13832
13763
13071
621
12769
13579
625
13901
9345
10814
629
631
13666
13305
12829
10138
8881
14037
7605
13558
13395
14074
13106
648
14143
11405
12346
4652
6848
13587
14164
12651
12556
13567
662
3635
13020
13552
13668
12735
1121
10154
12718
10388
11457
8927
13744
5854
11591
10797
4397
11020
7563
11842
691
9049
11763
14173
13815
6975
12979
13262
13855
12135
13916
704
13048
5706
11691
10499
12330
10411
13454
3302
13148
10702
13425
13707
6263
725
12094
13891
9456
11153
11681
13960
13508
13974
13796
14276
13393
12977
11873
10444
7063
11180
10498
8787
11449
13964
12764
14168
757
6038
14239
13717
14040
12645
768
9410
14258
13540
12912
14284
10964
10197
14269
13859
10098
14268
11025
11937
13063
13333
13079
13842
9303
9819
7106
14188
13415
13126
10604
13182
11102
14278
13183
14225
11562
13474
13553
7641
9366
13955
14165
3155
13672
12199
7282
8106
13505
3731
12114
13132
13248
13213
13864
12377
12941
11706
14051
13887
6577
13208
11031
14138
11942
11684
13618
10369
13397
14054
12560
14210
12109
13566
12785
13233
12494
9480
10187
7178
12996
13282
12462
13300
13918
866
8772
868
13934
14221
11576
12486
10114
13697
11954
13770
1520
5736
13600
8865
6272
11725
887
995
9870
12508
13590
6123
12597
5687
12573
13239
899
9813
12319
13563
13272
11368
11300
9740
12739
14056
10230
12706
9457
11452
13418
11091
1565
13457
12554
12178
925
13170
8394
13019
13917
12971
13993
14148
13219
13273
12869
13364
12762
13996
11078
12955
14249
944
946
13980
14086
12871
13807
13718
13496
12795
13720
8137
14212
9732
6978
11158
11241
12711
12730
967
13173
12236
10855
8041
12258
12905
12009
11094
12747
14204
13873
9503
12828
9175
12914
9803
989
11876
11909
13158
11767
888
12245
12279
13405
12532
13906
8648
10708
11309
12313
13038
13570
7998
12475
11371
12641
11614
13662
12077
13154
12627
13963
4302
14130
13561
13772
6112
13885
13088
10353
11027
11788
12660
14097
12719
11381
13863
11092
3677
11678
13345
7254
12096
1053
7570
12133
10581
10181
8968
10180
11548
12389
13969
14247
1066
5050
10034
10191
1070
1072
10650
13982
11002
10778
13341
9389
12878
12406
14211
13407
12274
13899
13473
11855
2238
13642
13536
9449
12516
6185
13266
7354
12654
12982
1105
13596
12505
11406
11840
9773
14136
11668
12746
14144
13631
12435
12539
11173
13166
12103
12517
12936
14206
12910
8380
12935
11383
11899
12464
13401
12614
11083
7312
13215
6707
12403
14052
13825
13406
9584
12911
12211
6879
11374
12896
5272
11272
13990
13646
14030
11124
1161
3427
1163
13930
1165
7860
7243
9887
4139
13310
13526
13870
4488
14242
14265
10027
13338
10623
1179
13138
12340
13656
14288
13366
9587
12822
13713
13598
10749
13769
1964
13601
11574
1199
12514
1202
13936
1204
13467
9483
12137
14078
9854
13130
13659
1214
11826
13043
10123
12674
13330
5040
12482
8465
9849
10631
13104
13780
12657
10970
12761
10263
13889
11996
13352
12676
12820
13961
12920
9984
13190
13533
13203
11085
13471
4859
13947
9898
1253
7950
10742
12970
14098
13758
12709
13749
14229
2479
11512
13016
13694
1268
13585
14227
13009
4085
14035
11750
14216
13472
11328
13470
7204
13325
10787
10219
9268
12593
13077
10092
3063
13169
12409
1298
12190
13343
13737
1302
5665
12954
11285
13537
13259
12021
8672
14095
13774
1312
12476
14283
7665
12541
13820
8388
12531
13939
1324
9181
12358
1328
9992
14025
12019
205
13881
11970
13372
10178
13784
13593
12716
8362
13589
11224
10418
12442
14117
13189
13621
13976
1350
14028
11546
8912
6976
11103
12805
8307
13822
10242
10312
13943
12210
12538
8254
11509
2464
12238
7029
13731
13355
11033
13706
13408
14195
3779
13365
11831
12396
7761
8914
12870
13667
13645
11437
14290
13193
4740
13375
12986
10338
14084
12775
11869
12304
13093
13129
12188
13483
10621
13242
12090
1412
9754
10266
8535
9860
9950
13965
4003
2480
11722
13260
13040
11595
11929
1429
10667
10011
12862
13900
6283
10933
14061
10152
11844
13131
10051
11833
9149
10322
12653
10456
8065
5238
9557
11569
12277
12497
13782
11770
8907
14109
12028
12804
11658
11431
7280
8244
13689
13202
3910
8203
12808
1473
13263
12617
13639
11445
10703
12933
14006
1481
7856
7319
11524
10873
14017
13103
1489
13791
3838
13143
11620
13336
12408
12124
14277
3680
8596
9735
9845
11513
11056
4300
9768
1511
9897
12140
11843
14013
13493
11543
14057
13594
880
13466
13821
8965
1528
13064
1800
8271
13092
13423
12850
9037
9398
8980
13633
13902
14044
1544
11803
13179
1547
8784
7705
1550
13027
12572
1556
10554
12058
12413
8740
13249
12990
11988
10820
920
10459
9438
13177
14241
10929
13275
10532
12791
7983
11958
11296
12357
13442
8709
3053
9626
7420
12079
10784
1591
13380
13997
1596
10000
11498
13760
1600
10905
8903
13062
10917
12351
12215
13530
11649
6883
12948
13635
11773
12866
6656
7537
10976
1621
9611
11643
3577
7164
10195
13835
6984
10234
13289
13588
13097
10886
12728
11904
9445
7446
13679
14218
10830
1647
12530
10600
14150
13710
13504
1653
12951
10432
13678
11263
10948
4137
11964
14285
13326
12391
11817
13344
10562
13172
13317
10641
12309
8282
10549
8242
12929
13654
1677
1678
1679
12780
8177
12345
14071
8995
11780
13329
14246
13849
12640
10106
12220
12887
13833
13353
9425
12267
6239
12635
13927
13026
10579
11399
13875
5013
8297
12625
13451
1720
4416
11757
13125
12355
6602
11141
11532
13361
8591
10974
14065
9148
2398
14127
14045
7020
13829
13384
11055
12566
13905
11638
1747
9354
11137
9552
2861
12882
14257
12978
13439
1762
8050
10297
13230
11884
12742
9939
9890
9501
13907
14110
10358
8400
13854
1779
13052
12638
7821
13484
12778
13226
11816
13256
13144
9104
10023
12590
11356
13374
10483
8308
10851
4075
1530
11911
10288
11887
14152
11248
6546
9559
11315
9608
10803
11267
10892
10479
12842
12687
7404
12750
11488
5984
12937
12615
10068
11990
1833
12478
13771
13414
11860
12656
5099
11391
13803
13271
9406
13010
12578
9729
10184
10368
12553
7609
12834
12854
11474
11261
13323
12474
13389
11925
2030
11879
9195
13022
13335
8442
13236
13095
13798
13445
11068
9581
10258
13168
9411
1881
13877
9217
13210
11266
8934
13896
1889
11676
12459
12524
12105
7351
13734
13604
5428
13751
13334
13042
12487
14000
12072
8869
1911
13171
10665
10901
13205
13634
12731
9676
13704
6818
10693
4963
8079
1927
13264
11462
10301
7153
13534
12214
12456
10939
12264
3936
2843
11493
13602
8557
10221
6418
12120
9728
11771
12958
9519
13113
11154
9683
11896
1196
13571
14172
3858
14087
11806
13761
13627
12855
10546
12224
13823
13151
14067
12052
10987
13636
12733
13176
13535
1988
12584
13584
13107
8990
1995
8809
13719
13041
13487
13962
10535
5117
13729
8845
10056
13416
14104
13920
5360
5407
10317
11734
12968
8259
3534
14270
11850
4019
12063
11081
13032
12664
12059
13509
14009
1865
8163
6249
11541
11570
4472
2039
14119
12329
13039
11337
3698
12700
13532
13515
6254
13614
13252
12969
9556
14007
9968
9840
2056
13421
10589
5851
13788
12646
12528
10823
6530
12773
2068
14134
13274
12183
7999
9108
10584
13977
13583
7878
12243
9940
4791
10311
14158
5356
9770
13597
7778
9924
8052
5144
2093
6865
11316
13884
12798
14089
13669
11414
13705
2102
11268
8801
12471
11505
11549
12461
7728
4118
11367
12088
12859
2115
7009
11443
9099
12659
2121
9843
13433
12248
2125
12452
13419
13682
9606
11184
10983
12212
12286
13812
10342
5747
2137
13195
11914
10773
13351
10911
8574
10912
7994
12099
14220
12673
9053
9469
8908
10392
11913
2156
9862
11065
2160
13358
13830
9329
10424
7346
9714
7678
9194
13245
12251
12038
6457
11561
9215
13851
11972
9937
11920
12826
8611
11430
13765
8373
9199
14240
12991
10654
14093
12259
14019
8404
10975
10682
4863
3231
8560
10763
6529
13967
11071
3919
2971
11880
11046
12802
11704
12819
13270
11319
9466
8746
13658
5990
12084
12712
12205
9349
9458
13897
10326
3654
2237
1091
14038
2240
13308
10183
2461
13319
12662
7310
11599
11830
11028
8350
12387
2254
13021
13525
10237
11700
7965
12093
9157
13700
12035
8115
14075
12992
2269
13478
12956
11959
8025
13626
12363
11164
14282
10446
8873
11854
10151
11748
7964
12899
13161
11404
10843
4289
13379
14055
11739
7882
12069
12506
11949
12310
10206
13152
12070
14066
9129
12690
12885
11225
13804
12460
10308
12122
11181
13928
11607
3673
8623
13675
3496
12895
10575
6527
2333
14063
12934
12975
13733
12500
12380
2342
12797
11823
12198
12473
2348
2349
12314
11978
4727
11482
7026
12927
11218
9563
13491
2362
12581
11538
11781
9137
13946
11429
14073
11207
13735
13518
10733
13037
12790
11200
12392
12830
6854
12322
5415
12504
13035
11425
8086
10257
11715
1735
6060
12974
12024
9670
6211
9790
12153
4470
2408
10564
8211
13756
11857
11776
11558
12527
13671
6760
13085
13790
5988
5107
13546
2431
2432
14291
11568
13015
11772
5972
12587
7877
9983
2443
11787
9889
7943
11212
8186
13754
13624
12589
12266
5149
11955
2456
14160
13543
12558
2244
12725
13912
12570
7902
2468
7779
8381
11800
10013
3016
13159
13184
8470
1749
1423
6542
12053
11060
2485
11775
11243
12904
8994
13240
13762
13359
13196
5100
12803
12864
9734
11487
405
9265
12561
11759
12424
8456
11204
11123
14207
6220
12182
9193
9598
10394
3358
10185
11605
11465
13629
10709
7829
12938
12465
11273
14183
11213
11059
13124
11889
8423
11370
12993
7012
2539
9378
4948
2543
13237
7722
12861
13838
7986
12240
12515
12161
12293
12827
4752
3749
9931
14106
12381
7285
10909
11828
4460
12239
13307
3452
8657
8384
2575
5316
2577
11917
12534
10944
11760
11314
11654
2585
7945
8595
2588
8043
9959
10593
10954
7068
2595
4867
11733
7255
9847
14010
13254
11698
10661
12763
10449
2608
10940
6992
11862
11235
13576
11861
6208
12364
10617
11795
12472
13755
13299
12320
10510
2629
13795
2631
14048
7368
13712
11439
13432
10727
11393
13688
2640
9178
4966
11131
12817
3372
14217
7379
12907
7050
2654
12942
11313
2953
11003
12814
10337
7465
8184
6518
11985
9062
8493
6901
9000
12092
13331
8246
6482
11298
10890
7266
13908
5881
13572
13603
12689
2685
13279
10910
2689
4205
13082
536
13953
2696
12136
5857
10961
12893
12410
2704
12839
12926
9525
10664
13174
11518
11215
12388
2718
11946
8053
12787
14114
13221
9146
12081
13438
12777
14198
13874
11145
12415
2736
7660
5251
13506
2740
12479
7828
11497
12360
13096
2749
7390
6967
14273
7350
12677
13234
3120
10770
13792
7884
2762
13280
11219
14139
13391
12503
11870
7209
11422
10343
13789
12952
13050
9590
10380
12353
11183
11969
8040
13486
13463
11617
12336
6042
5143
11170
8170
2793
7921
3596
7141
13290
12297
6644
2801
11167
12467
11997
11600
7876
12843
10384
12007
10997
13398
8547
13554
10889
9927
5920
11398
13721
10094
12032
10544
14029
2831
10458
9460
6960
10804
12097
10425
11848
14194
7219
1940
8568
4773
5433
2850
12628
12039
8920
11074
13450
7536
1754
2862
11228
2865
10907
2867
13910
7288
9351
11120
12943
8804
13816
10017
8545
12806
4603
11995
13250
5075
12414
10504
11818
12807
7624
7608
8074
2895
13983
10360
3592
12601
12837
11774
10089
12366
3129
2906
14264
4458
2911
11427
12284
2915
10972
9323
3549
9459
4204
13160
12959
11063
12432
11274
11125
7332
8685
12945
12930
12294
10256
7695
11496
11396
11084
10537
11811
10993
6154
12207
11590
2951
12427
12683
2955
12042
8935
11010
9936
6683
10517
9877
5835
7918
13435
13527
7033
2214
14133
3897
5755
13348
12076
11523
12596
12006
7545
10293
8055
8256
9101
13297
5426
11344
12054
6935
13105
13163
13455
12501
12376
13861
10541
10009
9786
11686
9806
3003
3004
7139
11792
8953
9436
3873
11585
13811
9600
8689
2475
12569
10836
9316
6377
3021
12770
11253
13286
8731
12197
10883
10019
8199
3034
11486
11269
9255
11287
3042
3044
11837
13956
12468
13856
12523
11470
12841
6999
1586
13340
6083
5540
6470
13775
11927
10800
12339
1294
12269
11986
8742
10215
11099
12980
11618
5957
3075
14113
3078
12208
9603
5074
11596
10745
14163
11377
11709
13911
13089
13427
3091
10767
11115
13528
10346
11293
7820
10790
10362
11801
14016
10846
14231
10523
10370
10874
10304
8655
12046
4480
4344
10516
12252
8187
13868
2757
3121
12218
8918
10931
9948
10463
9844
13547
9510
14281
10076
9824
3727
12191
3140
12347
13632
12100
3330
11477
13268
9878
10861
4483
11779
12160
817
5475
12729
10172
10451
9347
3161
13612
7719
10794
12691
9864
5482
7869
10083
6122
6242
12147
3179
11410
5083
14076
11302
14145
7837
5109
9816
13073
11711
3191
13399
10120
13485
11567
11874
10127
12397
13773
6286
12661
9760
10729
9251
4904
3213
3214
12390
12838
11451
3218
12692
13523
12686
8048
10511
7819
10990
10706
10999
3230
2206
8646
7611
13238
11459
13699
11387
9283
12708
12639
10815
10175
4018
8485
10751
11508
13488
13315
13175
11105
11630
13937
6196
13836
11947
6552
3268
10336
3271
13443
8044
10415
14026
11210
3927
3278
11603
10958
12148
4841
3283
6210
13075
12857
12055
10934
12155
6675
3295
3296
11721
6649
13247
716
11566
12308
12342
13303
11993
13243
7201
11146
13434
11292
9080
8144
6849
8047
3327
7511
3145
10746
13181
12973
3336
12868
3339
11172
14033
12280
10291
11552
10841
12845
8906
10785
9925
9746
10005
10864
7330
3355
12544
10350
8622
12852
8148
10545
5610
9125
6719
13619
10356
3074
10795
7633
9524
5369
13841
31
11878
5923
9061
11388
12989
12400
12411
9648
5800
7733
9899
10655
14082
10599
10354
11214
11791
11682
11412
10285
11257
13625
9944
10829
10188
9281
13893
4608
6209
8417
3415
7749
8696
12276
9970
12917
11392
12722
11089
8916
3426
12551
13295
10248
6979
5815
5124
11129
3439
12863
3441
8320
12231
3447
3448
12492
12017
9788
2569
12779
9252
10832
9056
5328
12960
11290
13091
5726
5145
13867
12372
13029
11134
9578
10402
3472
13011
10077
8192
11378
10032
11847
10328
6998
14085
9515
10687
4542
13422
12440
3491
8853
7775
12789
2329
10014
6590
11424
5443
7480
13476
13776
8702
11871
11940
13461
8674
6744
14185
9304
12705
8639
10548
13802
10518
5063
12325
11176
11893
9005
6793
13913
10081
3529
13277
12331
12429
12643
3537
11680
5201
9364
8349
8351
11560
11799
11097
8633
2921
11724
11825
10801
12684
12908
11983
10096
4703
9883
12897
3617
11142
10042
4599
11987
10625
4568
7018
11652
9665
12923
6248
13198
5742
12851
4433
10799
13178
10533
9977
12457
10904
12647
2898
3594
6437
2795
9408
7569
8771
3600
11626
9850
12751
13507
6050
10207
11311
11394
10683
11650
12526
13426
9019
3564
10557
13146
10300
8711
9081
6062
14036
6842
6312
8278
13544
9312
12275
664
11407
4835
12226
8847
8868
12599
3643
3645
8677
4525
3649
13134
4555
10177
12359
2236
12824
6323
3658
8666
10831
9121
12026
6759
8963
12894
8505
13931
8348
9479
9952
11515
10439
1262
12288
1501
3681
13377
12873
14131
14012
12675
5310
12283
12060
8432
9929
8563
10117
2044
5643
9106
3702
12776
12649
4508
9855
9976
6758
12020
11754
8851
11323
7661
13167
13446
3718
8555
13828
10684
12812
9797
7810
12111
14174
11260
7170
13067
12620
7808
13695
13200
11758
3974
11016
9282
11475
11813
11594
12603
13187
13253
12241
8531
13945
12874
9307
9409
11991
12679
3767
3768
13683
9063
3771
6053
9353
9248
4461
4874
12606
1380
9710
4307
10789
6572
9574
3787
9186
8614
3790
11281
6709
3793
10611
12253
10276
3797
13511
13882
14272
8121
13519
11192
8761
3807
3808
11421
10629
10559
12610
11007
13944
7435
12386
5825
7363
10325
8537
12384
12437
10072
11745
13482
11448
11318
9920
1492
11506
7541
7812
3844
6489
11245
12443
7265
9427
9245
10698
10515
11038
12204
13605
10348
9297
6387
11675
13328
11291
12608
11466
13186
13235
12061
3309
7881
6942
6742
12247
9309
5553
7747
11573
9201
6604
13228
13394
10427
10957
10509
3766
14053
9275
9634
11233
13883
6688
4407
11540
10100
3908
11525
3657
8721
7774
8606
3914
9122
12906
9656
13752
2213
8200
11859
9173
8499
10788
10943
3926
3277
9638
11952
3931
10774
7696
1939
10471
12672
9804
5944
8584
9794
7844
11220
14151
13469
9352
8727
7700
12439
9040
8733
11516
9776
11575
4688
7296
12156
13342
5171
4106
12193
10252
10330
12254
12075
3973
5436
6920
13065
10591
3979
9551
10946
12663
11227
13753
10440
10572
13778
9100
6624
14135
10695
5204
3997
3998
11637
13578
4001
8548
4004
4155
6302
8899
13652
13057
4937
11098
8089
7262
4016
11217
3246
2022
4020
6291
4254
11484
7159
9609
10359
12125
7642
8406
4033
4034
4035
8831
11174
10722
4040
11401
13524
10561
11420
11999
11178
12048
8647
10906
12794
11355
13559
13716
8287
12555
9723
10426
9846
8600
4068
4069
13783
8566
4072
5236
8103
1799
12348
9536
4855
12891
9333
10150
12667
11945
11928
10133
4244
4092
4093
4094
8062
4098
8031
12944
12301
11258
4104
13370
12170
4111
10989
9260
13724
13684
4116
11305
2111
10765
9607
14004
9896
4123
13872
14031
14205
14170
4129
4131
6141
9719
4136
1659
6884
1169
13458
10671
7702
10900
11216
12962
12726
4150
11166
14180
4005
10160
13309
5218
12257
4371
9661
9160
10204
8543
11898
4171
12602
12754
9111
8111
4176
12354
5783
11138
13767
8376
11694
13879
4187
12642
7932
11087
4193
8098
4196
11667
6318
4199
4200
11957
8076
2923
2692
11189
12295
9905
4209
9542
13156
6763
11108
12965
11895
5927
8301
5112
10193
9262
11304
4224
10818
4226
7273
4228
13368
9203
9612
4232
12450
7853
4235
12312
7344
10146
13078
9822
10918
9795
10016
4091
13387
10859
11193
11912
10233
13919
11924
8645
4023
13686
11361
10352
6229
12196
13367
4682
10006
4266
10364
9087
10399
11707
4274
12129
12876
10813
13549
7467
8766
4284
13556
9739
10047
3101
9213
11679
4959
4297
12966
12685
1509
8735
1026
4306
9523
8767
4310
8178
4312
12184
4938
7045
12112
4318
11182
4322
11710
11832
6939
10711
4327
4329
9908
13647
10926
9914
8743
7680
9168
4338
8592
11672
4341
4342
11413
8960
6287
9477
4348
5886
4351
6913
11395
4354
6864
10472
6487
4359
6015
12946
8474
7321
10837
4160
11762
4374
12884
10780
11956
9550
4379
9022
8694
4382
9633
11695
10033
10108
11875
14263
4933
9926
4601
7906
4394
9144
8141
686
12586
13685
7654
14108
8860
6452
5507
8524
3904
7224
11326
13349
4826
13520
13630
1721
11093
12268
6041
6179
4421
12624
12222
8409
9313
13858
12637
12065
3695
7628
10060
251
11240
9179
10984
4440
4441
10375
11577
10536
9356
4849
11741
11789
12454
8900
6739
4457
2909
3776
10004
9534
12031
4467
12082
11157
2407
5324
2036
7174
8318
8588
5973
11169
12318
10012
3987
8120
4482
3152
9491
11835
10764
11621
1173
9216
4491
10869
10681
10927
7233
11732
13510
12217
6514
7278
11536
13459
4506
9537
10395
4510
11446
11918
4514
7652
4516
8253
6833
8189
13555
12146
12545
3648
6295
12605
4529
4532
10433
9748
7048
4537
210
4539
9218
6615
3486
12918
5713
11205
7385
10409
4549
4550
12025
9301
3651
4558
9387
4570
9302
8637
4564
7110
13560
5756
3572
4757
4561
8479
11294
14253
6526
7612
5389
9681
7777
8757
11191
13212
6130
13006
12165
6499
10514
12110
12699
4593
9602
4596
5993
3567
12073
4392
12049
2884
6483
10229
9113
3583
10570
11606
14124
11765
11001
7264
13429
7307
12200
6023
11655
6957
9418
9544
14238
5999
497
13548
11934
8658
10884
10888
5933
10857
8834
6753
12736
4638
10158
11994
8462
4687
9999
11009
11428
13291
4650
4651
1048
13794
12229
8708
6076
13711
9554
4659
6799
7870
4663
12985
11661
8249
4667
9666
12931
4671
8817
9962
7987
6494
9800
5030
13865
6857
10097
8411
4263
10264
7155
4685
4642
3957
4689
10705
12652
10863
9858
4695
6847
9588
8667
4700
11718
8939
3561
9031
8374
8593
7388
8154
7433
8650
12815
7138
8450
4717
4718
12964
8741
12507
11042
8156
10477
9553
13251
2353
10856
13736
8013
5976
5910
5965
11628
11836
2821
8966
9601
5989
7358
4746
10307
12233
11143
13058
2557
6870
11473
9394
4758
9464
8243
9922
10840
9657
8221
7447
10563
9205
2845
4774
4775
11471
13999
6890
12940
4781
7336
10630
12732
5929
4788
5525
6704
2081
13542
11301
4796
4798
10505
10776
8890
12519
9741
5247
13440
4808
12888
9322
11005
12496
6348
10680
7434
10265
13958
7232
10638
9699
4413
11336
12426
9957
8888
4833
4834
4499
13255
4837
10190
12370
11807
3282
9197
11295
14147
4447
4851
4852
7031
5263
4531
11703
1249
12151
4861
8324
2204
5116
5626
4869
11312
9372
4873
3777
12095
10282
12332
9463
10932
5093
4885
11463
8823
13371
11004
12195
6951
4895
12022
12547
13424
12173
7606
13061
11719
7968
3212
11030
13708
10988
13460
10262
10994
11403
8064
4914
10686
6405
5239
4918
7793
12448
4921
12678
12285
9066
13687
10101
6575
4930
12128
7105
4390
4934
9155
8894
13592
9789
8925
9659
10585
13118
10063
2542
8300
12879
13231
7619
10920
8262
13628
7452
8061
4960
13347
11252
9048
13145
2721
4967
4968
6087
4970
11476
9580
4974
4975
360
8093
8719
9779
9973
7458
8067
9781
6603
14189
5184
9156
8213
13420
9256
10731
4999
8786
12995
6403
9713
13313
10165
6205
8534
8589
10870
1716
6569
10169
14123
6606
5019
7861
5022
6643
6698
10105
7412
7396
8000
4677
13550
13808
8216
11472
11037
7300
1222
9269
6620
6894
10881
8975
11865
13216
1373
8451
11685
5054
10220
7858
10898
9615
10079
3521
5064
9712
12723
11151
9682
5070
5609
13673
7711
3411
2887
13665
13014
5994
9784
10710
9270
3181
7021
6711
8713
5087
12416
9704
12219
12234
5092
7963
5096
5097
10519
1839
2496
8190
10875
8594
6573
9334
2596
9348
3187
1985
4220
12016
4864
2003
5118
10489
8832
7600
13503
3435
5125
12574
8511
11827
8843
6831
14011
10866
10481
8870
5136
7792
6443
10963
9494
10210
2908
2092
7376
2453
11786
12788
7381
10528
6374
11250
7975
12423
11069
5161
10281
5163
8325
6846
8168
9504
341
3965
8830
5255
12669
9540
14118
5180
9249
9012
4991
8471
10283
9291
10996
5189
8651
10212
5193
8363
13757
5196
7462
5202
9585
10551
5266
10877
8542
6836
10755
5662
4158
7023
7133
6394
5563
5224
7535
7439
9755
7051
14027
10865
8652
10653
12604
4738
1449
4917
7934
9775
8206
7316
11973
13284
9966
4805
13385
2738
10148
10441
12987
5176
5256
5258
11107
12154
12335
6943
4854
12379
5207
5267
13938
7072
9865
10493
1152
12883
7362
5276
9162
7016
12078
10284
6822
5282
13677
5286
11019
8715
12040
12634
5293
10736
5295
9341
5952
5438
10246
7982
11375
6898
5409
5370
13595
3689
9675
8223
6584
11343
2576
6781
13904
5320
9212
7202
11747
12609
5327
3459
9431
11677
5846
9861
9730
5334
9769
6559
5337
11693
9934
12734
12089
5343
13320
9942
12187
13410
6054
6634
10739
12327
8820
9879
5357
10332
6448
12575
10652
13453
12194
9508
7440
5367
5368
3377
5308
10512
10747
7715
5375
11609
11839
13122
9771
12399
12225
10002
10393
9414
4576
11610
13703
13915
12703
11746
11363
7226
9439
5400
8704
12402
5403
11761
9635
8068
2011
5306
5410
5411
11012
6598
6696
13494
5418
13690
8780
8840
5422
13880
10377
3456
9548
1901
8982
13084
12498
5432
2849
7229
13644
3975
5437
11090
9008
12786
473
12232
8533
9003
5450
5936
8438
5457
8620
5461
12743
12704
9678
11534
5468
14159
6937
9641
12421
5474
5930
5477
6911
9468
5481
3683
13995
8378
5485
13013
7740
8393
10635
11728
9050
8100
5497
12085
12491
8329
5502
6181
7408
11286
10196
7559
7298
5514
9720
5518
8430
5774
8514
13801
9707
4789
7962
5527
12577
9958
5532
10321
5535
8938
5538
5539
3057
12950
13185
9376
5544
10737
7367
10613
9951
12540
5550
12150
6755
3882
13018
6633
12796
11696
10513
10478
5223
10104
7890
9988
7279
5571
7216
8922
13194
6501
9401
14047
5579
10050
9158
9751
13400
5588
11796
12784
5591
9722
7862
7916
5595
5596
10838
6932
5600
13376
12858
11416
12833
8069
6404
9319
5071
3367
10270
13922
6681
5616
13809
6956
10241
6133
5623
7097
11348
4868
11766
12010
5743
7547
8005
10309
12449
9943
11256
12783
329
6850
3699
7899
7506
10128
12326
8333
5650
12533
12373
8913
9809
12317
7348
10421
13942
7176
5217
5664
1303
7981
13577
9324
7528
5670
12727
7966
5673
5674
8569
5676
12436
10825
10391
11965
7993
5683
12130
12305
10400
2209
8104
9375
12644
5998
5693
12115
5695
10277
7939
9894
5700
9233
10819
7137
5037
5709
12066
10620
4577
10962
5715
5717
12782
5719
7158
10122
12835
6815
10689
3463
11329
12375
6777
5730
5731
10834
7785
8238
5985
881
10637
10110
9791
8176
6508
3782
5631
7889
5745
5746
2136
5748
7461
13743
11275
9546
5808
2974
4567
11900
5758
6221
13306
13109
9419
5763
9209
9493
8492
5767
5768
5769
5770
10211
9235
5520
8698
10269
5777
6174
9724
7315
13456
7729
4178
10213
8556
12559
12502
8864
11727
11922
5795
10073
7637
9028
3391
5801
11501
9423
12957
8929
9169
11179
5754
13133
10619
10208
654
12404
5814
3432
11082
9384
7024
12119
11041
12721
3833
10526
10074
12367
5829
12521
9549
7032
5833
14243
12030
8609
5838
11289
13663
8119
6199
5845
5331
5847
11147
5849
11769
2059
5852
1392
11834
8789
2699
10401
9673
10622
13489
10371
11910
7602
5866
9454
7459
5869
5870
10941
9140
5874
6904
5876
5877
11229
7309
11008
2681
7758
8660
10876
4350
8862
10087
13008
10201
10783
10644
13049
9799
5898
5899
5900
9357
14260
11043
8638
10227
9868
6030
10694
11479
4734
9807
5912
4936
10540
13139
5918
8009
14228
5922
4095
9636
9314
5926
4217
5476
5931
9805
4633
5934
5935
5454
8991
10488
10189
9644
7213
13994
12567
5946
11663
6421
9078
11119
5953
6137
11024
7234
3073
6305
5959
5960
12481
7094
12758
5964
4736
5966
9292
13447
11104
2438
4476
7406
5297
10379
9138
5979
5980
11906
5982
3081
5735
5986
8091
2426
4743
9688
4598
5078
11221
5996
6706
5692
9462
6335
9369
12849
12613
6005
8477
6531
14208
11907
4361
9642
10273
11651
6383
5970
8790
8110
11265
9273
9882
5907
10387
6032
7588
7578
9560
12836
1540
9910
6805
4419
2788
12520
13287
14096
13541
12463
12101
3605
12262
14140
3773
9095
9875
9726
3240
9395
9244
11829
9842
11528
6070
13545
6390
14003
6074
9221
4656
11784
6078
11697
7615
3056
11349
10530
6660
5853
6368
12623
9373
13294
6094
9758
10445
14120
6098
7340
9921
8084
6103
6104
9237
13638
6107
10812
7974
9919
1067
6113
13053
9505
10827
12281
12138
6121
3735
893
10476
11397
6126
6516
13378
4584
9224
13199
5622
13709
11485
9098
6138
12145
4132
14254
11593
12611
7857
11968
7886
6148
9912
6298
10329
6092
2948
8955
6495
11000
7992
8468
11535
7149
8397
9901
6166
10835
7450
12925
11320
507
6955
5778
8525
6197
8856
6705
4420
6180
5503
11891
8230
1100
7374
8758
13436
6190
9421
10550
13327
11962
3264
6176
11602
5844
6200
12005
6990
13648
10109
10700
4597
3284
2404
7938
9596
7114
9130
13655
11121
9090
4195
1020
6233
9595
6227
9443
8019
6661
8316
6223
6234
13157
6236
6610
8714
1706
11187
11622
3177
6243
12922
6245
9811
6247
3579
2033
13137
6252
9989
2048
8723
11161
13608
6259
6262
11551
10247
13322
6269
6271
884
9343
8157
10179
6279
12296
11080
6282
10043
3464
4346
7323
6289
9694
4022
13000
9698
12633
5533
12394
8288
6151
6665
8692
4006
10598
7318
5958
6306
12900
12714
6309
8358
6311
4787
7746
9085
13350
10255
4198
6319
6320
6350
3656
13149
11640
7520
9110
8764
6330
6331
10893
6965
7910
6001
6336
11390
6432
9088
7952
9064
7548
12458
9452
4815
11230
7186
9308
7341
14213
8520
11032
6358
12522
8610
6363
10396
8183
6367
6089
6369
11731
11587
6372
6762
5156
7708
8291
3020
6378
7699
9240
6022
9094
6385
9403
3863
6388
6072
6392
5222
10506
10314
6399
12064
11852
7781
5701
5607
12493
10340
8161
6410
9096
6412
6413
6414
1422
11923
4315
9010
9198
5948
8294
9128
6424
120
13670
6428
11276
11384
6436
6339
6433
10676
10319
6431
6438
9330
12162
8011
11211
5138
7172
9660
10908
6447
12594
10167
4403
6477
6454
8495
11507
4080
9718
6459
6517
6461
11708
8085
6464
10568
6466
13959
3058
8196
11198
10115
7132
11357
12580
6453
6478
6479
11088
2675
4605
11951
8599
6486
7632
3845
8950
12781
6492
6156
10492
7054
7914
4916
5576
6502
9618
6506
6507
6509
9177
12316
11712
4500
7287
6460
2664
7809
6520
6522
10826
6524
4574
8167
3156
2066
6012
9358
6533
10821
8026
8447
8283
11152
11249
6541
2481
7380
8940
10235
1806
6547
7802
6549
7039
6551
6504
8296
9954
13799
13072
7960
5336
12142
8728
8352
7228
6564
9074
8608
7441
12880
5014
12201
6910
3784
5284
9060
7324
835
11867
6923
12813
10555
11882
7996
5314
8779
7053
6587
6588
6589
3884
12720
11555
6593
9382
13005
11670
6597
5413
7200
9332
6127
5710
6605
5018
9361
8276
6237
6611
9020
6613
6614
12074
11171
7389
5043
10473
6622
8160
7546
13381
7485
6628
2210
12159
13211
9619
5558
5349
11582
11511
10274
10001
12242
6666
5023
2800
13083
7701
11246
9435
9527
11660
12292
9363
6658
9416
6086
6231
9200
9231
6299
6642
8399
6668
12221
7302
6671
6672
86
3292
8846
9874
6930
6680
5614
6682
2963
10924
9981
6686
13747
9541
13909
7252
9131
10938
6697
5024
6700
6701
6703
4790
6178
6708
3792
13288
5085
8073
7978
11070
8037
13403
12447
7355
8082
12164
8361
7550
6727
10035
6729
9405
8078
6891
6733
10385
7206
6736
10437
10685
4541
6740
10919
3878
7064
3512
11096
6746
14121
6750
6751
9745
4636
6754
5552
10048
6757
3709
3663
2422
6761
6373
4212
6764
12693
8536
8653
10334
6770
8372
10849
6773
6774
6775
5729
7267
8427
6780
7946
7730
6784
10914
11199
7871
9267
9116
4073
14245
12250
10885
9632
8482
4661
8992
14090
8826
6804
6040
12846
8793
8232
7985
11960
10992
8917
10634
5724
7843
9455
1923
11888
9829
5281
6823
8293
10407
10947
12741
10144
10878
12023
9991
11494
6835
5210
11480
7405
6839
11805
8664
3629
12223
9646
6845
5165
4696
655
5642
6851
7688
6853
2387
13031
4679
11657
6859
6860
6861
12230
7543
8489
9906
7157
4754
11699
1941
12185
9011
10543
8977
1148
6880
10699
1613
4138
6887
9118
12618
4779
6732
6892
5044
8209
6896
8701
5305
9025
6900
2668
7470
13674
7261
6906
6907
12361
11647
6571
9159
13727
8974
12810
3976
6921
12510
6579
6924
7397
12383
10872
6931
5598
7166
4969
10436
5471
6938
4325
6941
3877
5262
8285
9327
8194
10646
6949
6950
4894
11669
6953
7152
6173
5619
4620
12175
10507
3637
6961
6962
7826
6333
6966
6969
6971
9451
11894
10766
698
1354
8087
960
6648
7402
6983
2648
8410
10303
13244
578
9586
6202
6991
2611
13142
6994
6995
6996
11822
3480
3173
7000
7001
14280
10980
10852
7005
7006
10610
2117
7212
7972
2538
10828
7015
5278
7913
3573
7019
6521
12695
5220
5820
10603
9271
1371
12228
5832
2970
11438
7630
10868
7038
8739
10809
11863
8948
7613
8997
7047
7937
5230
7971
6586
6497
7056
7057
7059
7095
7061
2558
6743
8695
7066
13098
9052
7070
5875
7073
11155
7075
9446
7274
10639
9258
10903
7081
12489
7635
12511
11165
9978
9032
7443
7090
10743
7092
11247
5962
7060
10923
5624
7248
9441
10484
7101
7102
7103
8135
4932
3298
7107
11713
7109
4817
12771
6215
9422
12753
7118
14041
9923
13657
7122
9147
7124
13412
7126
7575
7128
7129
6474
5221
7526
8581
4715
3595
12071
2796
7142
7143
225
7145
13810
7473
9489
6954
7154
6869
5892
12057
8494
7163
1627
7165
6934
9259
9733
11798
3730
8978
6444
4473
7175
5661
11196
860
7179
7180
7676
7182
555
9605
7751
6351
7187
7188
11783
8146
7191
11877
7193
7195
7196
11194
7198
6600
3526
5414
12484
3996
10168
6735
7208
2770
7210
8635
7010
5942
10438
10412
3609
8371
7223
4408
5397
6563
5434
9120
8799
4823
5956
8265
7239
9622
1167
13269
8116
8686
7098
10552
9793
3124
10565
14008
7534
4013
11478
4684
3848
2679
6778
7724
10260
8414
7272
4227
7077
7275
11612
7849
4501
5569
3859
7281
10648
2562
11648
2869
12801
7833
9447
12546
9566
11231
5131
13499
5513
9545
5039
11499
10121
8239
7306
4616
8842
5879
2248
9191
10003
6449
6304
12548
4988
6576
441
9583
7327
7328
7329
3354
7331
10404
11984
10750
4782
9126
11339
6099
6354
7342
4237
2165
12260
5658
11864
2754
12529
1102
11238
5620
7359
7360
7361
3822
12670
8552
5546
2633
8612
9662
8949
8140
7825
6321
7375
5146
9815
2650
5720
12550
10259
10659
5705
7386
10586
4708
6619
2750
8681
7392
14002
6925
9873
12174
13413
6981
7403
1821
6838
5975
10816
5504
9075
13411
9484
5027
8117
7414
10469
10084
7417
7418
7419
1826
7788
7422
7659
7424
9706
9637
12062
12901
8858
7430
7431
11385
4711
5269
7436
8081
5359
5366
6567
11389
7089
14149
13834
3664
5015
6720
10468
11054
8484
11948
7457
5105
5868
10279
5750
6515
7464
12157
11335
12697
6902
9123
8454
7148
10675
12766
7476
12752
7478
3501
11744
7483
7484
6627
7486
11510
9161
7490
12113
7492
10487
14072
9180
10734
11579
7499
8387
7501
11714
7503
5645
11613
9072
3328
10414
7513
12036
8323
14222
11262
7519
6327
13514
8875
7524
7552
7134
9604
5823
7583
9961
11259
9300
7260
10922
9310
7540
3840
8314
6863
2981
5633
6343
10805
6725
7551
7525
7553
9663
12368
5512
8466
7561
8248
689
8008
8676
7566
6893
7742
3598
1054
8684
11631
10341
7127
8022
9514
6159
8521
4983
7582
7529
12513
7585
11553
245
6034
9295
10928
8364
11950
7818
7908
7595
11737
145
11162
5121
9277
5865
7604
642
14112
4733
1854
5617
4575
7044
9765
10413
7617
10429
7610
11418
7621
13818
9278
2892
13430
12860
13087
9152
6488
3374
12682
7083
10647
5798
10126
7640
812
4031
10228
10271
7645
7646
7765
7649
11944
9625
10725
14024
8829
303
7423
4957
6150
7662
7663
12800
3551
10250
8604
8237
7669
7670
12179
7672
7754
10688
10732
7181
11203
2167
9379
4336
7682
7684
7686
8988
6852
7689
10759
11362
8774
9672
2940
3934
7698
6646
4144
7703
12422
1588
11017
10715
7709
8245
5073
7712
8250
12455
5373
11195
12512
3164
8101
2548
7723
7268
11624
8641
2110
5782
6783
7731
10349
3392
10822
10390
9731
9808
5489
8130
7743
8279
10643
6313
4140
7748
3416
7185
9102
9555
7673
7756
11935
11583
9388
1384
8805
14099
9772
8750
12592
7769
12352
7771
9109
7951
4189
3494
7817
4827
4296
3115
7780
11234
11076
6380
12282
9787
5243
6717
12543
7795
9997
796
10020
8370
7800
6548
7804
7805
9236
10608
3734
6519
4806
7811
4258
7813
7814
9994
9004
7776
7593
4362
3097
7373
2743
12921
8794
7834
7835
7836
3186
8260
10949
7841
11916
6816
4546
12576
9823
7848
7277
7850
4234
12438
8516
1482
6187
5056
11705
1166
5593
7863
7865
271
9331
10724
4662
6790
12756
7874
9526
2807
4880
11112
3875
2298
7883
2760
6147
7887
10882
5997
6193
7891
12298
7898
11936
7901
2467
13981
11671
12557
7594
11185
7912
7364
6498
10040
7504
7917
2967
10467
7920
5627
14255
9374
7924
11201
8824
7927
7928
9974
11310
4191
7933
5240
8251
7049
6213
5697
10254
7941
9058
2586
7353
9624
14020
9967
1254
7773
6341
9381
7954
7955
9119
9947
7958
9296
6918
7961
5526
5094
2286
5672
7967
5669
9077
9254
7011
7113
5158
7976
8512
7017
9478
7980
5666
6145
10093
6810
7207
10618
11307
7990
13201
6158
5681
11939
7997
2073
5029
8001
8420
8004
5634
11529
10538
7564
5919
8010
8012
10223
9412
8017
8601
6670
9036
8021
7576
13036
8024
2274
6583
12106
9141
8029
10860
7787
9293
8035
12988
6715
8038
8039
2783
971
8042
3005
5741
9344
8892
3323
3224
8049
1895
2983
12323
10862
9960
4958
4096
10166
4913
9082
4985
5605
11352
8859
6712
4097
8075
4203
8077
6731
6782
6101
6463
2594
6977
11160
7496
9866
6402
9045
8094
8095
14043
4194
5496
7721
12144
5688
11611
3630
11992
8109
6109
5226
11058
8946
11743
2265
7246
7413
9530
4481
5872
8123
9570
14179
8355
9208
8128
9370
7741
11581
13948
8133
8134
7314
8136
957
9572
12167
7372
6788
8143
5458
7190
8528
10942
8150
8385
8152
8153
4709
10192
4723
6275
9434
12607
6623
6408
14023
2032
8164
10461
8166
5166
8169
4820
8171
8172
13941
8827
8998
7568
8179
13586
8181
7647
5237
2448
9298
5167
5101
8191
5663
6947
8195
6471
13153
11634
8673
8202
3444
9917
10968
6895
10569
9827
9512
8215
5033
8217
12740
5173
8220
4767
5312
10137
8226
13140
12272
8229
8231
6808
8236
8051
7305
10041
11619
5354
5009
7710
2674
9702
7562
4666
7713
7936
12045
4768
1367
8255
2984
8910
2017
7838
8261
8264
7238
10817
8267
9365
9737
8863
13813
12600
8835
6609
13500
7744
8280
8281
1671
8284
8480
4057
10718
8290
6376
12166
6422
10067
6553
2820
8390
5084
4219
9650
8304
1797
8309
9869
8312
8313
6232
11557
8319
4074
9280
9263
7515
4862
5164
12186
9654
8328
11537
8331
11491
5649
8335
11324
8338
8339
8342
9655
10007
10662
8346
12622
3669
3818
3542
6562
8886
10374
8126
11454
6310
13741
6724
1341
5194
8365
13100
8679
9495
11419
7220
6771
2834
4705
11136
4183
8377
6382
8659
1126
13651
289
8151
11045
7500
11440
8298
8391
14192
5490
927
11222
10937
6164
10669
9721
9684
2201
4032
5501
9448
8413
7271
8416
3414
8418
9261
12963
2534
10595
8425
6779
13966
8429
5519
8431
5843
8434
8553
12216
5859
8439
10261
2883
11353
11237
12333
6537
8448
4761
5051
8452
7472
13362
2506
13402
9017
4641
11226
8032
10808
6160
8576
7851
9226
6525
8476
6006
10588
8286
13220
8315
8483
7455
4519
12847
8488
7112
11868
5766
3313
6455
8983
8497
12563
3923
8501
8549
11197
11415
3667
9848
11118
8509
8510
5127
7977
5521
148
7855
12273
10102
8519
8453
11646
4406
6288
8526
8527
8147
8530
6334
12027
5447
7603
1415
6766
3826
8538
10198
12485
4168
9055
2880
4002
8502
8551
8435
3720
7236
2517
8558
9294
2207
12665
8562
3694
13241
4071
11790
2844
5675
8788
8936
8572
8573
7438
12525
8469
10913
9558
8579
9902
7173
11100
3942
8585
13575
10609
4475
6625
8590
3715
4339
5104
4101
8597
8598
7136
4067
8018
8603
3913
5837
6905
7560
9328
8802
10612
8838
8619
5459
8621
6362
8624
8625
11432
9069
8628
11588
8630
12767
10295
3548
8634
8636
4563
8640
7726
10268
8643
8724
4675
1717
4712
5233
6768
9627
3836
10779
2570
4630
8379
6116
8661
10824
6841
8665
3659
4698
9325
8670
11717
1309
8201
3509
7565
7215
8678
8367
8680
7391
9709
14157
4108
7247
8688
6230
12433
10245
6301
11656
5884
7065
8697
5775
8699
11354
6897
3505
8705
8706
11856
4900
1585
11278
4587
13017
5086
6238
5289
12629
8762
8718
6493
9007
8644
8726
3949
6561
8730
3849
8732
7150
10772
1162
8737
822
7040
1560
4720
3066
4334
10633
12631
2224
8747
10973
9891
7767
10286
13025
11930
14274
10491
14091
5021
7162
11303
10239
5888
8717
392
6329
9001
4571
10222
10406
3599
1035
8618
11530
8776
8777
8778
6970
6366
8781
8782
8989
2226
6297
5575
8570
5856
6024
8791
12263
6807
7831
8795
8796
9801
13637
7231
12013
5028
8615
8803
2877
7762
10480
8807
9667
2471
10320
8812
8814
6270
270
7668
8932
10566
4887
7926
14184
7655
7657
6317
4674
5612
8833
6550
8722
8837
8617
8839
5421
7308
2005
3639
9579
9413
11662
8852
3912
11282
6188
8857
8649
8303
4402
5889
5792
3209
12083
9903
3176
6356
8872
2280
10280
7523
8876
9222
8878
12694
8882
1910
9859
8979
9928
5478
8891
8046
4939
12571
8896
11308
4007
6035
12034
1604
8904
9613
4426
3539
5137
8257
11188
1369
8915
4580
6813
3125
2854
10140
5573
8924
4942
11726
5805
11040
8821
13819
1887
8937
5537
6544
8942
8944
8885
11982
8457
6490
9561
8952
3007
9918
7735
10182
4345
8961
8962
3665
1527
4741
11435
8970
10998
8972
12139
6916
6585
11932
6944
7171
1996
11376
6441
8496
8984
8985
8986
10991
7687
8783
1993
5937
6800
9872
1693
8996
7046
8844
8999
8765
6025
8225
3525
13932
8720
5440
9009
6538
6875
5183
9013
10844
9016
8550
9018
3616
6612
611
6899
9026
5799
9029
10292
4704
9033
9035
8020
1535
1631
14039
11150
11148
9043
9044
8092
10464
6824
3436
5495
9051
2150
3458
7944
9059
6699
3384
2666
3789
6574
9623
5904
9067
10163
8627
11802
7510
9073
6565
7409
9076
7969
5950
3770
3626
8066
9083
11244
6314
4581
6747
9127
6219
12087
9487
6384
6055
6411
9492
6136
3991
2985
8725
10769
1789
9105
5401
11881
5654
7772
6328
4174
4607
10577
11156
6792
9117
6888
8274
7230
4270
7471
9124
7337
6423
2312
9133
10594
9135
9136
2367
7227
9139
8028
11514
4888
11236
7542
7956
1734
1467
10454
7631
11186
4977
2262
5583
7123
5429
8768
5277
10124
9164
9165
9166
10275
4716
5806
9170
11133
11635
3922
9174
3369
9834
8056
4438
7495
1326
9182
9183
13871
3788
9187
9188
12666
7311
5522
2645
2725
4455
11321
6420
4356
9202
4352
4883
9206
11444
8127
5764
10558
11190
5448
4291
11794
4489
6798
4540
9219
12412
8877
11039
9225
8472
9228
10614
9230
6713
13497
9234
5983
8473
7371
10323
12393
6381
9241
13649
169
14162
3775
5181
9250
3320
7970
3039
6342
10720
7079
7167
4113
8419
4222
8322
13517
2590
6791
5323
7027
9272
6027
9274
10811
7601
7816
9279
8828
3746
3241
13007
13321
9286
9287
9289
5954
5968
8034
8559
7589
7959
3862
8188
10306
7532
4554
4995
792
4992
13024
13538
3759
6427
7539
11284
3633
5925
9315
4890
10880
10294
5608
4811
2920
6543
8861
9798
6946
8613
2260
6439
6601
4083
5106
9336
9338
9339
9340
9342
7088
8045
5733
9346
3160
5108
2232
2870
4604
3774
1748
9355
4614
6256
6532
12091
9360
7161
9628
6657
3540
8268
814
9367
10691
4872
6091
7923
5689
5543
9377
3500
8321
13059
7953
6912
7679
13866
13116
7760
2446
11447
10290
9392
10045
4756
6064
9396
1536
9399
7043
6721
7852
9407
3597
4393
8015
8849
5388
10867
6659
9417
4621
5762
6191
5803
9996
442
4337
9428
9880
5486
9432
9645
8158
6914
4744
6212
2617
5399
7099
12001
6228
1640
7591
7292
9142
5211
426
8003
6346
9453
5867
7507
730
3118
2922
5274
9461
6000
6058
5987
9465
2223
9467
6386
4526
9471
11047
11101
9475
5174
7979
4099
6653
9482
1207
7411
9778
9320
7214
10936
6131
9097
5765
8368
11331
9497
10951
9500
1771
9502
980
6278
6115
10628
11539
12255
8214
9513
7577
4923
9705
9517
9518
10777
7799
3375
4287
8310
6651
9529
8118
9531
9532
9533
5682
9535
4078
4507
9538
7752
6749
4681
10839
4622
7299
5753
9831
5427
5831
6676
7692
8340
6663
7753
2894
3417
8578
5011
9562
2360
12671
9565
7294
9567
9568
12582
8124
13296
8175
9888
3785
10602
11450
12168
3470
6511
1877
11981
7326
2394
5203
6989
5299
7291
10054
11764
10891
9594
7036
6214
11409
2515
10453
4929
6175
7527
4635
2252
10792
8905
9963
7893
11128
11050
6667
6632
13853
9621
9383
9065
7947
8113
4560
8654
9362
10845
9631
7579
4383
3900
5405
5924
7426
6063
9640
5472
6018
12056
5940
5265
11571
8302
9651
9652
10887
8327
7242
4943
6617
5668
7370
8407
12374
4446
6177
13316
12818
3201
9671
5860
9674
6140
9677
5464
9679
9680
5069
3012
8403
9685
10021
10971
6353
13793
11926
10567
10015
9693
6290
10408
10679
6293
6866
9701
8247
9703
5089
9516
7425
9708
9089
4380
9711
5066
2502
9767
14252
5301
5515
8491
5592
4658
8602
10075
2975
5333
7737
4378
8343
8951
11974
8269
4286
907
6169
9830
4535
494
10026
5584
304
9753
5228
13492
9761
6095
11051
9093
9757
9762
9763
10574
9766
9716
1510
8836
2085
7764
1110
9774
6468
5702
9485
6535
9780
4986
9785
4926
7789
3451
4941
2405
5739
9792
8072
3943
10367
3724
5897
7222
8797
9802
4246
4878
5932
3002
6419
9810
9132
901
9814
9086
3903
9818
9820
9821
5424
8359
9826
8212
9828
9853
9833
9176
10915
9836
11109
9839
2055
4027
2399
6337
5307
2599
3935
4028
11751
9832
3707
9885
13102
4693
9184
2052
5365
2158
11052
3443
7211
9867
8263
8311
9871
8993
7398
7400
6056
9876
5275
3149
5355
9430
11641
6029
3576
9856
1774
9573
2445
1770
8749
9969
9893
9895
4122
5456
9900
8580
4367
9909
6246
4333
14142
9916
8204
8954
6650
6100
4764
4649
3350
4391
2819
8889
6155
10642
2559
9932
9933
5340
9935
4036
3755
12350
4502
2653
10344
7623
5759
10209
9946
7957
4164
6964
3671
9953
6554
11645
12338
6594
5901
3455
8060
7530
4673
9614
10065
10982
5246
7949
2188
9892
4484
9971
9972
7929
9975
3708
4964
9979
6685
12588
4396
11481
6253
9990
6832
1329
9993
8090
9995
7796
4643
1897
6639
5740
4462
6972
6359
8344
10008
4133
13318
1431
4479
2474
3497
9692
4243
4518
10018
5082
8421
10022
7911
12141
1962
12998
10398
10030
11809
6216
1790
6728
10036
10037
467
7915
8240
3566
6285
10044
9393
10046
7357
6917
10049
8099
5465
11317
9747
10055
4230
10112
11433
59
10062
5081
10153
9964
10066
8295
1968
10070
10071
6787
7369
3136
13692
5455
11905
10082
3475
7416
166
588
10088
12299
10091
2507
7984
2827
83
5178
4680
781
10099
3907
7076
8518
8816
5135
1696
10107
6662
6505
6165
10858
10057
8258
9647
2472
3696
13147
10571
3194
9742
5721
1217
9163
8097
3312
6110
11006
10145
11550
11812
5536
10134
10136
8224
1549
10139
8921
10142
1395
6828
10130
4238
5252
2284
1438
10064
3425
10156
13824
4980
12123
4544
12889
5153
9715
6206
12916
10345
4521
10174
3245
13101
3652
6985
8607
1057
8956
3114
4429
859
6340
5939
4838
5241
10217
6933
5511
1537
8539
12445
5893
379
6882
11941
5332
9945
6059
5772
5191
10214
3068
10216
1947
8014
10224
10225
10226
8682
6061
911
11360
5780
3150
6545
12382
2414
10238
12037
5621
12202
10244
8691
8441
6730
3430
8669
127
3969
3541
4305
8440
7554
1232
5016
1414
10267
6756
9592
7644
8808
9167
3944
7798
8642
8874
5162
7806
5186
9015
3958
8751
2166
12261
9391
3623
9030
3685
9318
8632
10296
10298
10299
6986
3389
10305
9326
4747
4059
7421
10310
2082
10313
6397
12343
10316
4735
13831
7790
5534
1445
10253
10403
4366
12759
5249
5225
10331
5358
10333
6769
4134
2660
2307
604
6407
3587
9941
10171
4591
12431
3861
7732
4221
1039
3397
10754
4330
10357
5026
2897
10361
3270
12132
6752
10366
9796
6361
843
3806
5863
10372
13225
4443
5425
10378
6163
10381
10383
3606
11851
8463
7736
5679
3831
4301
4683
6365
10029
4271
5917
4882
10324
7333
10103
9695
10410
7218
7616
7512
2356
291
1344
10466
7304
346
10423
5696
2837
5008
5811
10716
10430
13045
1655
6445
10434
10435
6936
6737
7217
6803
10953
10443
2354
7460
11490
420
2607
12681
3371
10452
10069
10455
4553
11149
2930
10460
8165
10462
4530
9046
10656
10419
7919
7453
388
3937
10351
11365
10740
6124
6039
8806
5134
2104
9520
14203
7493
5938
5119
8755
6496
5271
10494
26
11824
3226
1225
10501
13218
2889
6002
6395
9750
10508
2628
4029
4588
9433
6276
3111
5773
10520
3128
10524
10525
5826
10527
8174
10529
7028
13620
2858
3586
11820
6375
3408
8007
5914
5567
386
7614
3852
5744
1672
7062
5206
10871
5113
6581
10556
9589
7846
10560
5175
1666
5572
2413
8822
10199
6465
8210
5010
6963
9764
3405
595
9238
11659
2720
1056
10582
13209
2813
5460
8063
8478
4702
13191
3948
9134
8564
10597
6303
3396
1649
10601
9575
10596
2751
10605
10606
10607
7807
9024
7007
8616
5547
9229
10616
2619
7988
6226
1409
5861
1466
10624
3570
10626
9506
3810
1226
10632
9114
6814
5493
10636
8182
4824
8522
10640
1669
9930
9253
6566
12369
6948
7283
11519
1074
11111
7839
5234
5796
3394
10465
11586
10744
2605
8345
10663
5977
11690
3498
10668
8398
10670
4143
10672
11206
7474
10677
671
9696
5699
7168
2809
3611
3722
4915
7745
7973
7750
12831
9371
3528
8353
5209
10696
10697
6817
6881
6678
10701
3581
10704
4690
3228
10707
1687
2522
5371
12518
10713
10714
2663
8289
11021
9257
10721
4493
7653
246
4548
10728
413
4998
7675
3930
7497
87
5294
5644
13324
8884
10475
4672
8155
10660
3333
11966
1192
7335
11819
282
14046
7690
10760
11627
10762
2208
4993
5827
6974
3092
3169
8734
2140
3932
10775
4801
10428
1078
8656
5810
12552
3008
5894
3479
8675
13298
8235
4990
10791
9610
10793
3165
4208
11127
1168
199
5148
3061
4376
12477
1813
4326
8459
10806
8467
7041
14223
9276
6108
4279
628
4655
8266
5776
7151
6534
2065
9150
7822
6523
7892
7014
5712
3457
5732
6167
3019
4947
5597
9543
5187
6503
10842
2293
9400
9738
5704
10847
10848
13599
9397
12872
11095
10807
4634
10111
5659
8030
3151
9047
6621
5229
9415
7037
4492
10553
5585
3110
5102
6096
11057
5045
5372
6796
9653
4697
3915
1815
6332
10894
167
10896
3419
5059
10899
4145
1914
10902
7734
3590
1601
6008
3493
7618
3210
2623
8577
6785
9835
10916
1606
4241
6741
10921
7538
7096
6684
11998
5058
7875
10930
4565
4881
4175
3796
14014
9490
8396
6695
5871
8811
6821
3824
6690
1802
7840
13839
9499
13987
10442
10956
3895
3280
749
10960
9079
5139
3989
10966
10967
8208
10969
9687
8748
2202
1620
10977
10978
10979
7003
10981
9965
2131
4439
10986
3028
4908
4668
3227
8987
6812
3471
4911
10995
5188
2811
8971
4613
2089
2658
6608
5531
10129
3813
7940
6316
3172
11011
5561
11029
11015
6434
7706
12098
5412
10719
13074
11023
4154
1040
7225
11014
4905
4556
1812
11034
13162
5738
3856
8931
5822
5362
5903
3484
12303
11049
9617
9759
9863
2816
1508
10879
2531
3208
11330
11062
2939
11064
11066
11067
9404
6714
2212
13623
13787
7784
11077
941
11079
3670
5816
2122
5270
2152
13481
5420
6480
3424
5439
1777
5287
976
10854
6745
6036
8582
802
7718
5971
3258
13108
7571
4213
9837
11110
7879
11114
3093
8507
5991
4163
6218
11122
1158
2929
11126
5147
11130
2646
11132
9171
4536
12235
8375
6183
4179
11139
110
3565
4750
11144
3554
7888
9042
10457
9041
5880
6637
8848
9068
9115
4303
8412
7080
569
3692
8529
8909
3584
4557
9470
3438
3924
5321
12131
3523
4046
7415
2667
3562
9473
9812
4206
9211
3805
5703
7437
8662
7448
8897
9630
13569
7677
2508
4545
10673
2835
11208
11209
3276
2447
2530
5055
6192
4017
2781
2764
3945
5995
8395
3000
1435
2316
8464
3984
2864
5878
7295
7533
7782
9145
8444
7356
11239
3853
5140
3342
9084
5707
7407
1805
5157
11251
4962
11254
13180
5638
4784
7069
5288
6734
7518
4365
11264
7313
1886
3544
2103
4314
11270
11271
3108
4903
6344
8002
11277
8710
11692
11653
4039
8854
11035
1305
5505
3781
6085
3398
3096
4572
4845
3490
1030
3104
9266
4223
7989
9299
5451
10657
4871
2656
3041
2095
10053
4786
2221
6171
11168
11322
3713
8337
11325
4410
11327
7897
6872
11061
192
1822
9629
5479
2982
284
7338
11340
11341
11342
7847
5385
12536
3043
5625
6789
11350
11351
8138
8887
8700
4053
1792
12014
10231
4256
7691
6352
13814
10474
11366
3434
1416
11369
11177
11373
10741
6257
3086
3476
11379
11380
11382
1129
6430
7432
11533
5632
3712
7716
7303
4832
5387
4353
5003
6125
4464
12913
2419
4912
4240
2998
6068
11580
9597
11411
3610
4343
7087
8923
5603
11417
10627
4253
3809
5001
11423
7104
11502
5908
4647
6458
4800
4569
8626
10059
11434
8969
12362
1444
7034
3054
10202
11442
9207
1477
4511
9528
3834
751
9576
3217
915
12867
11455
11456
1398
11458
4044
14018
2478
4886
11464
11345
7085
12724
11468
11469
5098
5034
4755
1858
7666
6607
8070
6837
9986
6539
11483
7720
3835
2758
3970
11489
10447
8332
11492
11495
3477
1598
11500
11426
11503
11673
3839
8389
3403
2235
3105
1507
3850
4722
3050
10649
481
684
11522
4509
6599
613
6069
8006
10355
11531
11386
7116
7815
11288
4799
5484
12371
1517
11544
11953
2383
13066
3083
2374
10131
7071
4631
9154
8317
6010
2174
808
11563
7896
3305
3602
3137
3896
9649
11572
3885
1198
4765
4444
11578
7498
11408
9593
6834
7759
249
4562
10658
9210
8629
7074
3978
11592
6143
7093
1427
3138
12044
2320
365
10376
1913
2519
6149
3675
6379
10397
7276
7508
11615
11616
2786
4025
8241
3098
7250
6241
11623
7725
13207
6500
10761
6007
260
3259
7573
11632
8198
9172
13845
5130
8149
11639
9881
2526
1943
9955
8523
8504
4503
5302
7442
3575
4848
4619
9744
6858
1464
10578
7674
5725
5947
11664
1251
11666
4197
6952
9496
7651
7488
5330
7599
4292
4973
3869
5858
410
12903
10666
708
11279
6797
5577
11372
5560
9151
6871
5208
5449
5110
2218
7859
832
6026
6462
8744
4323
7667
6692
7629
4064
1118
9481
7454
9700
11720
4701
11723
3954
7648
5793
5554
11729
13441
2551
11735
11736
7596
2297
1763
7387
8114
9223
5395
5325
11749
2357
9852
11752
11886
12420
2249
1722
3742
2563
6513
10135
4372
9591
4612
7555
993
5850
2802
2500
3842
3344
2486
2417
11777
3153
1689
2365
7189
11785
5524
2444
1041
5345
9998
3399
3006
9214
2621
7197
7169
4639
4277
9070
1545
11804
9112
1970
5035
11808
10031
3402
2945
3748
11814
11815
3274
5160
2890
10752
10534
8919
3100
10497
5322
1215
5467
2866
6473
2250
4324
7738
4935
6082
5978
1109
11931
1134
1514
2962
3536
11846
2840
280
2021
11332
8088
11853
3225
2598
8707
11858
5470
1837
5406
7042
8693
10539
12749
6578
8490
2946
3340
2950
3197
5951
3385
7192
3382
3454
9107
11883
3612
11753
1803
6819
4103
3760
6182
11892
6081
6973
4437
3401
11897
9691
11901
12626
12875
1638
10080
10674
257
6877
6776
3988
11915
3288
4676
11919
6868
13985
6652
4486
2960
9690
3060
4089
2957
8753
11841
8976
13582
4629
7757
7900
5580
11938
7995
6152
10205
3786
11943
8129
8185
7693
4840
7456
5556
8769
4552
11545
2164
2455
6105
1580
6157
7078
11961
6195
12549
7727
2990
6146
5381
1335
5244
9736
12107
11976
3359
11979
690
9582
10503
7707
5390
8305
13110
1832
3763
3550
6929
7639
4745
13722
9442
12002
12003
10500
5080
2810
12008
974
5630
12011
377
8928
11359
12015
5115
7249
13339
1331
3131
5232
4384
4060
8532
4465
12033
8901
7514
10240
4984
3252
5291
12041
2958
12043
11598
6393
10420
6945
4602
12050
12051
7643
5353
6268
3622
9643
4896
3953
6829
7429
2043
7931
4432
5711
2495
2944
8571
1908
4600
8341
3972
4216
7284
1589
12080
5216
4468
9980
2593
5498
250
9092
3192
5855
4819
2261
2482
4875
1052
6442
4512
6325
6472
12102
1120
12104
8059
12108
850
4590
3726
7491
1093
5911
2246
12117
12118
8879
1949
12121
4332
10159
2344
256
4931
4477
7086
10363
3928
825
2698
3791
6120
8973
1513
10025
6560
12143
9817
6139
4523
1715
9522
8142
12152
5168
6885
4559
7803
240
6630
3154
7393
12163
4586
8292
9577
869
13188
4899
7399
15
2216
1193
7671
12999
6540
3700
8326
7194
2352
2822
2592
3615
12192
7378
4893
5190
3029
820
6009
6570
10243
5684
2504
12206
2949
12537
4742
2772
5678
2075
11975
3123
8027
2574
6669
4424
6843
4866
5509
5046
2283
7030
4654
3446
5446
4749
8145
11135
12237
5545
4821
2552
6856
3102
12244
2885
6273
2124
2107
2554
4802
3795
11175
12256
2135
7347
7177
8792
1938
12385
3515
3820
3064
12271
8228
8959
4813
5629
1453
12278
3966
12246
9057
8107
5848
3087
4925
12287
12289
918
12291
7502
2555
7263
7322
7827
3506
7895
10090
13551
11048
2855
6066
5570
42
2473
9599
4417
6398
4739
12315
8587
5685
5494
162
12324
6417
5352
12328
8773
711
6647
10547
6446
5836
9956
6451
4119
3307
12680
6927
653
5647
5909
5006
10723
3281
7770
4177
1724
345
1582
2144
3653
11436
2618
4724
7558
10645
11542
3467
9664
5728
5885
3980
12378
5264
2341
2561
10236
4692
12265
3876
3025
3130
1663
9239
8386
6161
1796
6274
12398
3387
5582
5813
6224
12407
1867
1297
8981
4769
9220
1559
4434
2735
421
82
12419
11755
8357
4725
5386
12658
6618
1581
10347
8690
12434
6281
3828
7854
4319
4625
12441
8443
372
8437
4952
6051
12451
677
9725
4892
3894
8898
2109
4010
1131
3940
6135
12470
2205
7489
2347
3112
2973
9440
1834
3437
9
6349
1994
7203
8541
2396
12488
7082
1402
8866
3950
6654
874
2584
4850
4956
5431
160
2732
3037
2391
5141
8506
9913
1505
6922
10149
7717
7584
1664
4626
1809
1726
12334
9488
7301
10302
6360
5752
2747
8575
8369
3819
4066
3204
10119
3531
12535
11346
1366
1743
5549
12542
3955
6045
7549
5807
7320
11963
10781
4188
7714
8775
5788
2678
4147
599
8498
12564
5062
1744
7925
12591
3646
3662
8911
1845
6119
8306
1847
12579
6826
2363
3357
4858
12701
5342
2440
9982
2503
3301
12568
7768
2409
6450
12595
5637
1451
2190
3642
8273
5839
6075
5235
6198
4404
8159
3868
5326
3812
6144
324
7531
5653
1830
6889
12619
4844
877
8347
6090
4423
3018
11902
1023
2851
13383
9509
4843
6772
5292
2403
3365
4431
1781
8759
4454
6616
4979
7885
3756
5068
745
3704
12650
6718
6429
12745
1838
6065
12428
5652
3678
3206
4610
8561
10218
4086
5177
9564
5568
2130
1499
5466
8205
12344
10450
2954
3556
7270
2322
12688
4609
3867
6765
8895
14256
8958
3065
6406
2045
12585
4776
5394
5690
7258
4385
12707
12710
964
3203
122
2437
12924
2832
7909
5824
5404
2463
5052
8112
5303
4355
2829
4061
5335
1983
8102
2804
2153
128
8218
8941
4471
1566
12655
5253
5818
12748
11866
1932
5197
7477
11556
6811
5142
7872
12983
5963
1497
5114
856
12765
7475
8813
3929
45
2067
12774
2578
4766
3188
2411
4640
6491
9002
10386
9311
8401
5442
2722
5152
3483
1578
13030
12793
4425
955
5559
2343
2171
12799
7664
7289
2217
3407
4830
3762
3423
2839
6919
5589
6580
6396
443
9669
6162
1239
7482
3116
12823
3655
12825
2828
3711
1612
10690
13090
6640
7395
7100
2901
4595
4818
2808
7091
6886
8486
12848
8193
6475
6722
12853
2688
3514
5794
5602
2114
8671
3804
1433
6338
3310
13206
1617
11453
3337
3373
4079
10853
10186
4051
11903
12444
4919
4996
12881
2959
5273
5789
2315
2744
4809
10162
3741
4135
4409
3666
3095
13591
3837
6307
7428
3351
12213
4884
3916
12909
2023
3033
11400
4038
12915
3421
4897
596
2215
8815
8880
12717
6170
4831
3338
14101
4579
3857
4670
13785
3287
2582
2168
2524
3516
6476
831
8405
7240
4363
12947
3866
1548
6596
4231
2458
7058
6118
3099
6266
3036
5635
12961
4149
8422
4236
10389
4112
4024
2051
2852
4453
1793
5873
2401
3166
5311
3017
2203
3070
1238
12757
12984
4907
6168
7842
2860
3846
4058
7205
5060
5150
4184
12997
7108
13001
1385
463
13004
6595
4585
10768
3126
2774
4313
3729
6048
3084
8712
5757
13745
9305
8752
2742
2996
2324
3468
12792
6855
2025
4151
2452
11608
3706
4617
8402
1767
14034
10431
178
4120
4891
5350
2097
9486
938
13055
13056
9091
5128
13060
1644
3266
5722
11547
3938
581
883
618
6556
3956
1291
6401
2499
2993
5500
8902
7377
7627
1200
3089
12832
6481
13094
6264
2769
7067
13099
8366
10176
9857
5864
4398
2991
646
4730
11106
5761
11989
13258
3719
13115
2917
13119
2182
5379
13123
5615
5408
5992
3269
1529
3560
3951
7598
3650
3180
3127
11688
5915
9429
13141
7022
3535
1788
6592
6440
10118
2604
8926
13150
3546
7791
8947
1022
2185
6958
992
2476
4928
2992
471
2580
2359
5916
1296
2509
3558
3725
2711
6049
2964
3585
11255
3334
5542
3752
12172
2484
2891
10592
1461
3676
6655
4592
6132
6250
7991
4049
1247
2771
12865
5103
10583
1885
6840
4583
13214
5890
6645
13217
10502
1855
8481
4422
2591
13223
10373
3580
2139
3891
1421
6370
8227
1256
2756
11782
2872
3236
3499
3733
8565
5182
3311
8517
2724
13246
7382
3802
4953
4726
2050
6225
511
13112
5727
3691
7864
5154
4737
3563
7383
4829
2372
7035
5004
3983
3461
179
10796
2420
9444
13281
1125
13283
5245
14128
4214
6044
12856
9337
5259
9571
3251
4971
2027
1688
13302
4428
13304
3171
5760
5088
2241
4157
1170
2031
13312
5698
1798
3255
9472
10010
9285
6267
1861
10738
3386
1662
6194
4182
4278
3641
2673
13332
4496
5606
1495
1440
3285
3055
2899
4308
5341
2587
2776
6207
4411
7286
11022
3811
3400
13356
13357
2493
13360
10587
937
4225
3418
4543
13369
6324
4889
238
3465
8270
3682
5090
1592
7592
5002
7259
3625
4664
13388
3345
121
4594
5499
1242
6694
3780
13396
4474
2812
7590
5961
1132
8458
7008
4242
2319
1142
1119
4972
13409
6512
7410
7125
7401
3701
3999
2133
1206
6235
4994
2748
3487
3381
4898
3647
8540
4304
6767
4615
10132
9014
5945
6080
2968
6435
7786
1761
11730
3175
5339
934
3717
5969
1883
2856
3157
3921
7586
5802
5781
921
9987
4909
4388
1104
3939
5819
4247
3159
1956
6638
4713
2553
3982
4785
810
398
3503
13477
2489
13479
936
12018
6997
8058
3195
2784
3817
4276
13490
2361
1516
7237
952
9232
1610
7297
8277
13501
5122
1652
6265
3604
8424
9686
3798
1290
13513
7522
2380
13516
2375
7366
1327
2902
2256
3346
6280
3874
1611
1884
2978
2429
4669
4161
3588
4250
13539
2159
6047
2986
8841
7293
6004
5648
8745
6635
12302
5213
11554
2925
4522
4285
141
3040
7638
4566
13857
3178
6020
5639
11202
2228
8446
13573
571
8586
2614
6416
4632
3024
11933
2077
3232
9284
1634
2227
12898
6959
4804
2087
1191
10850
1690
1944
2683
2047
5787
1014
862
6626
3450
801
4011
9359
13613
6738
221
68
13617
6071
12630
1348
395
12311
3995
3404
4955
4320
1115
3143
2126
1718
11072
12127
1476
4714
9511
1092
98
9838
1155
5215
7620
9242
4045
8382
4008
3893
1676
6878
4181
5640
1597
3445
2400
5841
3977
8436
5007
5091
7466
6426
6021
5248
5072
8445
13676
7930
2331
409
2969
10200
6079
4927
6591
171
10078
659
3736
13696
3887
5048
2263
6987
2697
2682
3361
5473
3690
4657
13714
13715
5749
2712
5126
2826
12000
13723
7481
2805
6915
2389
7626
13730
5346
3469
5205
3758
2373
5392
319
465
4415
5784
923
1981
6184
13750
7365
3697
4751
2995
7574
2926
2785
1971
7352
1912
404
2589
6014
5656
5417
2655
6114
3714
5905
10615
2180
5079
2714
1228
2268
2491
6292
6371
12932
13786
2346
2914
4259
1828
2759
9689
4653
5378
6993
1997
2635
6555
13800
5523
5462
6862
4825
3257
3571
5032
7146
3478
5516
8272
3693
2878
13034
5159
8461
3545
1987
1342
4760
4148
3632
5646
10318
2814
7445
6940
3265
1211
4257
11086
7942
3378
4795
1746
11636
13846
13847
4229
3090
1153
12180
3638
7160
8819
780
13860
1741
7111
4678
9385
3466
3119
13869
1976
9185
4810
4294
3205
6244
13
4186
10490
1334
3800
7084
4528
2434
6830
2000
2905
3410
230
92
4665
9390
519
1403
4245
4494
4042
2935
7117
6691
5528
5677
4920
13914
9521
2074
4269
4251
2624
13921
5613
220
13925
4172
3308
13929
3803
9006
3533
4794
2490
3263
2229
13940
8798
5660
2378
3757
5344
2177
8132
1353
3045
6631
1787
9424
7013
6203
6467
733
5941
1904
7694
2988
8428
2211
13970
2643
4534
2708
3621
2304
3117
1835
7904
2449
13986
10952
7487
2416
2639
1332
2888
3821
5943
4965
2798
2291
3352
4902
7394
8800
4121
8131
2825
4731
7257
4272
2600
6315
3744
7317
212
4910
11461
8299
2728
10289
8785
6019
5708
5231
3538
5076
5804
2377
3341
13044
4660
3628
5541
11701
973
7119
8275
8096
1738
104
2163
2686
3898
2546
3238
1266
1437
3772
1733
8631
2442
1686
7494
3109
3183
2054
1034
14081
6874
1181
3481
1406
4797
10028
8475
14092
1188
6046
5786
1711
10170
2255
12928
1709
3660
3841
1831
8449
7683
11683
5694
4288
7607
7763
2014
7622
11921
6748
5483
7135
3272
2916
2912
13285
14129
1864
3686
4624
2001
14137
838
6296
3139
11768
4450
5590
4946
1471
4846
933
7444
2775
7634
3253
924
14154
1417
8683
5315
1143
9247
4691
1472
3568
4478
4395
2497
14169
4128
1269
4215
694
9196
2057
8125
4793
14181
702
5219
8825
6255
3442
14187
2009
14190
3279
6820
1323
2730
14200
1599
4847
10486
4449
4126
2510
9938
1010
849
5587
6355
1352
14215
1760
3721
2264
1180
2147
1786
7516
10810
524
632
6806
3297
1963
3158
4026
3830
634
4623
1616
6801
6794
1691
2321
2309
2565
7427
9717
6142
12696
1757
4812
14259
9569
14261
746
7384
2907
2717
5488
3141
11306
6258
8754
14275
1330
2706
1942
8036
3703
1661
3823
1785
4807
5199
2498
6867
2989