12270
13111
8929
14195
12967
10692
13292
9840
10895
13287
12176
14148
13431
10061
10173
21
12469
23
10230
12267
10496
11988
29
13738
886
12509
5913
8996
12744
13902
11374
9949
12307
13768
12171
12772
13301
11740
13935
14166
14290
14155
11604
6447
13852
13661
13392
12430
14278
64
11256
14094
67
13616
11381
13933
13464
14103
13693
13155
13890
9676
13681
12418
14266
14019
6674
10735
14292
14022
12425
91
13895
13954
13278
11358
13404
13120
13781
10114
14049
12700
12939
13314
12341
11140
13417
14249
14007
10798
13840
13449
119
13643
12713
13864
13340
12478
14232
7055
9425
14161
134
11223
13229
14198
13971
13002
12306
13557
14250
11840
12495
7597
14244
13164
8515
12337
11437
10219
14247
8833
6153
13444
13273
12499
13483
12321
13380
165
10085
14219
9246
14223
13691
14186
13903
13650
12953
13046
13276
13012
13210
14287
14262
14230
12702
12453
13979
14191
13104
13480
10039
11333
14050
532
13522
13640
13761
12976
13996
14088
11610
12349
13988
13728
11971
4538
13076
14015
13609
13742
13876
217
13346
219
13923
13615
13950
223
6222
7144
13135
14233
13233
10086
13894
13351
13926
12565
11738
11858
13949
14279
13373
13773
8736
14113
13957
7587
13452
12086
4436
14201
1318
13827
12126
11338
8763
11629
12809
13127
11644
9021
12737
267
13976
269
8818
7866
13725
11597
10203
14003
9845
13558
13581
13790
11849
10753
14018
479
13837
14207
8383
14286
13943
11347
10948
12047
12972
300
302
11368
13978
11687
13664
7567
12189
14001
13952
13222
11967
14083
12149
10479
13607
12612
12203
13984
14102
13468
5641
6873
13777
13208
335
14077
13805
339
11654
5169
14115
13832
14051
12356
13204
11521
14251
10835
13797
354
14248
13833
358
14080
4976
12636
13680
13565
13992
11601
366
13047
13746
14226
14216
12716
12446
14064
11589
13462
11665
8636
13986
12169
14141
11845
13086
7325
393
13766
13622
13512
12668
11564
10116
8927
13764
2501
10388
13437
10678
11075
411
14059
10730
14202
12029
14068
11797
5748
10448
12417
13579
14167
13779
9450
12755
13998
14209
12615
13958
13117
12490
13192
14132
6988
12816
13601
13814
12763
9743
10278
8108
13732
454
13081
12657
11689
14100
13374
11232
14162
13003
13739
14182
13568
13606
9590
6415
13611
5444
14289
13148
285
4300
11520
482
12116
10235
13610
14214
12851
11702
12277
14070
9574
493
9749
11838
13862
4627
13033
4040
13311
12992
12990
6172
10125
13470
510
13257
14236
14105
12936
13054
13465
13495
13748
14224
13826
12698
13136
14114
9437
530
14234
194
13726
13293
14267
13815
13844
8843
8930
13183
11242
14153
7797
13991
13531
11704
14116
13848
13493
7183
13850
14127
11334
14005
14069
13386
9813
12648
10697
13580
12632
11493
11163
10485
13574
13051
14060
576
12249
5812
14271
13068
7580
12227
11402
13214
9886
14197
14079
12598
13641
594
10576
12919
597
12562
600
12890
13197
13230
10339
13341
13453
13888
13521
5586
14032
11527
13165
13554
13763
12482
13071
9803
12804
621
12769
13561
10665
13901
9345
629
13413
14125
13305
14235
11316
12088
10138
13656
12531
8881
14037
7605
11421
13395
11225
648
14143
14117
14144
12346
4652
6848
14164
12556
13662
13567
13892
13708
13020
13552
13668
12250
1121
12718
11736
14111
5356
9215
12290
8568
13744
11449
13536
5854
11591
10797
13271
4397
13603
7563
691
9049
11763
14173
13969
12099
11459
12979
13262
13916
704
12406
11691
7832
10499
14146
12911
11420
13838
12731
13910
10702
13425
12497
725
11445
13088
12094
11153
11681
14273
6851
13508
14193
13796
3230
11788
10758
14276
13393
12977
11873
10444
10959
8787
6883
13964
14109
14139
12764
14168
757
6038
14239
13717
9637
14040
12494
13266
13279
12645
11861
10155
9410
14258
13540
12912
10965
13596
10197
14269
14163
13859
10098
14268
11937
13337
13333
11756
12952
12597
13079
9303
12971
9611
10482
7106
13126
10604
13182
12715
13467
13052
12141
13474
13553
12353
13955
14165
13672
13798
12199
7282
10422
13505
3731
12135
13267
13248
13235
12377
12941
11706
11315
13887
6577
11031
14138
11942
11684
13716
10369
8465
9262
13397
14054
12560
14210
12109
12756
12351
13219
12486
9480
13997
10187
7178
13282
12462
13918
8772
868
12134
13934
13702
14221
11576
8625
13697
12621
13770
3043
1520
5736
13070
6272
11725
32
10038
995
9870
12508
13811
13590
6123
12578
12573
13300
9929
899
12970
5881
13563
13272
9860
12760
9740
12739
14056
14010
912
9457
11452
13418
13504
11457
12085
1565
13369
12554
12178
925
13170
8394
13019
13917
12958
13993
13471
12834
12973
12869
13364
12762
10970
13731
11078
12955
13379
944
13698
946
13980
13496
10081
12730
12795
8137
14212
9732
6978
13048
11241
13707
12719
967
13173
12236
10855
8041
12258
12009
8434
11094
12747
14204
13873
11908
13719
9175
13114
7254
11546
13027
13330
989
11909
13158
11767
13036
888
12245
12279
13817
12532
13906
14075
8648
10708
10234
12313
13038
1008
14175
14130
9438
14176
12475
11371
12641
11614
13193
3295
14074
13154
12627
8907
13963
7998
13965
14084
11899
11299
13451
14020
12791
13772
13989
13630
10353
8771
12660
14097
11816
7608
13863
11092
3677
12096
1053
7570
12133
14036
8968
10180
6818
11548
12389
13822
1066
6112
10034
10191
1070
1071
1072
13144
10650
12020
13982
11002
12948
9389
12902
10178
14211
12470
13407
12978
13415
13473
12067
13642
12114
12457
12193
9449
12516
14002
13166
7354
12982
1105
13361
12505
11406
11192
9773
11668
12746
13237
13631
12435
12539
11716
11218
12103
670
14206
8380
1128
12711
5514
12464
12614
11980
7312
1136
6707
12403
14052
13825
13406
9584
12599
13226
13885
12211
10762
6961
12896
5272
11272
13990
14030
11549
11124
12704
5927
1161
6263
1163
1165
7243
9887
4139
13310
13526
14242
14265
10027
10623
1179
13138
12340
14288
12842
12274
12822
14023
10749
11228
13769
3645
13329
11574
1199
12514
11700
1202
13936
1204
12839
11824
9483
14078
9854
13130
14058
14172
1214
11826
13043
12078
12674
13203
2689
5040
11200
6179
9849
10631
13780
10387
12761
10263
13428
10557
13889
13352
12676
12820
12920
12819
13190
13533
12933
11085
13205
9898
12798
14156
12039
14098
13758
13749
2479
5038
14284
12177
13659
13694
3380
14171
14227
13009
4085
14035
11944
12319
13602
12628
12013
13472
11328
13344
13872
7204
12570
13325
10787
7234
13883
12593
13778
10092
3063
11108
12409
1298
13063
13343
1302
5665
12954
12021
8672
14095
1313
14042
14283
7665
11859
253
12541
13820
8388
13939
1324
13831
9181
12358
1328
11562
12019
11512
13881
11970
13372
9595
13784
13593
12617
13457
13589
11224
13905
13189
14028
10996
6976
13660
12805
12183
8307
12914
13466
10312
1363
12549
12210
13587
8254
11509
12238
7029
13671
5050
13366
11033
13578
13720
13408
11496
3779
13365
11831
7761
8914
10862
12870
13667
12864
1392
11115
10439
13899
11091
13845
13026
11869
13093
14086
10508
11466
13242
12090
1412
9754
10266
8535
9556
12138
9950
12527
13172
7280
2480
13260
13040
11595
11929
10667
10011
13299
12862
13900
6283
10933
10152
13387
12190
13131
10742
11833
9149
10322
12653
10456
11020
5238
9557
12197
11569
7520
10561
13782
1679
12975
11770
5201
14093
13879
11431
6076
8244
13689
13202
11283
12808
1473
11772
10703
12414
14006
1481
7319
11524
14017
13103
6859
13937
13791
13143
12517
13336
10815
12408
10541
12124
14277
3680
9735
8067
8050
9846
11513
11056
9768
1511
11722
12140
11248
13594
880
10941
13107
9205
12042
13821
13932
10417
1528
13064
8271
13092
13423
12850
8980
11862
4199
12949
1544
11803
13179
1547
9038
7705
1697
12882
13788
13128
10554
12058
12413
8740
13249
10426
11802
10459
13704
6208
14241
12878
11726
12153
10929
13275
10532
8955
11832
7983
11958
12357
13442
14071
3053
7420
12079
10784
1591
11561
12934
13113
13530
1596
13760
1600
10905
13295
12831
12148
12812
13028
12900
5912
12728
13635
12866
6656
10976
1621
1622
12887
3577
1626
7164
9217
10195
13835
8784
7360
14107
10886
12601
11904
13673
7446
13679
9899
13626
1647
12530
10600
13710
13006
1653
12951
10432
13678
10358
10542
11964
14285
12391
11817
13160
13317
10641
13227
10251
8242
1675
13654
1677
1678
6624
7902
12500
12780
8177
12654
13735
8995
8840
14152
6190
10106
1550
14240
13032
12220
11638
13067
13353
8873
5825
6239
13274
12635
11925
11399
11924
13875
7785
5013
8297
1720
4416
11780
13125
6602
11620
11532
11098
8591
12325
5795
10974
14065
11757
5923
11427
13829
9559
13384
12566
12930
10942
1747
2431
9552
14009
11581
11879
12524
14257
10682
12397
11874
13439
4003
7964
10297
11731
12742
10518
9501
13907
8216
8400
10338
13854
1779
12251
12638
7821
13484
10544
13355
11795
9104
10023
12778
12345
3465
1795
12396
8308
10851
4075
1800
10288
11887
10190
6546
9923
11465
8589
9195
14122
10803
10892
7612
12835
11570
12687
11993
7404
5118
10953
13405
5984
13422
12937
12893
10068
1833
11860
5099
11158
11391
12363
13803
12572
10706
11872
9729
10184
11309
5360
7609
11508
12854
13756
11474
8645
11261
14293
11010
11164
11664
7153
13335
8442
13095
11068
10483
10258
13168
9411
1881
8677
7458
5851
11266
8934
13896
1889
11676
10016
12459
13757
7209
12105
13016
12689
5428
14091
13751
13042
12651
14000
11038
8883
1911
13256
10120
10901
13151
13634
7124
9819
13528
9675
10693
4963
8079
1927
9218
4975
12750
6739
13534
12214
10939
12264
12012
2843
5687
12590
12837
8557
4597
13106
6418
13621
9728
11771
13922
11301
10961
10165
10392
9519
11154
11123
9683
11896
1964
14229
1966
14087
13627
10546
12224
13870
12690
12376
14067
12052
10987
13636
5111
8634
1988
12584
13975
12081
12401
10418
10212
8809
13041
13846
13774
14136
10535
5117
10056
14104
5407
13050
11263
11734
12706
8259
3534
14270
8598
11850
12077
6939
12664
13239
13509
11707
13390
12607
8163
6249
13022
4472
11956
10911
2039
14119
12329
13039
12910
3698
13532
13604
6254
13614
13252
12969
9230
2056
13421
10589
2060
12646
13073
13633
6530
12773
2068
14134
13021
14180
9106
7999
9108
13498
13977
13583
7878
12243
9940
4791
10311
14158
5193
11584
11643
13597
12068
9984
9924
8052
6865
10983
13884
14089
13669
13705
2102
9268
12471
2374
9989
7728
11367
12859
2115
12450
7009
11443
12659
2121
11842
12248
2125
12528
13737
9606
11184
10832
12212
12286
13812
10342
10000
2137
13195
13342
8574
11055
7994
14220
4098
12673
9053
8908
10326
11995
11913
2156
12017
9862
11065
2160
13358
11954
7346
9714
8282
9194
13240
13245
12161
12038
6457
7730
10902
13947
11972
12840
13177
12826
9939
10229
11430
12415
11911
12596
11750
13367
8566
12991
9178
10328
4873
13410
8404
10975
10384
4863
11385
3231
9148
3427
6629
11071
11880
12802
10337
11535
13807
11319
11724
9466
8746
13658
6984
13029
12712
12205
12046
9349
13897
7321
3654
2238
14038
13308
14123
2461
13319
8620
13236
7310
11599
11830
11920
9608
12387
2254
12663
13525
10237
12225
12405
9157
13700
10317
12229
12555
11410
13478
12956
8025
6675
9983
14282
10446
6753
9551
13675
11854
10151
7141
12899
10701
11906
8258
10843
4289
13152
14055
11739
7882
13830
2300
10602
13566
12994
12317
2305
12310
10206
8340
12070
14066
12262
12515
12885
3702
11488
12122
11607
3673
8623
13546
12395
3496
12895
10575
12381
12996
12297
12204
13733
11439
12380
12797
11823
12198
6890
12473
2348
2349
10686
12314
13570
4727
9111
11482
10416
9199
12927
11183
9563
13491
2362
12581
11781
11905
10820
13946
2369
11429
14073
11207
7876
2107
13518
12165
11963
13037
13515
2381
10733
9619
12392
7063
13878
12322
13338
11267
12504
11425
8086
10257
11715
10771
2398
6681
12974
12024
10579
6211
9790
4470
2408
12095
13880
11515
5683
10564
12501
11857
11776
7536
10252
6760
13085
6209
5988
12995
13520
13253
1749
2432
14291
13015
13683
11487
2439
12587
6854
11787
9889
7943
13754
13624
12589
13035
7026
5293
11955
2456
9377
13543
13213
2244
7107
8912
13912
12026
7775
2468
8832
9897
7779
8381
12309
10013
3016
13159
12053
9344
2485
11775
12888
11243
12904
12620
13762
13359
13196
11855
5100
12803
11516
9734
10770
405
12561
11759
12424
8994
9459
10177
6220
12182
9193
3539
13129
11605
11345
13629
10709
7829
12662
11404
10215
14183
11146
11213
11059
13124
13529
8423
13264
11370
12993
7012
2539
11667
9378
4948
2543
13476
12784
12201
4306
7722
12861
11825
7986
12738
12293
12827
3910
8667
10909
11828
10559
4460
12239
13307
3452
11682
5093
7170
2575
5316
2577
2579
10944
12935
11314
10551
7945
13345
11658
12669
9265
9959
11844
12188
7068
2595
12465
4638
13356
13254
7381
12382
2608
13302
10940
6992
8068
11235
11220
2616
2617
12364
10617
12543
9524
10525
14188
13209
11703
12320
10510
2629
14048
7368
13712
11145
10727
11393
2640
7960
12609
12610
12200
11131
12817
14217
12907
12537
2654
13334
11313
2953
12814
7828
12434
7465
11985
6901
9341
12092
12308
13588
10562
11298
10698
10890
7266
13572
9226
4914
8842
12252
1221
10088
13145
2694
14126
2696
9896
12136
5857
12985
2705
10451
13584
7534
10664
13174
11518
13507
12456
2715
12388
10907
2718
11946
9670
4966
12787
14099
13221
11799
13438
12777
12723
11737
13874
9550
13378
10655
2736
2740
10533
6598
10320
11497
5441
12360
13096
2749
6967
14243
13134
7350
12830
13234
3120
13792
7884
13297
2762
13280
11219
9370
12394
13391
12503
6377
11060
13618
13010
14150
12191
9275
8085
9312
13974
8040
13486
13463
11617
13765
6042
8611
11170
7921
3596
5369
13290
12055
12692
6644
2801
11167
12735
11600
11765
6951
12843
10207
12007
10997
13398
12215
12959
9384
10912
13349
14118
13962
6956
10143
5920
12390
2824
11398
13721
10094
12032
10458
14029
2831
10415
9460
9968
14160
10425
13608
8953
14194
7219
1940
5107
13648
2847
7332
2850
11679
11257
13612
8920
13375
13450
2857
2859
7158
2861
12030
6210
2865
8853
7288
9351
11395
10605
2874
12943
11999
8804
13816
9009
2883
4603
13414
5075
12147
12461
14061
12807
5976
2895
10360
3592
11291
10079
11096
10089
12366
13891
2906
5143
4458
9244
2913
13789
2915
13953
11174
11876
10972
9323
3549
7976
4204
12076
11486
11063
12432
11125
9977
11810
6319
12945
12130
12986
13294
2938
10256
9829
13718
13161
10537
10993
13619
12942
11590
2951
13270
2657
12683
13326
12272
7265
10636
12857
10830
13176
5835
7918
7033
2971
14133
5755
4195
14106
11344
11523
12054
12006
14264
12063
8256
12031
5426
10927
9469
13105
11836
13455
11289
13861
7890
10009
9786
11686
9806
3003
3004
8043
11792
3007
10782
3873
11585
11847
3013
10861
9877
2475
12569
12625
3021
14096
13795
12806
11253
12891
8731
7749
10019
7260
10380
3034
13559
11392
9255
9096
11287
3042
879
3044
12677
13856
13097
11470
1586
10801
8350
9354
13775
11927
10800
1294
12269
11986
8742
12137
8190
11678
12980
13684
5957
5990
12680
12987
12506
9603
5074
10745
9248
12652
11377
12284
13911
13089
13427
10767
9934
12845
11568
7820
9794
10362
3101
14016
11405
11046
14231
11922
10523
11081
10874
10517
12474
11157
4344
10516
12196
11180
2757
3121
11290
12218
10183
10931
10463
3129
6166
10346
9162
13547
9587
14281
10076
9844
11680
3140
12855
14253
13632
12100
4867
11959
4575
13688
3150
7114
12160
3155
6529
10356
3161
12091
4558
10794
11362
12691
12701
9864
11931
11028
10471
6999
10083
8869
8868
3179
13674
14076
11302
14145
10661
8115
9816
12233
11711
3191
10877
13399
6942
13485
10127
9343
13053
8053
7712
12661
10185
11733
13175
10910
8865
10343
11884
11848
3213
11182
11451
3218
12492
12644
13523
13133
12686
8048
6643
2206
9525
7611
11918
12863
6494
13699
11889
11083
12708
12639
8708
10175
4018
8485
12852
10766
4758
13928
10361
13315
12605
13806
13639
12072
10032
13915
13908
13836
11577
6552
3268
3292
3271
13666
8044
14026
3927
3278
11603
10958
8704
4841
3283
13075
11660
11871
12775
9206
13388
3269
6129
13549
6879
6649
13724
13247
9427
3302
13801
11804
11566
11694
12342
13488
3309
11042
13243
8960
9458
11354
13167
6502
6930
13434
11292
9251
8144
6849
8148
11189
4068
3327
7511
10055
10051
4675
10746
9713
3336
13898
10829
3339
11870
7908
13389
12836
14196
10785
11837
10005
10917
3355
14121
12583
3358
12084
10610
8689
10006
8774
14225
13545
9908
3372
10795
7633
7018
5869
5124
13841
11949
1268
9602
11878
4095
11388
12400
12411
10304
14272
5800
8013
8221
10599
11214
11791
11606
10285
11030
13625
9944
11447
10395
10188
4608
3412
8300
8417
8696
10897
3420
12917
12722
11089
3426
2209
12551
12526
6979
9855
7729
5063
3436
12479
11172
12429
3441
11134
8320
10411
11260
12231
3447
3448
7700
10552
11210
2569
12779
8935
9252
4967
8548
9056
5328
9710
13091
5726
6286
1794
13867
12372
9364
8711
10511
3472
10077
9022
10963
6998
14085
12790
10687
13445
4542
11040
12440
13828
11296
3491
14135
7774
7569
10014
12059
5443
10504
12705
13025
13776
8702
10300
11940
13461
8674
8410
10345
10763
12467
12266
8639
13802
4021
4525
10789
11176
11893
9005
8493
13913
7689
10688
2018
12643
9376
3537
10096
2514
6428
12926
5415
10859
3547
8633
10652
3551
10352
13469
10780
13156
12684
12908
13171
9040
9580
7379
11181
13132
3617
12989
10042
14014
10625
13250
9503
6302
8170
12207
1625
13011
6248
13198
4433
10804
13178
9536
9048
12923
10904
2898
8121
3594
7139
2795
9408
7344
5087
3600
12487
11567
12751
8065
9861
12187
11311
3609
11412
12868
11650
12521
9540
3564
12050
13146
9666
9952
11774
12576
6842
8278
13544
7870
3635
11538
8373
13855
8847
9510
8647
3643
13741
1195
5255
8482
3649
9635
8537
12733
2237
12824
13475
3749
9347
9121
6759
3664
13931
10370
9739
13376
2325
4649
6074
1262
12288
12222
6744
13377
5482
11337
14131
14012
12647
12060
8432
7735
10470
4374
10117
13429
2044
5643
8387
12427
2316
12649
4508
12841
9094
9976
6758
9047
8851
11323
13734
7661
13057
13446
3718
10477
12962
10684
12125
9797
7810
12111
11596
14174
7122
1429
12672
10875
6122
13695
3737
13200
3739
8045
8492
3974
11016
12512
9282
11475
11813
3657
11626
13215
13187
13078
12241
11618
13945
10549
12789
12770
11991
12679
12604
3897
3768
9080
11558
6053
9353
8715
4461
9307
10017
8514
6823
8555
7196
3786
9186
9063
11281
6709
3793
12208
12253
12304
3797
12460
13882
13456
13930
10245
9479
3807
3808
6411
10889
9815
9179
12448
9841
13487
4826
12540
7363
10325
4837
7262
12437
6603
4413
8655
9920
7541
10926
11773
9135
3844
6489
11245
3848
6483
9168
6733
9245
9455
11205
10515
10618
3858
5846
13605
10629
11890
6387
12294
13328
10876
4013
13238
11165
13186
12771
3009
11387
7881
12452
6298
10873
12247
9309
8246
7747
6590
11573
3886
9201
13433
7630
13228
11249
10427
12158
3766
14053
9634
6542
12929
8904
4483
11525
2558
8721
8606
10509
12906
9656
13752
3919
8200
11057
9173
11173
10943
9638
12729
9313
12782
6452
4488
10622
13371
11120
5944
8584
5176
11917
9966
14151
10991
8727
3950
12897
8111
11424
12544
11575
5553
7296
5706
11621
12156
4593
8262
13074
10505
8352
12075
11778
3743
11565
12330
13082
10591
9626
11769
13753
14261
7255
10964
10248
9827
3993
10695
5204
3997
10888
12640
8120
1762
4155
5985
8899
13652
12420
4937
8089
3867
10141
8454
4016
11217
3246
4019
3520
8349
4254
11403
7896
7159
10402
8406
4034
4035
10593
8679
9212
10722
11401
9464
4253
9401
11178
12097
13269
7628
10906
12874
11675
12577
13628
4056
8287
10308
9659
5931
12545
11932
11417
8830
7048
8614
4069
4150
4072
8187
8103
14110
12553
9394
6704
4855
12685
8005
13960
10150
1272
12667
11945
12964
11928
10133
4244
4092
4093
3383
8062
8074
2148
8761
12944
8596
12301
4104
7175
4106
8685
12170
12916
4111
10989
12714
4116
11305
10765
9607
14004
9662
4123
12217
14031
14205
14124
4129
11793
7545
4133
6306
4136
4137
6884
1169
4514
13458
13709
10671
12240
12080
11216
12726
4071
10919
13084
11025
13309
12257
9061
13823
12697
10729
9948
10082
12603
10568
8543
12335
4171
6394
7439
4703
12354
5783
11138
13767
12155
13284
8376
8948
4185
8592
4187
11655
6634
12642
8600
11087
4193
2975
4196
8199
1540
10672
2923
4205
10375
13482
9905
9398
9542
9180
13286
11895
10002
4217
10647
6518
13927
4224
10864
4226
7273
13849
9203
9612
8666
11196
7853
4235
12965
5973
10354
12950
11273
10918
9795
4091
12796
4246
10856
13919
10764
4023
13686
5777
7812
8890
12622
10171
11651
4682
7152
11407
14045
7472
11674
11084
10399
11265
11755
12732
13303
11801
12876
10813
13706
12399
7467
4284
13556
9213
8646
10047
9144
8588
5771
9650
13218
7778
12966
11900
1509
10394
4302
5994
13322
6448
2547
5742
8767
9931
4312
12283
11269
10160
12472
4318
12439
10514
4321
4322
11710
10869
10799
4328
4329
9549
13647
9921
8743
13147
8450
4338
4339
11672
11413
3115
6762
9477
6975
9416
8098
4351
6913
4353
4354
11952
11414
8178
4359
4360
6015
10498
12946
6438
6516
9373
10837
12707
9583
4371
11996
13441
3695
12884
10619
10239
6676
10221
8358
13263
4382
10999
11695
10108
12146
11875
14263
9081
7906
8318
8141
686
12586
13685
7654
12386
12606
4405
4407
12608
9003
12938
12159
12600
12447
11941
1721
12312
10584
4420
4421
12624
4424
12794
8906
8409
12129
8253
13858
12637
12065
3583
7278
251
11240
9118
10984
4440
6527
4442
9310
8249
11540
9883
4849
11882
12336
13412
12709
10049
6615
13677
8845
13687
2566
3776
10004
12008
4465
6835
4467
12082
4297
2036
7174
5609
8569
5535
11898
4480
4482
3908
10751
11835
8213
10319
3936
12044
4491
10314
10681
10441
7233
11789
13510
6960
6514
6711
7434
12829
11969
13459
9537
3705
10264
6287
11758
6155
4140
7877
13877
7447
6833
4520
10172
13555
12025
6935
11137
12326
9322
4531
4533
11560
10293
210
3486
13524
7045
11074
7619
10545
4550
10262
8823
4553
10332
11169
10831
9523
4570
9302
8637
5251
13967
5756
8965
4757
4561
8766
11294
13141
6526
5713
13655
10536
10154
9122
11191
14246
6130
5070
4588
4589
12110
9824
12699
3962
7632
12776
1946
12073
9426
12049
2884
9936
9445
3411
11422
10265
8581
10893
11001
9665
12379
6023
7340
10060
14238
9791
5999
11097
13548
8658
9914
10857
8834
4636
12736
11994
8462
4687
9999
11009
4645
5061
3674
4650
4651
1048
13794
9875
7606
5331
9723
12359
12922
6005
12721
5343
5475
5571
12931
4671
8817
13535
9352
4044
9800
5030
13865
6857
11355
8411
4263
10169
9356
4685
4686
4642
4688
4689
12384
9858
14280
4695
9588
5101
13321
4700
13571
8939
4176
9748
12370
11462
8154
4710
10097
9031
10896
8243
4718
11951
12507
10560
11142
8110
2353
4728
9780
10421
5910
8622
7330
7201
9155
4740
11193
6920
9436
8457
4746
13049
13920
4752
14208
11473
8069
4569
3251
8091
13122
11582
12847
11649
10840
9657
7891
12298
8789
4883
4773
4774
4775
4777
7680
12821
9961
9769
11318
7733
5525
5276
2081
9263
9032
13842
4796
12752
5540
10033
10776
8651
9741
6499
10095
9873
10364
8894
13118
11637
12496
13851
11961
7110
5266
11005
9912
10341
7232
10638
10368
8916
12849
11987
11536
8888
4833
4834
4835
13255
6804
10567
8652
14147
12511
5206
4447
7649
5815
4852
7031
5263
4080
9793
11476
9718
4861
2204
9395
9792
3330
5626
4869
4870
11312
10900
2198
4874
6587
11103
12332
9804
12788
4880
10932
10359
4772
11973
6898
5207
10836
11541
11215
12195
4894
4895
13424
12173
4900
11719
10330
4904
8891
10826
10988
13460
9663
12534
9644
2684
6064
6405
4918
9746
7610
4921
12678
9515
13638
12285
9600
4930
12128
7105
4933
8093
4936
4010
4938
8713
9789
8925
9624
12510
10585
10063
2542
7021
12879
13231
4952
11336
7990
11692
7781
8384
4959
4960
13347
11252
1925
8293
2721
3456
4968
6295
4970
10250
12016
9177
4974
7267
8719
12174
11914
10739
6573
4984
7408
10607
6127
14189
11141
5184
4993
13420
10731
12533
6941
4999
5000
11786
11396
9140
8594
10574
5892
6205
10570
10870
1716
6894
10109
13995
6606
5019
12112
9087
5022
6245
11818
5025
10105
8801
8000
4677
13550
13808
6774
11472
11947
9494
5037
1263
8348
9269
12162
6620
6584
12226
11865
13216
13994
1373
9992
11685
12348
7858
11537
6100
10898
9615
4646
8438
3648
5064
13101
11383
12412
12184
9682
5071
7711
3081
2887
13961
14044
5986
9784
11471
9954
9270
8609
3599
12416
9704
7224
2572
7963
12186
5096
7624
10710
8291
9994
5104
5284
11428
9348
5109
9325
1985
5112
7362
10744
10922
5965
2692
1822
6269
7600
13503
7717
3521
5125
12574
13755
10680
6831
14011
10866
8870
6443
9545
9025
10242
12368
5144
5145
11129
10711
5149
13564
5845
5720
8694
10630
6374
11250
11990
12423
11069
9770
7307
8189
9601
341
12151
5171
12477
8219
5174
7331
3943
9102
13818
7336
9249
7088
4991
11233
9291
7682
5189
7495
12115
2084
8363
8863
5196
11732
11663
10282
7462
1459
5202
4315
11528
4888
10563
5211
11624
5612
11846
10755
10121
5218
13370
7133
6233
5563
9822
5359
13005
10012
10818
7051
14027
6907
13251
10949
10717
8547
11978
7792
9991
8862
8560
13385
8209
11076
4564
10705
9988
12422
3646
5256
8509
10778
11107
11032
6943
9648
4818
5267
13938
7072
11652
12883
7154
8474
4790
5277
7264
7284
10284
11105
5282
14108
5105
11093
9553
5289
6702
12040
12634
2454
5433
5296
5438
6305
10472
10336
10530
13277
6610
7678
6402
5370
13595
6154
9379
12940
5774
12048
2576
11363
5320
5322
5324
11747
5326
3459
9431
11677
4656
5334
8836
8374
5337
11998
13443
13065
12089
4666
13320
11555
12316
5349
9859
9074
8101
9879
675
5357
5226
2010
13904
7839
9508
11293
3435
5308
11552
6508
5375
11609
11450
11839
13072
10433
11494
8700
8176
10920
11394
9414
5389
10393
7699
13736
13008
12703
11746
10400
11227
8597
9439
8109
12402
5403
11761
8512
5497
2011
12815
5409
5411
6368
7202
3544
12613
13771
8433
9197
5422
12005
7968
10377
9160
12498
5432
5295
7229
13644
5436
5437
5298
11090
2746
12786
3500
473
5445
12232
7974
7980
5450
10072
11965
12157
5859
7287
5457
7005
6252
6757
11930
10148
8549
12468
13058
10879
7412
12421
5083
11806
6911
9468
8049
3683
5485
5486
10595
13013
10653
10301
13987
12145
10635
12318
9050
5498
5499
8329
5502
11286
13430
5507
5508
5509
6755
9301
7298
1130
9720
12101
6273
5518
8650
5520
8160
9192
13793
9707
4789
11361
5527
14142
12558
9958
5532
6087
10321
4476
5536
8966
5539
4798
11852
13185
5543
5544
9951
11043
5550
13600
5552
11728
13018
8001
5557
10001
11696
12675
5223
10104
13745
11274
6193
9943
11348
8542
8922
13194
5575
14047
5579
10050
13061
11544
9962
8974
611
13400
5588
11796
11284
5591
10196
7916
9334
5596
10838
8076
11324
8270
11446
12833
7548
12234
9319
4474
10270
5213
13447
5614
12074
5617
13809
6331
7358
10241
5623
9755
4868
7348
5628
12276
5743
11258
9890
5634
12960
8826
9535
12783
11968
329
8061
12069
12347
8333
6050
10571
7186
12373
8913
12305
11611
6751
13942
7176
5662
8192
5664
1303
7981
7535
5670
11019
5936
5674
8161
5676
12436
10825
11416
10883
2412
9141
11829
9737
8104
9375
9605
5998
11479
5695
10424
13313
9894
6403
9776
9504
11300
10934
3959
9231
12481
5709
6604
12066
9279
5717
11197
5719
5153
10291
12734
10707
6815
12254
3463
12375
7932
5730
5731
10834
7143
8238
881
10637
11807
7405
5741
4307
10409
5745
6181
419
12594
11378
13743
13062
7300
2974
4567
10199
6221
13306
9419
9372
9209
10146
5767
5768
5770
4293
10211
10519
5314
10736
10620
4257
6799
13537
12749
4178
10213
12513
10379
8556
12559
6493
12502
11349
8864
11727
9627
10654
5797
10881
5801
12838
12957
5805
9169
13368
5808
11162
9332
654
12404
5814
4851
11082
5817
9280
10487
11285
12119
11041
7528
3833
10526
12367
11647
7886
14090
2966
11238
12242
13663
5842
7537
5152
3859
11151
5849
3787
5852
5853
682
11834
6495
2699
10401
5455
9673
10371
13489
7756
8698
9788
7459
3376
5870
5872
5873
7376
6904
6437
5877
11827
9137
11147
2681
13426
7758
8660
10445
5886
5887
8031
8276
10204
11514
5008
10644
10937
9799
5898
5900
10992
9066
10478
9868
7216
9807
4734
1613
34
13139
9091
10334
5918
8009
3391
14228
5922
1736
5926
2600
11640
8738
5930
4061
9805
5933
6822
5935
5673
8991
10488
10189
9095
13729
7213
11379
3941
12567
5946
11268
11877
9078
11119
5952
5953
11024
3073
5958
5960
11230
10276
13983
5116
5966
13956
14159
12485
5970
11104
11491
5297
7149
5979
5982
10512
5735
2426
3074
9688
7924
8545
5078
11221
7889
5692
5217
12894
9369
11916
11670
4662
9235
11628
6392
10868
9957
6011
7173
6017
10613
14025
10611
11389
6383
4618
8790
7818
10003
10726
6028
9882
6030
8463
9129
9969
9809
9281
9560
12296
10227
8301
2788
8407
8322
13541
11602
5650
7448
14140
5136
6054
9085
6722
9661
9843
9338
6062
8502
4915
6065
10115
12753
9842
8179
6070
12546
6531
10594
3676
1466
10540
10700
13149
11697
7793
6083
10279
6777
5533
9566
6089
13435
7795
6092
11864
7642
6098
6138
8084
11351
7020
11957
12127
10128
12221
1067
10982
6461
8336
10827
12281
9527
6121
5454
893
10476
11397
6126
3293
9970
13199
8860
10724
12339
9098
6137
6099
8750
8828
12028
9719
6146
6147
9811
6150
6151
156
4512
6156
11477
8900
10391
12034
9866
6163
8397
11037
3130
6167
11478
7615
12925
11320
3838
6174
8856
6705
1224
6180
5746
11891
9699
8471
6186
7982
8758
1693
5567
13327
11962
9927
6957
6199
6200
10500
8524
7574
11418
5009
9651
10247
1568
2424
2404
6212
9751
6215
9130
8977
5759
1020
6223
7036
8882
10269
6229
7844
5222
6234
6236
8714
1706
11187
11622
6242
6243
12694
5023
9132
6247
3579
13137
6251
5459
6253
5538
14185
9357
11375
13381
6259
6260
6261
9847
1941
11910
13653
13098
8805
5120
6270
884
5517
6274
8157
10179
6277
9233
6279
3790
6284
10348
3464
4510
8525
7435
13783
10790
4969
11045
8786
3877
8757
8367
9158
4006
7318
4135
10646
12458
6309
8078
6311
8106
7746
8793
13350
6317
2932
6320
7857
13066
9117
13999
8764
5619
7777
9937
6335
7440
8782
11551
6432
9088
7952
9256
7473
12523
9452
12825
7374
8659
9308
14213
8520
8599
6358
6954
12522
8610
8019
10791
10396
8780
6367
5413
6369
7662
11587
6390
5156
9681
6376
3377
6597
6380
8378
6022
8390
9403
3863
6388
9565
6372
12023
6008
7294
4403
10783
12491
8181
11557
12064
11259
5701
5400
12493
10340
7436
9575
7309
4540
8064
6413
6414
1422
11198
3996
9010
9722
6421
8294
6424
13670
8073
3540
11276
11384
6660
6339
6433
8859
6436
5876
4364
9330
8280
8982
11343
9771
11912
56
4305
7316
11534
4174
10208
6454
9198
12520
2173
9451
6517
6116
13893
6463
6464
6465
6466
13959
10954
9134
6470
8206
10924
9647
8393
11357
6477
10737
10957
11088
10246
6482
4605
10740
7951
6487
6486
6488
8950
5789
3332
5856
11463
7054
9260
4916
11594
9554
3316
13682
6504
6505
6507
5374
6509
8684
8725
11760
6515
4988
6460
4220
11012
6971
9570
6524
7302
4574
4441
8167
6072
6533
11800
6536
8447
8283
6541
9463
9694
6545
1806
6547
12022
7039
6551
3267
8799
13868
7327
6558
6559
12142
9008
7228
6564
8608
12880
6569
6570
6910
6572
4983
6575
11867
10555
10260
10440
5044
7323
4875
7367
3884
13690
11195
6593
9660
11160
6379
2743
10938
8723
7095
1725
4366
6605
5018
11000
11004
8017
6237
9548
6613
4854
11246
9382
11390
9100
6363
11661
6622
1680
7546
11950
8011
4667
13211
6632
8184
4189
10475
11511
11152
8987
6640
11303
7200
3416
13083
6648
3298
9919
8484
8654
8315
12292
7075
1618
9363
9456
6431
7385
9200
10381
7861
6666
6668
8519
6670
6671
6672
6673
86
2276
4378
8846
9874
6679
6680
2400
6682
9366
10809
9981
7155
12071
6688
13747
13909
11712
11936
13506
9340
6696
6697
6698
9064
10773
6701
5290
6703
4079
6706
1138
6708
3792
13288
5085
7937
7978
8037
13403
7450
12216
6719
7355
6057
6726
6727
10035
7751
6891
11166
7206
10788
10437
10685
4541
6741
6742
9304
3681
6746
7066
13722
10946
7050
5658
2280
6754
5510
10048
5460
3709
3914
2422
6761
6373
6764
8692
8303
8653
6770
8495
12633
8430
5033
6775
11741
6086
6778
8427
6781
8082
6783
6784
11199
8489
8119
11052
8536
11003
6793
14245
10885
11693
5778
11974
13692
4838
12846
7419
13323
11510
12754
8917
5724
8989
1923
11888
7281
10887
5934
3783
10407
12580
12741
9266
5131
6832
4519
8332
4466
6838
6839
9028
3629
12454
9646
6845
7396
655
5224
7016
933
7688
8470
2443
11588
12813
7389
7543
6864
2094
7261
13432
7157
8990
12355
13259
14082
12426
6876
11171
8285
3296
13973
13542
10087
751
12154
8194
12618
6732
7172
6893
7464
11329
5305
7635
6001
10350
5875
7112
6906
12361
11419
6571
5478
4352
9435
13727
7898
9997
6918
12810
10823
6923
6924
7397
6926
10715
12449
10872
3317
6931
6932
9724
7166
4526
10436
6938
4325
13140
4998
3194
5262
11211
9327
6947
9967
6949
6950
2807
11669
6953
6955
2820
6197
13419
10507
4499
1150
10572
7826
6965
6966
2751
8999
6969
8975
8420
13577
6974
4348
1354
6980
12871
9324
2648
6985
10303
13703
578
10449
6991
2611
13142
6994
6995
6996
12295
3480
3173
7000
11522
10980
10852
5458
7006
7007
12027
13527
7972
2800
9051
10828
7485
6850
7913
3573
6103
6521
12695
9926
8055
2453
10268
4853
10884
2970
10119
6224
7037
7038
6550
9012
10648
11863
7043
7708
4577
8997
4806
7526
6750
6178
7971
7053
6497
547
7097
10228
7059
7060
7061
10550
2386
9156
8695
6747
10124
2664
9052
7070
10878
5269
8728
11155
6655
9316
11161
7081
12489
7083
12123
9693
8028
9978
5182
7934
7090
10743
11247
7137
10923
7057
9441
10484
7324
7102
8733
4932
796
13000
11782
6905
7593
10674
11485
11556
7118
14041
3730
1918
10772
7126
7575
7128
7129
11984
11067
7132
5221
7134
7135
7773
7094
3595
3020
7142
5733
2033
8456
11790
7148
5977
8135
10846
6359
4455
5274
6686
10928
6869
2860
4027
9361
8494
9314
1627
6934
9259
9733
2573
10492
6016
4105
5661
7177
7871
7180
7182
555
7184
7492
6351
9113
11783
9493
7192
10824
11194
7869
7199
5236
12484
11907
6735
8831
2796
10101
10841
5942
10819
7215
5907
10438
10412
8664
7221
7222
8371
5092
9906
7226
9138
6563
5434
9120
7231
4823
4495
5956
11321
7236
13494
9730
7239
11112
7241
9622
1167
10259
7245
8116
8686
9208
8072
7251
7252
10663
1051
3987
10565
11935
11201
6866
3825
5642
2957
2679
4977
9409
7850
9691
8414
7272
4227
7274
7275
11612
7849
4501
1421
6820
821
5279
11648
5456
12801
7290
12057
10805
3958
5513
8572
11784
6525
10543
9836
7594
6410
2248
9191
2117
9413
7583
12259
6449
14013
6729
1931
12548
11822
6586
441
7326
7390
7329
4864
5987
2848
10404
11744
5180
9126
13941
4619
7341
7343
4237
8760
3773
12260
5627
11656
3767
7351
12529
7946
6720
8676
7357
5620
5113
7825
13519
6589
10073
9374
7373
6350
5874
9234
12194
3561
7380
2604
8323
6661
7386
10908
7388
6861
7328
7392
7393
7394
7395
6846
6925
10491
9405
10022
7602
7403
5739
7406
7375
10043
6937
8117
12918
7417
7613
6807
1826
9037
9447
10506
7426
12062
12901
8858
7430
7431
7432
4820
6291
6408
11126
4175
6990
7441
1641
5015
6051
11666
6717
7451
7660
11811
11721
7455
11948
7457
1884
5868
8642
10489
5200
13116
6895
2662
10867
5299
9518
9123
4267
11080
12766
7476
10292
13513
7480
11308
10528
8681
7950
11506
9161
11352
12113
7185
7493
14072
5191
7496
11579
7499
7500
11543
11714
7503
7504
13162
7506
8783
11657
7509
3328
10683
7513
14222
7517
11262
7519
6327
12291
13514
9642
7524
9878
7049
9604
6012
7529
7530
9448
12223
8230
3032
5823
2858
5844
5230
7544
6625
7547
6343
10182
7551
7552
11983
12671
7557
7559
8612
7561
817
9596
7566
312
7742
3598
1054
7571
7572
11631
9514
584
12563
7314
9558
11553
245
7588
10220
9808
9865
10222
7308
9329
225
11099
7279
9484
7402
8534
642
4655
14149
4733
1854
4920
3233
3148
7418
6169
13169
7617
7862
9942
11812
13087
4434
10968
3890
9152
4594
12682
6899
7637
10967
7641
6094
8824
10271
7646
7648
4850
8129
9625
7652
10725
4400
7762
14024
9072
7658
7659
3715
10548
12800
8861
8604
8820
7669
7670
12179
13401
7754
12725
7676
12905
5306
8321
4782
7681
13289
11981
7686
8988
6852
3528
10759
7988
8618
11335
13121
5391
3449
7701
8505
11454
1588
8385
7044
7709
8245
3202
8250
10454
5123
9236
7719
10167
7721
2548
7740
9297
8829
10845
2110
6354
11593
4788
10903
3693
13031
9526
11380
7723
13560
7568
9221
10643
6313
3883
10863
6731
8056
9555
7673
10287
5863
11109
5883
11766
9706
1384
7655
10170
9772
8183
11634
7767
9489
12352
9109
7136
3912
3494
7817
6333
4296
2471
7780
5307
7783
9990
1715
12282
7787
11745
9787
7790
12219
6091
8172
546
10277
9387
7800
7801
7802
10333
7804
7805
8946
10816
7808
10513
4587
7811
7813
7814
9124
9278
7776
7113
7819
3097
1782
10329
7823
8663
7364
6964
10192
2660
2523
12921
9020
709
7833
13646
7835
7836
9060
5362
7840
7841
8357
8531
6231
9086
9823
7848
7277
7269
7851
9406
4234
10414
7856
5056
11705
7860
6836
7863
8338
7865
9888
7198
3633
7179
10660
12666
7874
9026
2373
4515
2078
11100
8936
6892
2298
2760
10344
5831
7887
11008
5997
2998
4767
9495
7893
8195
8901
4026
8235
7899
11779
2467
12759
13981
11671
4393
12557
3342
7910
9512
11027
7017
7914
10040
5594
7917
2967
12185
9110
14255
7923
9630
7987
7928
9974
11530
11310
5729
7933
7443
7935
8779
6712
7939
10882
7941
13416
2446
11923
2586
7947
7948
7484
6485
7550
11017
7954
7955
9159
9947
9672
6557
7962
2770
7965
7966
5669
7188
7011
8302
6109
10481
2922
9478
5449
6863
1579
10093
7985
2551
7691
13499
4954
13201
7992
7993
2145
11939
10158
7997
1026
5029
5556
8151
8217
13157
11529
10538
8008
7958
8010
7015
8012
5919
10223
9412
13651
6609
8601
6362
9125
8021
8022
11608
6271
9779
12106
7086
5888
8466
9513
9388
8035
12988
6715
9546
8039
8042
3273
3740
8940
8047
3392
5480
8237
2091
3201
8054
7715
7752
12323
8058
11322
9960
5645
4096
10586
3605
10110
5504
5406
5605
9572
10777
7250
6427
9745
8077
6623
1926
13824
8081
7353
10331
6370
2594
9142
4012
8127
5175
10084
4935
8094
14043
11997
8099
8100
5354
12144
7019
10397
6312
11992
2557
5401
6025
3952
12727
11743
3187
7246
7413
12547
6810
10925
9678
9001
14179
8892
8090
9758
10891
13948
8133
8134
7150
8136
957
12167
8140
6788
8319
10045
3363
8811
8150
8152
8153
4709
9520
8156
6275
9922
10527
6310
5675
10461
6528
8169
4502
13637
8827
8998
5740
1684
4358
6069
6397
10026
10720
8186
4738
9298
6900
8191
5663
8193
8196
13153
10238
6318
3920
8794
8202
8203
10074
9913
6471
10716
5249
8211
8212
4486
8215
1774
8003
12740
5173
3394
10704
8223
10137
9004
8226
12681
11468
8229
7533
8231
8232
13188
8234
7897
8528
5734
3174
4761
7710
9702
12480
4444
7713
12045
4031
10569
5129
4138
8260
3963
8263
8265
11501
8267
11102
8379
6203
1531
13813
11455
9147
12476
5889
13500
6148
9101
6440
8281
6538
8284
6944
5598
8288
10718
10041
5233
6824
6422
10067
8296
14021
5084
6805
7973
6767
8304
11244
10159
1358
1797
8309
8310
8312
8313
9146
6798
8316
8317
4395
7679
6046
7515
8325
10677
10608
8328
5501
11458
6834
5649
14046
9491
6117
8337
8339
2308
9853
8342
10007
8346
11502
5754
4022
4934
11212
10694
10374
8355
8356
5521
8359
11495
8361
8362
9446
12438
13100
10627
8370
8372
5336
4183
8377
6382
8269
1126
2633
8382
289
4958
8002
8553
3700
1321
8298
8391
14192
11222
9893
6164
10669
9618
1776
12785
9762
13014
3214
8675
4584
7554
10490
4427
3510
4681
8412
8413
7271
12383
8416
3414
8418
10254
6972
10020
8564
8426
7208
13966
8978
6773
8431
5843
5418
975
8435
13665
12107
5062
8739
12166
9834
1871
12442
11237
11809
6646
8448
13348
4716
8451
8452
9632
4015
13362
7145
5577
13402
10070
8460
9017
6031
11226
844
8032
10808
13109
6853
6184
8472
8885
11819
8476
8477
10588
8479
13220
6653
8483
6651
3247
11317
8487
8488
6787
12758
9721
6562
4073
7162
6771
8983
8497
8499
12445
9765
6063
10679
11415
7702
11613
10807
9019
8511
7977
8513
4380
8516
13244
11118
6537
8521
11960
11646
6336
6288
8526
8236
8529
8530
7843
8532
8533
7603
1415
6790
8538
10198
8540
12202
5572
9006
6041
11505
5666
5465
8550
8552
8386
10382
8558
9294
9293
9727
8424
13241
3619
4717
8788
8571
7299
8573
7438
8576
8578
8579
10126
4611
11050
13623
3942
8910
13575
10609
4475
5011
8590
1729
8593
8595
4101
5398
2020
6357
8018
8602
9443
7667
8605
9880
6566
6361
3574
9328
4191
8802
10612
11143
7692
8619
8621
2653
8624
2292
11432
10255
8628
9182
12767
11762
3548
1986
8635
381
8638
3517
8640
8641
7460
3237
4287
4049
1717
8649
6158
5190
6768
7674
3836
12327
8657
6352
9701
7824
12550
4232
4698
8668
8669
8670
12860
8673
3509
8405
7703
3647
8678
6300
7483
9910
14157
6510
4108
7247
8687
8688
6230
12433
8691
6766
10894
5884
7065
3417
8697
6981
11179
8701
3505
9995
3281
8705
10493
11856
3244
11278
4536
13017
6304
6238
12629
10349
4978
9007
4282
9119
6642
10261
6511
8726
7073
13573
8730
7104
9885
8735
1162
8737
5929
8439
1560
8741
3066
5688
11709
13440
2224
8747
10973
9891
6139
10286
8752
8755
11130
6665
6188
8759
7345
4099
9381
392
4571
4309
8768
1041
1035
8961
10754
8776
8777
8778
8251
7765
8781
6337
7507
2226
8785
6297
750
8570
6024
8791
12263
6314
8795
9801
12619
6554
8615
8803
4350
10480
10273
11168
9475
8814
12015
9529
4672
270
10811
8051
9901
7926
14184
6803
8174
6140
7726
2469
155
4635
5335
8837
8838
9505
5421
9396
875
8844
6677
9579
8849
11662
4705
10283
3493
11630
8855
6177
12463
6435
6133
7666
5246
5601
3209
12083
12981
3641
6356
8871
9434
10659
8875
9261
8878
8879
12571
640
6225
9184
8473
8886
11353
4832
9928
4802
4905
8126
13620
11188
8896
8897
11039
4007
7578
12385
3906
10639
4426
1024
5243
10385
8585
9812
2464
5654
1385
8915
4827
6813
8919
11229
9867
6378
13024
2844
8928
540
8931
13819
1887
4396
7880
8937
8938
5471
8046
10062
8942
8943
8944
8945
8113
11982
4745
9237
6490
9561
8952
2839
2146
8956
9592
8958
12273
4345
8962
8964
5537
10690
1059
11435
8970
10998
6916
7936
8429
8979
1996
12410
6627
8496
8986
7687
6870
5937
2506
8175
7650
9000
8765
10642
3525
6567
6419
9011
9013
12275
9015
13212
8461
9018
265
3781
9998
10046
5140
7875
9027
7223
9029
9030
5519
4794
9033
9034
9036
7423
1631
14039
3559
12602
9043
9044
3710
4964
692
8527
7013
7069
4346
9054
9055
3458
11953
11894
7838
4067
6699
5904
10163
9069
10691
13886
7657
9073
6565
9283
9076
9077
9079
3789
9371
6055
7846
6340
9709
9090
5916
12087
9760
6384
5940
9848
6136
9099
6619
8279
5178
1789
9105
2072
12538
2074
7772
7920
3935
11805
7187
9116
6888
8835
8425
3661
6299
8020
8147
9127
9128
6032
6216
13394
6246
3843
9136
7576
10822
5004
5684
8088
10428
4290
11583
5247
1467
9150
9151
7631
9658
11186
4739
7064
2262
8722
7489
3132
9163
9164
9166
11058
4337
9170
11133
3922
9174
3369
9628
4973
2641
4438
5188
8629
9183
8884
4336
9187
9189
12350
7311
5522
2645
8314
9196
7647
6455
2357
6662
9202
4230
9204
1523
3289
11444
7815
6289
10558
11190
5448
4291
11794
3224
9613
7743
10306
9224
9462
2683
9476
9228
11307
6713
6278
7377
7248
7806
8949
10633
12393
10814
9869
13649
13094
2910
6202
3775
9250
3770
3455
10153
3039
6574
9257
9258
7167
6498
8876
4222
4793
13517
3005
6830
6113
5041
5414
9698
10102
10181
9274
3899
9276
9277
8225
5818
6159
3746
9075
13585
9285
13281
9774
9292
8559
8188
9798
6342
792
7056
6353
4032
7539
2781
4768
8468
9315
7079
10880
10294
6385
9487
13786
5837
2920
6983
9767
6946
8613
7595
6439
9331
6601
9333
5595
9335
9918
12875
6061
9339
6695
2669
9342
3199
2483
627
9346
5108
4394
9350
4506
7927
3774
3057
9355
5278
6600
9358
9360
7471
9362
6657
3468
9365
6683
13163
9368
6002
6968
4367
7370
2458
2541
5311
13059
8762
8274
9383
2815
11729
7799
8562
9528
10290
9392
4756
8841
9397
4209
9399
10844
4184
9404
6782
9402
7510
7852
13804
7724
7101
7313
5388
6659
9420
9421
9422
9423
1704
4601
3850
10468
12407
9533
5329
9432
9996
8872
6914
529
5461
10936
7099
12001
8603
12591
4607
8364
7424
1096
426
6458
6346
9453
9454
6658
914
2507
2833
9461
9225
6543
4956
10676
6792
9467
6721
2990
9470
9471
11047
11101
9474
8813
9227
4347
3806
1883
11717
9482
8264
9778
10107
9320
12519
7769
10839
8335
9667
8146
5036
8368
11331
11304
12998
10951
9500
9502
8839
11539
7621
12743
3911
10453
8214
8033
4923
9517
7469
8087
8155
9521
12150
4560
7738
6120
9390
10469
9531
9902
5638
4507
9539
3615
9973
4210
9544
5139
9831
8201
2733
1751
6663
6501
1809
8720
8951
2360
9564
9567
9568
14260
8124
13296
9573
3785
6409
9576
12168
9188
3560
9581
9582
9586
3640
7291
2778
11764
8957
10626
12828
1337
11409
9598
10069
4929
6175
3381
3080
7527
5691
2129
4995
3056
9850
12139
794
4231
9219
5060
11128
8399
4213
13853
11339
7242
12164
4943
4308
6652
9176
7925
9631
8453
9633
3900
5405
761
13843
9641
7523
12056
9645
6844
6473
5265
12623
5794
6206
9652
9653
9654
9655
3917
4766
9153
4060
7956
6058
4122
6045
12575
4684
4669
9492
13316
9671
9296
9674
1922
80
8123
11136
6375
7979
11480
12093
10021
5991
9689
7270
11881
7085
6544
10408
9930
13921
9271
9700
8662
8247
9703
5503
8034
5524
3477
9711
9712
3335
10429
9716
4858
6321
8491
6420
5576
6933
10210
8563
2511
3012
9731
959
3692
1503
10383
907
7753
9742
448
9744
8075
6082
10054
4712
494
7564
9752
9830
1413
5624
13492
10821
8130
11051
9093
8402
9254
9766
9326
9216
4785
7123
7764
1110
9290
10193
5702
9777
9485
4729
9781
12441
9783
5079
9785
5867
4941
4866
3099
6366
10367
3724
9299
8797
5668
5932
5911
7590
6034
9810
6149
8911
3811
3903
11659
5165
9820
10201
5424
7847
13060
9826
3992
10467
2941
9753
9547
9832
13511
8441
10915
7304
9837
13645
13592
2055
3815
6068
6060
2286
9585
9097
2354
9609
11598
11751
9393
3802
3707
9856
13102
7961
5350
5593
4500
5073
7591
7249
889
9871
9222
7400
6056
9876
5275
5355
9430
4614
9884
8734
588
1168
7868
2445
8749
8396
6256
9895
2697
3321
1251
4732
9900
9082
9903
9904
4208
7892
10573
4330
9909
9089
9911
4821
8205
4633
11768
9917
9336
4518
5058
8158
7120
2090
7023
9696
4310
9932
9933
6330
10723
2792
2326
9941
7816
6268
3405
11438
9946
7957
6441
41
1418
5548
9953
5081
11645
12338
6912
2591
8060
4784
10913
9965
3945
7949
9892
6131
10817
9972
9541
7929
9975
5546
3587
7087
11330
6685
12588
3454
2089
9985
9987
5637
2108
5244
5051
6162
8703
9433
7796
9023
4643
5747
6639
6026
4630
3352
4264
8344
10732
2999
5228
2474
3497
4429
10018
5323
8421
9686
7401
7911
10024
10025
9750
1962
10028
10398
10030
10640
3461
4799
1790
10036
10037
887
1895
7915
8290
4661
8341
9024
4288
6917
4453
5580
3928
10145
9747
2006
10058
11433
9418
8941
10066
8295
1968
9599
8459
10071
7560
8204
12455
5764
3474
10078
2900
11814
953
4165
3475
9045
3415
229
6882
2690
2903
12299
11718
1293
7984
2827
4808
3538
7433
781
10100
10406
8816
5135
1696
9486
4386
5016
8932
10858
11641
10113
539
6066
10721
1913
10122
7067
3965
9532
3312
6650
12374
10130
11550
4090
10134
10135
10136
10139
10140
4014
2821
10052
7190
10147
10149
4084
2284
10064
4580
769
10156
10157
8026
8306
4544
10161
12889
9068
10164
10166
7720
10168
4261
5167
895
10174
3245
10176
7089
1082
8607
1060
9273
7549
3124
1850
12873
859
3408
5939
1805
1069
7827
9775
5592
1537
5757
9821
11507
379
6075
11483
4203
5573
6453
10209
9726
9705
2383
5784
10214
3068
10216
10217
10218
1287
9295
4379
9872
10224
10225
10226
8682
7643
911
10232
10233
1632
484
10236
8198
4377
12037
6059
11376
3804
6481
6730
3991
11206
5110
2167
5766
10577
8419
8627
3818
3930
7383
6582
8724
4910
5608
4683
4610
10267
7028
6756
5611
7644
10272
8808
10274
10275
5962
7798
492
6096
10281
5280
3402
8751
7755
12261
9391
7477
4704
9318
10295
10296
3696
10298
10299
4286
6474
10302
6986
3389
10305
9223
10307
4658
10309
3566
5792
10313
4492
12343
4735
10318
4856
8149
5534
10323
3823
3831
7822
5225
8083
9562
10335
2218
4057
604
6407
5195
2930
3320
4591
12818
7601
8717
8992
10689
3552
5765
10462
3371
10357
2590
5026
3254
12132
7211
10365
10366
843
3670
10372
13225
8354
10376
6029
10378
5786
4198
6664
8554
9738
5365
8909
11851
1229
2176
10423
12228
2235
6386
4509
8105
10029
4271
5686
4882
10947
10405
10103
6825
9695
5744
7883
7218
10413
7855
5366
2356
4568
4754
10466
10603
5659
4787
10389
5696
2837
1956
5811
9143
9715
13045
6617
6936
7217
1394
7996
5568
10442
1225
6085
3368
11490
2165
6989
10450
3159
9511
7716
10455
1447
11149
4406
10460
9241
10355
5086
12693
10656
10419
9828
9530
3694
4078
5300
6635
5321
1816
7975
5028
1877
7100
5257
14203
5819
5938
7461
8408
7399
7171
8706
10494
10495
26
10497
746
6201
10501
10503
3501
7760
8182
1407
5210
2628
4029
7098
7809
4320
9424
6276
3111
1768
6006
12010
11022
10522
4939
10524
2623
5826
8159
7482
10529
5885
13383
2419
3937
11820
2002
2944
9796
11288
1498
8501
1974
12333
7663
3777
5103
10871
1557
10556
2192
9589
4722
4759
3957
5209
5054
7256
10566
4842
5010
7035
7369
9907
9764
2331
5495
11122
2720
10580
10581
11236
10583
5993
4945
8063
12867
8954
3324
10590
7207
5487
10596
10662
10774
3396
1649
10601
2301
800
10606
4987
8327
8587
6393
8506
8616
6228
11464
10616
3857
5810
6226
5861
1178
11148
3570
9593
8369
12331
5155
10632
10253
14218
5493
2958
6959
4824
5496
9002
12369
6948
7636
11519
1074
11111
5489
6963
2735
10465
10657
10280
7837
10597
7253
2710
624
11690
3498
10971
8398
10670
6412
10673
7115
10675
9465
3425
8503
5901
8343
5332
3722
9210
4865
9253
4294
10473
8967
9084
7
5429
8353
4769
10696
565
6817
10699
6678
6185
3782
8222
5464
5723
1687
2522
8240
12518
10713
10714
7707
8207
6633
11021
7168
9938
6134
8311
6027
4548
10728
4878
4996
10008
3837
10734
1152
6478
13324
4981
6484
10741
3331
7091
7872
4811
3333
10747
4004
10750
4484
10752
3430
8775
5215
10756
741
8257
11498
11627
1149
3512
3249
13007
10769
2397
10598
10775
4801
5258
11203
12552
4744
7425
3479
3349
1286
6763
3522
8852
6364
10792
10793
3165
3373
11127
684
3181
5148
3061
4376
10802
8029
4326
7293
10806
8508
7337
11547
8819
10812
4279
9240
1496
7807
9971
5776
7214
5879
9761
9139
6921
7442
6316
6523
7225
7014
3407
4674
5712
10833
351
4890
4947
6740
9543
7212
12656
2293
9629
7151
13711
10849
14252
4530
7004
12872
970
5216
4730
11054
10351
5229
10865
5133
6009
5012
10553
8164
5585
3659
5102
5908
7970
5470
9317
7940
9534
7032
6796
3145
6821
4697
7411
5021
8131
3136
6332
8693
3630
3419
5059
5763
1914
7734
1601
4050
2866
7618
7744
3210
6285
9963
4152
5479
10921
8661
7096
7283
8122
4332
5253
1574
10930
4817
5511
1878
5705
10935
9490
5896
6599
5710
2610
7540
2744
3925
3824
12585
8128
10403
13839
9499
1824
7470
11966
10956
6479
4238
10960
2700
10962
3478
5796
10966
7638
8478
1371
2919
1732
2202
1640
10977
10978
10979
10981
6114
4481
10985
10986
3849
4908
4668
10990
3471
10994
10995
1994
8971
4383
6607
4881
1242
9267
11006
7888
3586
11011
7109
11013
11029
11015
6434
12098
6519
1448
10521
5955
4154
11026
6868
11014
3403
5358
5261
11034
11035
11036
8821
5146
8898
3487
6737
3954
11044
6296
9472
11049
9617
9759
9863
11053
10860
2538
3921
9167
2531
3208
11061
11062
3541
11064
3116
11066
7763
1876
5160
2212
12311
13787
4546
1508
7784
11077
4194
11079
7474
5816
3240
7076
5137
13481
5420
6480
3788
6301
3913
1078
5672
11095
6745
5001
7599
9473
8268
7718
5971
5992
1352
7757
11110
10651
8582
11113
11114
11116
13291
5951
4163
11121
10578
5240
1158
7437
10796
9616
2646
11132
9171
4066
12235
9680
6183
11139
110
7027
6040
8617
11144
3554
2529
5880
10624
11150
5848
8643
8848
1960
7074
6389
4303
11159
7531
7080
7598
4005
2959
3869
6734
8810
2791
7614
6736
4724
3523
11177
8699
3215
2359
2130
12720
6240
8895
4443
9211
4582
4913
7194
4233
5718
7041
6786
1295
7259
13569
11356
4545
3451
6945
8351
7589
7161
4334
7748
2615
8467
4926
1435
647
8464
5397
9757
8972
11231
5895
5185
13834
2613
7565
11239
4437
3853
2686
9070
5707
8145
7407
1516
7356
6290
11251
6579
5039
11254
13180
4370
5632
6596
5288
4151
7518
4365
11264
4272
2390
5948
4314
11270
3128
4903
7092
11275
6927
11277
8710
11279
11653
4493
11282
1470
7024
5505
8985
10539
5839
3260
5303
6348
8092
3490
11297
5703
2929
5704
1953
3184
6641
9497
4117
13001
10614
5451
7931
4562
2656
1933
7831
8375
6171
8059
7416
5599
11325
11326
11327
6897
9980
9496
11580
192
985
5390
4535
388
9621
11340
6442
2520
12536
295
5625
6789
8138
8887
6404
11204
7959
671
12014
11360
5622
3166
12303
5782
4097
11369
2536
1530
11372
11373
40
6257
10244
7739
2893
6262
6430
2205
11533
3712
6592
1841
3621
3725
6018
2871
5003
6125
2825
6152
1576
4912
4240
3104
1108
4385
11408
9597
3536
11411
5547
8923
7163
9415
6909
1859
3809
4626
11423
3953
2393
5208
5106
2370
1465
8626
10059
11434
8969
12858
1444
3054
11499
11441
11698
3584
9207
4679
6160
11448
3840
1414
11453
7842
8273
11456
3708
8330
714
11460
4708
6496
10615
1808
1408
13586
5732
4755
6791
7894
5909
9684
13077
6637
12968
6612
4074
11489
10447
5974
11492
4002
5382
8360
1379
10760
11440
11500
8266
11426
11503
11673
8546
7486
10202
7487
6636
7745
2265
8071
3675
3550
11517
5157
10649
2650
349
7002
3338
2246
3909
12118
5607
7930
1727
11386
7116
3450
6594
4265
9507
5484
7062
12371
10914
11545
1223
11461
10131
7303
9154
11554
6021
7117
6398
6752
11559
6445
1329
11563
400
3975
3305
3137
4581
2035
11572
3885
6101
5954
873
3265
11578
7498
11332
1753
4762
10582
5310
4120
11586
6738
6856
376
5027
683
7953
7093
3727
4555
9851
4059
5259
365
6684
54
2519
3400
8023
5564
202
5657
7276
9272
1018
11615
11616
4025
6293
4487
6241
7725
13207
6500
10761
7623
8854
11632
11633
7766
11635
11636
5699
1746
6325
10112
11642
3457
11209
8523
5830
4764
5302
5346
11280
4848
4188
7349
8518
2588
9817
3532
7750
8850
5947
1867
380
7449
4197
1112
6952
6401
7905
8168
11504
7651
8070
5220
8210
3139
3434
2571
12488
840
8889
5082
410
12903
1234
708
4955
7579
4384
5560
6081
11442
11699
3192
11701
3180
551
7859
832
2029
9238
5252
3190
6692
11713
8208
4064
4212
10658
11720
10091
2470
11723
3310
885
8800
5554
2780
6007
3940
11735
9835
2987
1763
11742
8114
7481
7788
6423
7938
11748
11749
2190
9852
12362
11754
4273
2320
4805
5925
6553
5404
9165
9993
9145
993
9915
4368
2835
3443
4258
9763
2486
3923
11777
3973
7901
2207
7111
8389
11785
5150
2444
740
5395
3006
4130
9214
3375
7197
418
11798
4247
7585
6561
8305
1545
3304
8066
11808
2931
10132
3748
10080
11815
1664
5024
9736
10534
11821
7322
6187
1206
3160
8921
2717
5685
6213
1382
4324
1443
5995
7156
2993
4391
7227
4143
2399
11843
4604
5214
3011
10386
6004
11853
3114
3131
1317
5860
767
2612
7042
6093
5057
6578
6395
3671
1848
4942
7690
5949
3382
5440
10015
4448
3612
11885
11886
1803
4103
7268
6182
11892
3524
9058
4388
11897
4479
1029
6819
2366
5981
7205
3572
4270
3637
7387
2155
13799
7704
4676
11919
6118
14120
3286
7944
4252
3172
11926
3276
4089
1428
8753
11841
13582
11934
7258
7900
784
11938
7995
5678
11943
2765
8185
7693
6191
7456
8993
4719
4887
9057
2164
2037
7371
1580
6157
8905
4816
2378
1660
7727
10955
2151
5640
5697
309
2178
4884
8475
11975
11977
7359
2122
9359
7759
7334
4843
6429
5386
13110
5750
8107
2498
6929
3399
9428
8580
5338
4045
9442
12003
12004
5423
9614
4463
5972
10520
6469
2219
13339
1386
6391
2402
4551
3662
7008
7732
415
6540
2986
3663
12033
7895
12035
12036
10240
2172
3252
5291
12041
12043
8812
6088
10420
5315
4602
3618
12051
7058
7668
4494
3622
9643
7292
3499
12061
7429
3685
6400
4432
5711
2598
2088
9636
2310
7140
3259
6647
3972
5385
3109
2881
1589
4146
8866
6902
1971
9925
9092
5855
5531
7685
2671
2409
11018
1577
6472
12102
1120
12104
3031
8027
8437
12108
4590
3726
6809
7491
1734
1484
11526
5821
12120
12121
3841
7084
6145
5589
3904
6106
4613
12670
1442
1748
1722
2698
4039
1417
9610
3882
8973
12143
8102
5492
4523
3178
1607
320
10057
8142
12152
5168
4559
7514
7803
6630
3154
4468
5042
9623
4586
8644
8139
10969
758
5376
1507
4899
4979
12175
15
4885
7671
12999
12278
5836
5068
7919
4965
6800
2822
4036
2777
12192
4065
7378
4962
2345
820
4617
2546
10243
325
2935
2985
6020
12209
3028
4742
2772
12213
4644
5239
6718
6084
4333
7791
2574
6669
3679
9300
1975
5384
6970
3225
10390
12230
5446
7698
6616
11135
1255
5644
2567
4872
3754
5840
2885
12280
3880
2124
6795
4259
11007
6621
12256
4159
2135
7315
7347
10289
1938
12265
6743
3820
12268
4144
4248
12271
8228
11359
5130
9400
1453
12181
4800
12246
6119
7786
4313
9114
4446
12287
5679
2307
7521
7629
7488
6997
6161
10090
12300
9516
13551
11366
3944
5656
5570
42
3306
6583
4902
11072
5561
2351
2304
1275
4490
2388
8057
12324
1730
12328
6847
10628
10547
12334
4170
9956
1181
5827
3307
10315
12344
3065
6110
5006
9190
7770
1765
4177
345
5410
3861
4659
3949
6908
11753
1842
2618
12365
4409
5828
8395
10645
7538
11542
8007
10129
5728
3866
3980
12378
5583
2559
5114
10748
5526
3669
2716
1063
2823
3123
6532
9239
2766
4770
1796
1759
4281
4342
3960
5582
1139
5813
2260
705
9429
1497
7409
8981
3995
9220
1559
2888
2187
5088
3467
82
12419
4009
5473
6003
5159
4725
209
6875
4953
12658
1581
12431
4020
8690
2661
4242
6281
3828
8365
5425
9782
8443
12443
12444
10200
4691
4547
8415
4402
1777
7532
10075
1892
3799
2889
863
8857
12466
5647
6451
5402
1084
2105
2984
3112
2973
9440
5172
986
12483
7203
8541
2396
3750
11683
7082
6396
3219
7502
4814
4043
2732
3037
5790
4038
2391
3794
4721
890
1505
7558
5528
3745
1200
4609
1741
5186
10712
9488
7301
6360
9935
2786
12525
3969
4256
7352
3625
1322
5651
9506
11346
2652
9692
3810
8165
1319
12542
7794
3955
4524
6071
8118
1364
8665
6749
11208
4077
2877
9802
659
7907
8748
9577
12564
233
5476
5945
12568
3017
1845
896
5126
9664
7845
4847
3228
12579
10324
2363
12582
3357
10945
5342
6506
4147
3301
12592
1290
12595
2989
902
3856
4412
2996
9041
5235
6417
4404
2031
4408
2642
12611
324
5541
1830
12616
3169
10668
8798
4844
877
4423
3019
12626
1638
8716
12630
12631
6772
5292
2403
3365
5865
1781
3243
4001
6035
3535
7885
3756
2313
3690
3704
3601
4414
1446
10842
12428
3482
5652
3206
7653
12665
7873
4741
2627
5762
12255
7556
3938
2979
1219
6039
5301
6135
4922
3764
3076
8227
7634
2954
4690
4225
3576
1900
3546
3167
2799
8880
7022
14256
4162
1793
6654
3060
3168
5394
3516
11341
6843
12710
5603
976
7130
803
2758
12924
672
5824
3423
8347
12724
6769
8112
2899
4552
4275
3653
5722
8097
4637
2153
4145
908
8218
4471
12131
2189
977
11866
5345
4797
6067
8522
6922
10327
906
1231
938
874
12765
12315
8631
12768
3741
4355
3871
2552
8345
3796
3188
2411
4640
4041
12781
3933
5639
5442
2722
4879
3855
7220
13030
12793
5775
2274
5559
12398
2554
12799
4622
3812
4830
3929
2891
2109
261
6919
12811
4030
8507
2659
8963
7694
10347
9687
2159
12823
6347
2869
7391
10144
4503
5466
13090
5604
2852
1817
6280
2901
5802
2706
2179
4595
1818
12844
12848
5254
6475
4109
3362
12853
2688
12856
3107
11436
2114
9481
2549
4457
7071
2222
13206
8324
10587
7512
936
8275
12650
10186
5294
12289
4278
12877
4919
4950
7427
12881
2499
4375
2315
12886
1701
8877
10162
2420
4082
12892
3719
2330
3095
4319
3780
6307
7428
11688
10779
4629
10044
12909
2982
3642
12913
7131
3421
7415
4634
8815
6244
3591
6170
6010
2978
2338
8015
1479
6513
1123
4410
3502
1815
5271
2875
5597
7879
4363
12947
1978
1548
5416
1654
2776
177
3171
6266
2116
7490
12961
5917
12963
4088
4112
11484
1855
2062
1685
1745
198
1218
6779
8867
4134
12984
4828
9067
4723
3846
9725
6014
3379
5002
2876
9498
12180
11185
11306
139
13004
6595
4585
10768
5891
4565
2774
3589
6207
8403
2136
5555
665
6812
6608
3503
2960
1637
12792
2025
1860
13034
994
2379
4037
3706
2644
2805
1905
14034
10431
3916
3608
4748
2012
573
517
13056
3716
6534
9380
9825
6928
8038
3948
5500
3854
13538
883
2017
6556
7577
3964
1196
11481
4239
2442
13080
455
5408
8902
6371
2565
3351
7854
1037
6000
12832
3462
4357
4572
9243
6877
5894
6344
6267
13099
8366
5065
11365
6829
4398
7077
1947
3545
7078
13258
3205
13115
9386
2917
7382
13119
2828
7697
7508
13123
5615
5341
1998
262
1555
4301
1441
3951
6033
3650
2270
6250
8239
9955
6940
4573
6993
1493
2621
4262
3620
1917
10781
13150
2771
5090
8947
1022
4211
7573
4216
5270
7505
9367
471
3315
6539
7616
3826
7555
2988
3469
2711
6198
2964
6816
3585
5166
13181
801
3270
13184
5542
3870
9945
2484
1244
1019
10249
5055
1080
6406
8143
3738
1469
1246
2152
12865
11625
2625
2059
10111
9016
5530
587
5890
6645
10502
1256
316
13223
13224
10373
6535
3891
136
813
4951
13232
934
6115
829
2872
9311
3868
3733
8565
1410
4422
13246
4946
1561
4829
5234
2050
3753
5928
4836
5629
13112
6872
13261
7864
5154
5197
13265
2149
13268
3701
2802
4997
935
5903
3122
5158
5304
1419
3117
9288
14112
5412
6710
11903
2797
11117
5142
799
2937
3613
9571
13298
4971
1688
2609
4557
13304
5760
2568
2241
4157
7553
13312
3108
3311
9668
1668
13318
2245
5978
4699
4304
10738
4219
2955
6491
5245
1690
1220
13331
4737
4750
5606
2962
12018
3055
1614
2141
4713
2587
788
6079
9014
4411
8504
231
2423
2026
13354
3558
2601
13357
4181
13360
6036
8455
13363
3418
3607
5807
922
9305
2564
460
3288
4822
8220
7478
2309
2174
8769
13382
10531
2427
5248
3442
4907
3290
5832
2030
2767
1077
9131
13396
1184
2812
4485
7672
8458
3970
1142
1119
6512
7125
630
3571
9881
3562
916
8004
4994
5147
1827
1533
4898
1628
5882
3090
1992
5439
7625
17
3889
8926
11868
13436
1233
1761
11342
3175
6797
5381
4663
5969
13448
857
2856
3762
247
7586
13454
1341
4141
5636
6560
4215
3100
5264
1015
2726
1205
1562
6638
3977
2553
3982
1089
810
2544
2489
13479
190
4207
1075
3624
2784
4600
4477
5862
9756
554
522
952
13497
4917
9229
11048
13501
13502
7737
1652
2816
8984
736
2028
4497
9833
397
7479
7522
6841
13516
9264
2375
7366
3085
5721
3578
4897
2256
3198
7193
6037
1611
550
2497
2845
3422
3894
7195
13069
13539
1188
8171
6881
2430
6049
11175
3294
5031
12302
666
5581
5427
3040
4054
7741
3157
13857
988
5151
9065
3079
468
11202
6468
8030
8446
571
8586
13576
6973
4632
566
699
11933
3232
9284
11467
9107
10916
2227
5372
9839
1339
5309
4804
8539
13598
13599
9522
1197
1944
687
5799
5787
1014
7592
2157
486
4011
3162
13613
5430
68
13617
6626
3370
8893
5569
3388
3404
2350
2561
4055
2521
10205
4160
3143
3876
3473
1982
8583
4924
5281
4714
2306
2051
5435
9838
7834
7620
9242
2672
8016
9818
6694
1676
6878
13657
1897
5199
660
8006
8671
5698
4387
7466
6426
2691
2123
10053
2327
8792
1656
1642
3429
409
7010
5725
4115
5804
4927
7525
1468
7909
1131
8756
76
2488
3736
13696
4356
6456
5048
2263
13701
7333
8959
4280
3361
4906
4142
3221
10847
4513
13713
13715
841
6450
2942
2826
12000
13723
6345
5067
8289
8436
13730
2421
2638
4431
1686
8517
6667
319
2674
13740
3644
5751
2854
13023
1981
6689
3759
3901
13750
1903
9509
3985
5878
2995
2939
13759
2492
1912
6871
6776
394
11400
2537
10474
3575
3200
4425
5905
3504
6334
3990
6192
1228
7714
2491
7108
4153
13785
9321
11531
4779
8744
2687
7771
5523
4653
5378
3050
2635
11915
13800
3303
3765
8745
11619
4825
8575
3568
7475
13810
891
11730
898
5915
2526
8933
1320
1525
6214
8080
1916
6858
3632
7210
1325
3732
11234
1630
6165
11086
7942
5621
9639
1623
13847
6204
4543
5368
9620
1778
6585
7160
13562
4430
780
13860
5287
1097
9417
123
5602
13866
13869
5584
5791
4928
2961
3433
2879
4660
2387
4186
2410
6194
3902
5648
9071
4592
607
4206
4051
2905
662
1464
2738
4692
3611
4664
1113
4229
3277
5361
1457
1000
6826
3262
3035
4285
5677
13914
703
929
4810
5467
9697
5613
5820
13924
13925
3072
4223
4428
13929
4771
8544
6618
3406
50
2490
5268
4511
8173
5660
294
13944
5344
4815
8132
1369
10464
13951
9112
1787
3761
2592
6467
4083
6196
2949
7468
8428
6232
13968
2100
2643
13972
6880
3038
2076
878
2425
9857
1076
11571
4889
13985
382
5020
2434
3149
3484
903
5850
5943
5483
2191
3506
2319
6326
593
1098
6073
1480
1160
7286
3744
7338
3569
4893
4062
1486
10810
5347
1032
8299
8162
7656
6019
7969
5231
1351
2853
7626
5488
13044
4517
4678
8252
2282
9039
8656
6982
10099
6837
4266
10757
5578
3453
2163
1868
3898
847
4673
14057
1597
2372
4980
14062
14063
4269
1733
2311
3234
777
2277
1584
7494
4778
2024
4654
2834
1356
1849
2655
14081
6874
318
2742
3481
5241
1969
910
2098
6801
6802
14092
2196
772
5387
3022
1043
1711
14101
4172
1831
8449
9337
5283
1460
674
13283
3077
2171
2014
1346
7622
2620
12011
6748
1902
5017
4127
5339
14128
14129
1864
2150
6324
6548
4624
14137
754
9306
4496
5590
4812
3444
4846
7607
3087
4298
4276
3284
14154
1254
8683
2371
5968
4047
9247
2428
1472
2952
5494
846
14169
14170
1269
9916
8567
3438
2132
14177
14178
8125
2071
1689
6080
8825
6416
1648
14187
5128
4989
14190
2239
8392
4831
3279
5
3348
7596
14199
14200
4615
2868
6446
6444
6349
5681
6355
14215
5034
5858
10634
7305
4549
3852
8440
4598
5610
5007
7317
6886
7454
3610
4521
6700
7421
1260
14237
4623
4819
4469
2321
3842
5834
2097
8331
1991
2295
1237
6568
10850
3142
14254
7922
12696
2208
3300
14259
9569
3986
6141
1336
3015
4961
782
3514
6258
5781
2752
14274
1330
3994
804
2324
4694
3135
3703
5380
1661
290
7365
4876
1820
6867
1101
1862