time,event,F0,F1,F2,F3,F4,F5
0.4013164030731075,1,0.6805582846039154,0.6495859134419643,0.23933482927787642,0,X,B
0.3693858556104247,1,0.5502324955868118,0.7291906398042258,0.8116349850570878,1,Z,A
0.08825349756300999,1,0.2764806589544525,0.8590032136807869,0.35085765724525664,1,X,A
0.31429192089887514,1,0.6724787094493788,0.8893519364603667,0.659651539654252,1,Y,C
0.005840413829167936,1,0.21980909296529605,0.7306493858712237,0.3807375003749356,0,X,E
0.08480423949380017,1,0.8067896083045666,0.5681619113444776,0.29321726207238075,0,X,A
0.18254163658982184,1,0.6125625855729514,0.37464421916480495,0.7714136420489809,0,Z,A
0.19944059325594427,1,0.33599707234895004,0.9405125679182328,0.10441041347648616,1,Y,C
0.19292693827722243,1,0.12100710295749273,0.010749413420794052,0.565656959947253,0,Z,C
0.2628144596953659,1,0.5793191855794569,0.9070776912373557,0.07918551074442381,0,Y,B
0.04005055082921375,1,0.41217073174569097,0.15008086603539095,0.15928935874675043,0,Z,C
0.2934417558812251,1,0.07273785060273286,0.39002151275459573,0.9782974583762029,1,Z,A
0.3336371056374515,1,0.9142071330715242,0.8369085296914839,0.5107531282315294,1,Y,B
0.3149851259463616,1,0.16503229381980256,0.073113611111291,0.5092559168454958,1,Y,B
0.004084662739505188,1,0.6702730899402913,0.8241812844079933,0.5743401235334984,0,Y,C
0.37101352298856993,1,0.9169370610438947,0.36348315156397115,0.12102783156653374,1,X,D
0.03710708402254472,1,0.6892758552012793,0.18548624570849537,0.3756128226698463,0,X,D
0.45764825378830054,1,0.8788604946899673,0.5180065093100517,0.9558620584936179,0,Y,A
0.09617612598793279,1,0.38299733380593926,0.23105257248826305,0.4680385580770279,1,Z,E
0.11128673552546894,1,0.7483042893085252,0.8406128829957458,0.6124695247978883,1,X,E
0.05454895776180146,1,0.8770173958974418,0.49928691706375494,0.0011183949752612277,1,X,E
0.0451232604508157,1,0.406345469703151,0.16163087675029653,0.6399003810327342,0,X,E
0.14866989799934313,1,0.7140143794817888,0.16958766963091076,0.19143407573093452,0,X,B
0.237111986141602,1,0.5004728603424099,0.5555644049481947,0.20252785694343245,0,X,A
0.07010006166082683,1,0.5852045660849721,0.8506947708276378,0.1393828433365607,0,Y,C
0.007425228584270096,1,0.6963352014671353,0.06196988635443523,0.19186966666629335,1,Z,E
0.2432991942080382,1,0.2030937595851121,0.17604389605240678,0.41464649303629886,1,X,C
0.05645676471018804,1,0.7118739365972494,0.3043913653838114,0.6466344420001202,0,Z,A
0.2947220473192928,1,0.07993729613877798,0.07222587604612607,0.44122428037200356,0,Y,C
0.3658332952723404,1,0.4607063703584301,0.7664165695919319,0.5576413339501181,0,Y,E
0.017368677805143312,1,0.6579978326517867,0.7662432998671964,0.22634140804539615,0,Y,A
0.06279748577259972,1,0.5542220964530099,0.8488583831433492,0.4127404223928707,0,Y,E
0.42989080523835055,1,0.29462587179976496,0.6195390403911807,0.719945923693704,1,X,E
0.1532035024363735,1,0.931622751348001,0.9938932567552752,0.8915396047401809,0,X,A
0.5358610354512492,1,0.2516481346323627,0.8074858102283705,0.4144385450670235,1,X,A
0.34936178415469593,1,0.22390970738048888,0.7771400357750052,0.2750244456215054,1,X,C
0.2226811095099131,1,0.6534194484424393,0.5361344764034711,0.27015605353864025,1,X,D
0.08578428841341977,1,0.47632525967191786,0.6793245002944763,0.3742607237764367,1,Y,D
0.3945637887301176,1,0.9437279105518761,0.9918557699762272,0.3466839557615383,1,X,B
0.011627791396244109,1,0.13809108302885276,0.497677139661045,0.8619600770848426,1,Z,E
0.03012171132624166,1,0.9907916831860072,0.8685831772430886,0.020843308607123023,1,X,D
0.19464399249208172,1,0.053901416223657406,0.20926396500366362,0.8105221556228175,1,Z,B
0.39670497227820545,1,0.0034563154903649584,0.21856025023514303,0.1595032276847006,1,Z,E
0.0323268932520536,1,0.6499756922527585,0.6620992513841186,0.466019838854432,0,X,A
0.03601112043877973,1,0.09802991602973365,0.7152962473392255,0.6668616746483714,0,X,D
0.0875901259633007,1,0.5373143653285378,0.06541304479822463,0.35565081131267606,0,X,C
0.24068176855067147,1,0.23281250938698173,0.7572249336122517,0.12676775221894365,0,Z,B
0.16007317009805486,1,0.5529376294258743,0.008446246382091904,0.1979521144753038,0,Y,C
0.109581816903394,1,0.018324071299011035,0.1135822308853437,0.12431240525792031,1,X,C
0.014268525314535313,1,0.9169803912929744,0.8322103847008144,0.9958972865879908,0,Y,D
0.5435943911077372,0,0.260632910979238,0.9870098968564287,0.19723467563432284,1,Z,D
0.1638626124067212,0,0.6001757218946162,0.22647399251799627,0.18148892160563979,1,X,B
0.21333789047750248,0,0.23853720155074265,0.053252926127223876,0.03179883345326262,1,Y,A
0.5126130164698919,0,0.5969862581543053,0.023743707842224016,0.006880219790153408,1,Z,D
0.4188307364052221,0,0.25738564406160147,0.6279771356135783,0.5548444516599439,1,Y,B
0.49552296837121534,0,0.2404513131843954,0.04459250783993962,0.6340424102783122,1,X,D
0.09806158450035818,0,0.4851254414881968,0.8112963162386436,0.8985698183489329,0,X,D
0.10556706260243932,0,0.45790928679301124,0.28290175478292356,0.7460220584778612,0,Z,D
0.31867911516433234,0,0.21415032360697173,0.312095679410071,0.8178704309015882,0,Y,C
0.41131059967082956,0,0.9273624946589496,0.8317130194605944,0.3094175040315056,1,X,E
0.1337581463843254,0,0.7718624940765757,0.6210975059389457,0.40543524447415724,0,Z,B
0.2533024841499748,0,0.5428472273440189,0.5503909413978141,0.1948752541131482,0,Z,A
0.45931264165303226,0,0.2622304629658626,0.21487163739487647,0.39237805074758725,1,Y,C
0.5426142489229357,0,0.7159518639058967,0.42957057376747576,0.8585740381897606,1,Y,A
0.48767877294410816,0,0.5130190875428524,0.32659826327112207,0.7423853364357684,1,Y,A
0.5424788967638625,0,0.8682602114662056,0.12795263775906396,0.12260762850931883,1,Y,C
0.10290326928667413,0,0.6382462063084693,0.14482387917947426,0.7172521290935585,1,Z,C
0.0563368503756703,0,0.3001103589266314,0.038545571943800705,0.9052840023151361,1,Z,A
0.12155875795548608,0,0.3204179193491641,0.951055721927858,0.25598820380574516,0,Z,C
0.5522867625511862,0,0.08120256194110387,0.624686080037651,0.8666277850522526,1,Z,B
0.4037396389766983,0,0.11223865381120568,0.8823099646238408,0.08555629330060377,0,Z,A
0.5602150138390529,0,0.02571896077670277,0.2064827788946535,0.6491450113267293,1,Z,A
0.0003290017065616694,0,0.6040920246320622,0.9697395722925164,0.772254740000927,0,X,C
0.266358611306014,0,0.8897658933646903,0.8092167870675743,0.9012580617180185,1,Z,D
0.11463495705392392,0,0.32220287501464184,0.7557504031094535,0.9164744702874483,0,Z,D
0.22541354663403332,0,0.9814261561808787,0.6470267500986944,0.9026454588253937,0,Y,D
0.317174544637368,0,0.8941882789906593,0.17715819487024098,0.009006915696783246,1,X,A
0.4646355620711948,0,0.49595753065729464,0.4863932816143228,0.7911741976775333,0,Y,E
0.14380731032051533,0,0.17281952949841684,0.160331128657635,0.6200925632053134,0,Y,A
0.1752636279491642,0,0.45170713149898034,0.28767432263031434,0.6339454578656152,1,Y,B
0.09285847938003151,0,0.7868586333146453,0.7959916460314193,0.889970618240957,0,X,C
0.026894446277791646,0,0.46308410220050955,0.9532757471375184,0.3888167158787498,1,X,C
0.29321775789284216,0,0.28525636841535085,0.1590996653134652,0.9316505614771681,0,Z,C
0.46490527389831987,0,0.8893394537299113,0.5172479130639497,0.43112939999715205,1,X,C
0.3370865231850248,0,0.32838426860297965,0.24090364217724514,0.05081671419876521,1,Z,B
0.12255458531083796,0,0.08489781961944087,0.35483560732859687,0.009577389934825487,1,X,D
0.4678589204845703,0,0.8942083914987645,0.6842787864433649,0.2922884077030876,0,X,B
0.46153196598918467,0,0.11490243520556664,0.3881079989823569,0.8688296418071845,1,X,D
0.5490358116232785,0,0.3545143331500157,0.418767351148732,0.6055329378283909,1,Y,B
0.4648602684011538,0,0.18541254975312405,0.20284343919532388,0.4873878212718773,0,X,E
0.28732296749179037,0,0.044838677409429706,0.6340237835454401,0.8123228937769484,0,Y,C
0.278914450560463,0,0.2737467540019328,0.48657348714607074,0.356035399795392,0,Y,C
0.26498161104263585,0,0.6000107062740015,0.8483687226130309,0.1200342704833518,1,Z,C
0.3584877998421894,0,0.2976411391308562,0.6040826313558751,0.25353223395818425,0,Z,B
0.30228836075196946,0,0.7926984532857069,0.6710853145637389,0.2828017952771045,1,Z,A
0.5571021489062128,0,0.7257143523923566,0.407853361542444,0.9754363518455088,1,X,D
0.5603218274038873,0,0.6326049302549444,0.1827724364488863,0.8525358303921214,1,Z,C
0.5618178160128947,0,0.7902850849415635,0.3187763679438067,0.86177993311231,1,Y,B
0.43132635915495016,0,0.5541141772917267,0.7202300882685363,0.6729526858862773,1,X,C
0.5534330173907441,0,0.7211125311792675,0.5870519447432757,0.5430470435245143,1,Z,D
0.35705220264906545,1,0.6063478435787392,0.260009390289873,0.10043086132428869,0,Z,B
0.08891335479129872,1,0.9440946275610756,0.02632236583856007,0.44231956078679024,1,Y,C
0.35115462097240074,1,0.8273806701039741,0.8581865731313509,0.5762978465367113,0,X,D
0.41999029967212964,1,0.6505168076336428,0.9866102358508969,0.35258965830613587,1,Z,A
0.16597408435426336,1,0.30124767282707554,0.9036936424528602,0.11380768745141756,0,Y,A
0.2259914526484916,1,0.17831678339523482,0.39185860200601597,0.1016748643544596,0,Y,A
0.25014699559189674,1,0.7599744454891565,0.8058016425350033,0.25659655205464926,1,Y,A
0.25225102804170546,1,0.7527713314002129,0.14193940227705903,0.058171328090387386,0,X,E
0.06651437872781693,1,0.37765140566624245,0.39002266400690533,0.8299761267525391,0,X,B
0.21922204223727645,1,0.02622726309797785,0.1370218633702569,0.10801162287292343,1,X,C
0.004937106496982519,1,0.17658660244442803,0.5889815586255692,0.6793650773731085,0,Y,C
0.27580738469853866,1,0.11777610087215984,0.27854641218360776,0.3392764043255052,1,X,E
0.05035205538194297,1,0.22591868735088394,0.7911942792003698,0.7053286087581111,0,X,D
0.3738574975415406,1,0.4802021771207666,0.5801629423451488,0.9318480184481398,1,X,E
0.3098459332750758,1,0.3271048778426092,0.5910345223826982,0.9131389096582014,1,Z,E
0.03226779639571068,1,0.5657187273986907,0.747286964124216,0.7061563069904322,0,Z,A
0.28424223968685663,1,0.7579348016997745,0.24346479044742841,0.6108323181222224,1,Y,B
0.046946751824861015,1,0.9926581584619081,0.25100707205084594,0.4738586382724159,1,X,A
0.3072624470706434,1,0.8415220514724967,0.10792078861345977,0.920349385547972,0,Y,D
0.34014197243223504,1,0.3977564925683612,0.5040211711765034,0.24649590848484715,1,Z,E
0.06069153453726775,1,0.8849901401300205,0.3879466221569575,0.6412776709033574,0,X,E
0.09522286509300289,1,0.6638614903689871,0.8550337994619053,0.7269619081713501,0,Z,D
0.30513434638313763,1,0.736572122903299,0.3476347009426942,0.00891733471467937,1,X,A
0.07174301368072256,1,0.11638194100098287,0.2517399686221947,0.2345200593905169,1,X,B
0.3989446964332766,1,0.17687459915112758,0.47116393664423106,0.6245012707711296,0,X,E
0.37446585873876864,1,0.6349007410904787,0.3211702869715789,0.26624057416104596,0,Y,C
0.03707327084291843,1,0.6639058481752076,0.2686163029550034,0.35566453786613794,0,Y,E
0.2216575866588077,1,0.9299327455213591,0.5344700416420604,0.6196926509570676,1,Z,D
0.0435732520428282,1,0.29573593542060717,0.9112011649070513,0.8831551587823483,0,Y,B
0.14007340653773698,1,0.4866962849129962,0.8420892922528064,0.22344365883597395,1,X,C
0.36474616578013036,1,0.397776689296069,0.9369811574190013,0.7443254283208226,0,Y,D
0.03224941627708272,1,0.24935762430443587,0.9082699032716068,0.8422419350128778,1,Y,B
0.2144168037191551,1,0.08846706276954908,0.23872540632051797,0.952368903252554,1,Y,E
0.07862558821479272,1,0.6473192172515455,0.977921464500736,0.21861256807093876,0,Y,B
0.4078294744501067,1,0.8397656991823389,0.010206296610114962,0.5772250448831756,0,Z,D
0.18077590161347193,1,0.40528758319567315,0.38828795219752654,0.505560702361389,1,X,E
0.07234759669894358,1,0.7857345483435768,0.8618919656022169,0.29993966329587063,0,X,C
0.05447895854399359,1,0.9058599942161191,0.3211738648226946,0.10065128029623394,1,Y,E
0.05737841040382703,1,0.718799422141925,0.25502583253992794,0.10789713941945556,0,X,C
0.06256034528739617,1,0.5482661067797722,0.3014476663106922,0.7691085039253096,0,Y,E
0.10858650043524594,1,0.05147731999087657,0.2468207672962074,0.2194222571141604,0,Z,E
0.3112586752803935,1,0.5746819764873032,0.6393608614278533,0.4962536577220301,1,Y,E
0.12325723196577691,1,0.3798709408489601,0.942908938951648,0.24071501968866227,1,Z,B
0.12751665930235326,1,0.9626627583687316,0.08026353170539258,0.9078736077473185,0,Z,B
0.37218617306525814,1,0.8690841206127964,0.3640999852820884,0.05454504335346866,0,X,C
0.09725612775683225,1,0.09251015830019715,0.574253756459208,0.6579680924831708,0,X,E
0.3465980274367114,1,0.14640763225995934,0.7208979778791907,0.16061055266184465,0,Z,C
0.2664923501002136,1,0.8550608959794331,0.20044890982145358,0.5324338842148727,0,Z,C
0.31927712243427875,1,0.8885401379253184,0.5386270941342998,0.30634535362274473,0,Y,A
0.06251317743950707,1,0.13416957417147646,0.505622057885234,0.6602488011534791,1,X,A
0.184456989783326,0,0.24076572988553002,0.781499873083266,0.1950818424408437,1,X,A
0.24183156265474176,0,0.5565926658128576,0.47687230724911067,0.8248270557547351,0,Y,D
0.3670680753711729,0,0.0797069953508821,0.6573594388565965,0.7123045140147967,1,X,B
0.002433803528405597,0,0.21044809390532337,0.38265495802643246,0.2844703321314931,0,Y,A
0.029900772540851783,0,0.5276786284578073,0.8118502309717528,0.7125896643364953,0,Y,C
0.14659199820726085,0,0.37155976999810336,0.7683005650329868,0.17213401125351535,0,X,D
0.17522152734674146,0,0.8752187808814941,0.29016815023105813,0.2185491927045251,1,Z,D
0.5605981088514114,0,0.30489118548285554,0.5791365889862553,0.07748847789159652,1,X,D
0.05141175485960315,0,0.9308640177432149,0.4922583645402777,0.8898387640445663,0,Z,B
0.5634963729343605,0,0.14510847131732751,0.09122385236728037,0.5625218508255282,0,Y,A
0.25261909623634277,0,0.9192866963817516,0.3786850521958415,0.7703134579121259,0,Y,D
0.05533842177645373,0,0.8993287609297612,0.26923117584325174,0.9357783543538492,0,X,B
0.25892274379014546,0,0.548611399639307,0.648819188744413,0.2465239237325949,1,Z,C
0.5637229665861393,0,0.1498761492231454,0.8432914827932181,0.8568730774683139,1,Y,B
0.2428193423275062,0,0.2605238273171938,0.7240046919665754,0.49396099251991876,0,X,C
0.15294169770187255,0,0.3818718331237545,0.9821551346246625,0.9910310692468611,1,Z,B
0.5605669227200991,0,0.3437265342836563,0.21590863112218028,0.5765288032910613,0,Y,E
0.2012986151865263,0,0.32131045702138206,0.973955412473546,0.9362774087466421,0,Z,A
0.5319877673408253,0,0.6217362014489752,0.09520976704861428,0.010978378730163274,0,Z,B
0.1290359592624761,0,0.8402852808025754,0.9907269116660216,0.23577876760792815,0,Y,D
0.31236443074806525,0,0.2887317229362918,0.3184958050681672,0.635954016439568,0,Z,B
0.3809572227531993,0,0.680699471006128,0.6949104665552971,0.938119888454716,0,Y,A
0.5350831968704711,0,0.21843429440938644,0.007762593119592709,0.6071489226685818,1,Y,D
0.2637782819548158,0,0.8088455900740571,0.32656370278632507,0.4894659510033007,1,X,C
0.31084264656125715,0,0.03751995344446257,0.7120327313740156,0.9319475010514452,0,Z,E
0.552201721005669,0,0.020750435480813567,0.19938767086600317,0.164733798105148,1,Y,D
0.5620252273051546,0,0.9274778829792267,0.03661969131179821,0.06998896134602128,1,Y,C
0.5435391769533189,0,0.4406249260748719,0.6546594595294852,0.8230485709738554,1,Y,B
0.13753779788906287,0,0.14194635080023876,0.3125821691063274,0.8063676172211224,0,Z,E
0.15908607718202125,0,0.011647679827003099,0.6781520591737757,0.14107604150744257,1,Y,D
0.1659759765151431,0,0.9923130870342902,0.012209136882926241,0.5940235674664949,0,X,D
0.4545053273100278,0,0.5995370430513515,0.2184856224843802,0.006283809486441583,1,Y,E
0.27383446525491234,0,0.3948449179376766,0.665873214547884,0.39774318463706126,1,X,D
0.5434720268827538,0,0.8901560359567512,0.45437645075467115,0.690114268819956,0,Z,A
0.10151240687383022,0,0.5408276512780787,0.2784063857319391,0.16292215292627676,0,X,E
0.02163259723324142,0,0.9674478160727727,0.6276311848767187,0.6575790362946636,0,Z,A
0.05329290566709623,0,0.4826986611805797,0.40877653654840995,0.4121871623930149,0,X,B
0.39297832634305585,0,0.5485705054467377,0.8275315071154726,0.47265862717021045,1,Z,A
0.30343092732593074,0,0.4449139286689605,0.28963244922310694,0.92806681006984,1,X,A
0.50931438384895,0,0.625505099186323,0.05944056571667711,0.16989534254083116,1,Z,B
0.21354665973578024,0,0.9850042455202689,0.5173172017167199,0.8007343091747066,1,Y,A
0.06834246590424646,0,0.6985115636700081,0.9582468702079742,0.23297648753464595,0,Z,D
0.15948018500953373,0,0.5118759773216152,0.7178087854370917,0.6023641298433535,1,Z,B
0.3742399414997761,0,0.9875876280058482,0.057923763119576255,0.5103517397664001,1,Y,D
0.1589835470790552,0,0.31080950598057977,0.09270338500154629,0.5991981416159983,0,Z,D
0.27780717116370457,0,0.8913643709102853,0.9946526898640827,0.7332901779110326,1,X,E
0.14487229162332713,0,0.15818819072162082,0.06872445286395712,0.873641005288575,1,Z,A
0.44709883295474234,0,0.8849301644789057,0.7655573860353944,0.9097721490781401,0,Z,C
0.0064266586805423525,0,0.7726723245799735,0.3356020931678083,0.12886081263852522,0,X,C
0.11633905989383778,0,0.11283766736555856,0.9691183429888437,0.40372461437446516,1,X,C
0.18328341644822216,1,0.5981915801231251,0.22485262764235003,0.19300934131252556,0,Y,C
0.06168468378807313,1,0.8478831323121964,0.28113902365994614,0.7830645960272776,1,Z,D
0.040123724472344,1,0.7639537029206068,0.3131479235547051,0.29733002764731276,0,X,D
0.46616365752571637,1,0.878145556668982,0.9780980373155893,0.6594712443761654,1,X,A
0.3021820598787456,1,0.970440655346807,0.4585597471067637,0.5577078806527171,1,X,D
0.08396250953401999,1,0.3694383351006568,0.3862258822989165,0.12882324452902771,1,X,D
0.207515970827449,1,0.5244990532493113,0.6823132538087056,0.25342329098795835,0,Y,E
0.18016223019572244,1,0.14170614607565368,0.00384835187391086,0.9173466822720828,1,X,B
0.0687882937958757,1,0.09183090947062367,0.19573927100494348,0.6282550531847636,1,X,C
0.1709486938667789,1,0.7855527151424082,0.21713775416124914,0.4228422752026314,1,Y,D
0.1703684640855061,1,0.46696499014652504,0.09551137056145254,0.8582908377673111,0,X,E
0.002873298708333938,1,0.7902652824594856,0.42139906134922245,0.36286385038772095,0,Z,D
0.30711406595412166,1,0.8291788223011598,0.7973496596990842,0.10576771387708017,1,Y,B
0.21301593597319646,1,0.37617806605750737,0.05651545706595473,0.4113128715555272,0,X,B
0.002024630506713747,1,0.4742794953360808,0.1970122804990012,0.6823469729674334,0,Y,B
0.44682341757739913,1,0.06236783599948115,0.9862110326404373,0.6067131569288463,1,X,C
0.3297592973803018,1,0.47756809672239453,0.952940902245546,0.5868984296798642,1,Y,E
0.05572509896519993,1,0.9451125744867339,0.419104473962969,0.67069349427832,0,X,A
0.24537687403871436,1,0.04951751147780459,0.9094155788081303,0.2505986051817146,1,X,E
0.03720110059485398,1,0.21637384607285337,0.6943883944024217,0.7914868655683992,1,Y,A
0.19067560832941016,1,0.6626066793374596,0.9132017575434344,0.8750047434533567,0,Y,D
0.3351864149793072,1,0.2317788257525818,0.6884058739791845,0.2763104350243516,0,X,D
0.3633470780638852,1,0.251022092186551,0.6755793096201445,0.9200645746028776,0,X,C
0.011853858650018341,1,0.8224317217628997,0.02240190241724138,0.5313252701549258,0,X,E
0.0015704569289154207,1,0.7147017593304832,0.5484455367397985,0.06999585814224307,0,Z,D
0.06579707834904612,1,0.5098435051300471,0.684729753526778,0.9725311252199742,0,X,D
0.03479635918318811,1,0.6185297204652064,0.6166913602941583,0.6719997138688906,1,X,D
0.15497752402107454,1,0.5955695952012567,0.45028365296158324,0.577455712046402,1,X,B
0.39633432024271487,1,0.3501567787938601,0.6280057153035163,0.3847662121683545,0,Y,A
0.02960861175385307,1,0.7332854505207872,0.244700475759703,0.7983137707249196,0,Y,A
0.05533302076436527,1,0.2643789362747395,0.712640946910391,0.9631417238371264,0,Y,E
0.10465790049475202,1,0.6985033960361577,0.2322084760256975,0.2153864408901902,1,X,D
0.08067106165365064,1,0.1632299865436465,0.6374189385125205,0.27262922615099183,0,Z,A
0.015211936207674333,1,0.5387386390570503,0.006398666305672651,0.12967106814470697,1,Y,A
0.10692617639015686,1,0.5867085091916141,0.9497636883555711,0.8390951843438802,0,Y,B
0.39221870468365605,1,0.6543817704788597,0.7589597333138492,0.7743937203077161,1,Z,A
0.3029933501234811,1,0.7306429651023796,0.14110856183524656,0.38730432078826893,1,Z,D
0.05088242489627797,1,0.6892317973426104,0.12063655787444905,0.030158213234683706,0,X,E
0.1370626978878137,1,0.5366543929129234,0.7613588414178651,0.0018193129513608408,1,Y,C
0.0228925556099275,1,0.23888989793384618,0.9472754062379075,0.8954202165319717,0,Z,E
0.20584465436290494,1,0.65381096128516,0.844117693840316,0.18737830052842475,0,Z,C
0.10228585596540958,1,0.72970237993202,0.10576708630307363,0.3380158946235038,1,Z,C
0.11569422622547035,1,0.5805737512152414,0.31016773365503436,0.7753134323027264,0,Z,D
0.3166478362171206,1,0.7740321243908562,0.4381957730831698,0.08423796811961992,1,Z,A
0.08486930312575343,1,0.47106570124038494,0.6070289598238718,0.9750009724096278,1,Y,A
0.05945984714269926,1,0.5872185800915467,0.4945271845499385,0.7200793887883512,1,Z,E
0.01815475563259813,1,0.6755207669629704,0.8935077375663706,0.08609838872344311,0,Y,B
0.19996375595404017,1,0.6903119179579448,0.4218111913795083,0.16634590417342487,0,Z,B
0.012841122463208106,1,0.2852036306934702,0.18666335492999309,0.8638123758022114,0,X,A
0.08216762951077218,1,0.1278858455653462,0.14562702814860462,0.07759676280089478,0,X,C
0.039464476483250674,0,0.7622369723959227,0.584019780714197,0.1798886902302963,0,Z,C
0.06799868563032449,0,0.7612944315916494,0.0364684593949689,0.1460177202451609,1,Y,D
0.27600733992915,0,0.12709185382192878,0.6415256853120116,0.8867400582285229,1,X,A
0.4905094516664045,0,0.7009722633906312,0.43992543777993776,0.8748398400077555,0,Z,C
0.47315525505128647,0,0.7590600769988168,0.24752406542972882,0.9984849866234845,1,X,D
0.3660239581418266,0,0.17422509019203958,0.5347689093670721,0.5455478200716352,0,Z,D
0.5449621021440189,0,0.31555901429681044,0.3596645648466773,0.2157455275374045,1,Z,D
0.35397535763257754,0,0.611280660438172,0.2914993265883349,0.7542017928084707,1,X,A
0.05297866068449227,0,0.9353202299192759,0.9124223258794495,0.47385503136316043,1,X,A
0.21161837802228028,0,0.18107287470366273,0.16867670532976198,0.0022076743070431615,1,Z,B
0.11785281244083269,0,0.6280347833492188,0.7192745705737738,0.720132169666464,0,Y,B
0.5310625370527294,0,0.4975341293503227,0.15734153173480991,0.3659899333908959,1,Z,E
0.122683547790911,0,0.4484585378600292,0.48595774697574734,0.7387066840905192,1,Y,C
0.027147947744422384,0,0.30785124095036,0.8708496011728004,0.816105384050871,0,Z,B
0.4494572861411393,0,0.3022112633994336,0.7450144695149146,0.8031846936881437,1,Y,E
0.42555770450845715,0,0.7202337000677008,0.8153076094880278,0.827952666862195,1,Z,A
0.1534330160813352,0,0.6183641068481297,0.18953952062561152,0.9686996669002109,0,X,C
0.27061028105711804,0,0.4097610037032394,0.6861211504763558,0.4373621207096122,0,Z,B
0.37844791195138805,0,0.07299567128447737,0.5944993399395981,0.6283056223601723,1,X,A
0.043904277880022,0,0.12364597064340199,0.14585749128585634,0.6191381323253082,1,X,D
0.34735389925268717,0,0.6125924983799189,0.32618640313290437,0.7972865918323022,1,Y,A
0.5086339129624329,0,0.18939343017547972,0.6378376005161039,0.2253485716336533,1,Y,C
0.54100998724248,0,0.1909588206916214,0.28571122188362197,0.9773972304677574,1,Y,C
0.20317283618808282,0,0.4726505180264978,0.5412846166099394,0.7672583161614356,0,X,C
0.0871856078704371,0,0.4473605549944967,0.36211465869459536,0.8768803354894126,1,X,A
0.4300680638581945,0,0.553013154349231,0.6130610931296986,0.1641470525036639,0,X,D
0.5581452753476811,0,0.9741782963640521,0.2081187884950919,0.07625528356128009,1,Y,C
0.30391166486756926,0,0.08704880892518663,0.5395522322652658,0.20472619500964617,0,X,B
0.559624022569839,0,0.9581618391032527,0.8397769179540764,0.13270694059504706,1,Z,C
0.14654403234667587,0,0.6057593984079279,0.09055171448536947,0.014609557482170632,1,X,A
0.3929737546103365,0,0.7679158944734643,0.20742702477112185,0.6288184149553715,0,Z,D
0.10045142351087681,0,0.0034345125906121154,0.8195778067072282,0.8178373742851428,0,Z,D
0.3287189660287985,0,0.621440608035462,0.4567355626368699,0.29739252237034886,0,X,B
0.49672662594987166,0,0.5658645159369573,0.33517967014572425,0.22114622324917144,1,Z,D
0.56297275936306,0,0.8291674760829001,0.9778687997249446,0.6259611877651817,1,Y,D
0.5351196816364812,0,0.12273384313431779,0.6194207825345938,0.32234854800444657,1,Y,D
0.5653853959382522,0,0.7310076055395248,0.2302768008173265,0.7291732226410811,1,Y,E
0.1992529148824202,0,0.3985604402780445,0.8773531682695525,0.6322686868224277,1,Z,E
0.09492970708659126,0,0.7217122364841365,0.1101011133932489,0.7647116087099307,0,Y,A
0.5660230049369456,0,0.5204452359418931,0.16130568102124698,0.0335186169669599,0,Z,C
0.044646959476826176,0,0.9333231292531174,0.5596940566063455,0.18077073402317168,1,Y,E
0.29958628675360965,0,0.3477397564757091,0.31089416948562365,0.18143704003559413,0,Y,C
0.5614898900269789,0,0.3153294284342648,0.06320928290276628,0.7474447184261143,1,Z,E
0.5251554955483486,0,0.6778496383483698,0.658891699941665,0.01671325852706984,1,Z,C
0.08557394896414497,0,0.16294716741675908,0.19800720421878315,0.5570168870947266,0,Y,B
0.4106170098890995,0,0.5873340273514857,0.3545850373753898,0.4847370443425335,1,Z,A
0.5126012373371553,0,0.13980851312002707,0.9488521700869303,0.9464884377922018,0,X,E
0.5581964543482453,0,0.7563123284351702,0.1329983055760423,0.15326264003866497,1,Z,A
0.07035373316104568,0,0.41070229945945325,0.07056446696978025,0.05370242808407233,1,X,E
0.2781103231200062,0,0.26822207358161576,0.20347674311004138,0.46563348924829273,1,Y,D
0.15679991749860242,1,0.42275654357623405,0.48479721934894127,0.5383758541170208,0,Y,C
0.1522557920286544,1,0.6930297944484487,0.9652598527333237,0.0052597255173125745,0,X,A
0.16638249138175273,1,0.7006406359628897,0.8895455330591955,0.09723121343354457,0,Y,E
0.2564984105735429,1,0.6770927632283913,0.12454480610480767,0.7053938797562737,0,Z,B
0.06966804342449737,1,0.5219698700455241,0.8071320213332859,0.6394660563934786,1,X,A
0.09394755002041101,1,0.39259564955378856,0.14031692842849064,0.8892528187227551,1,Z,B
0.36996571055218613,1,0.17090627312269657,0.20486020230709023,0.3300838819427797,0,X,C
0.24430622835311214,1,0.368014406578161,0.616609034915529,0.041901007456977446,1,X,B
0.09374161555851517,1,0.41778169647059205,0.1271266233813041,0.2210375207982127,0,X,D
0.1845268638721362,1,0.708373268194365,0.8293682868669758,0.3740525776878124,0,X,C
0.3518402793449114,1,0.5099802562442934,0.6593170263546895,0.7535753029877168,1,X,E
0.2015360541615198,1,0.9806701472297427,0.6917052711889937,0.5078300361659831,0,Y,B
0.1112256240546298,1,0.5190582495699226,0.9001848821339303,0.19396284079180592,0,X,A
0.08646036620658311,1,0.9376603583422062,0.8288009830835263,0.36509728434934197,0,Z,E
0.06522480547513926,1,0.7439654639748055,0.33844872421194205,0.5600840903481581,0,Z,D
0.13793874552483837,1,0.7630423859605124,0.517397005827978,0.4446892505289467,1,Y,A
0.09193722364241506,1,0.6207081932398942,0.2251976414265412,0.37507194229302454,0,Y,C
0.13579662840889423,1,0.7199168343506392,0.9612630608260049,0.0577035999435207,0,X,C
0.32698426608950637,1,0.459982713796931,0.8287732990486529,0.866528499410201,1,X,A
0.07850383467684807,1,0.7517378269329675,0.5080669963808107,0.6654811463339865,1,X,E
0.147451926453755,1,0.9483329230735607,0.1581238555891119,0.2704906213595816,0,X,D
0.3908198340995559,1,0.3877319501847545,0.9963137996912004,0.19078367902394633,1,X,B
0.08229359065827364,1,0.15410539755160813,0.20781591059678017,0.7945203695241014,1,X,A
0.3181607024687775,1,0.7277178398890021,0.7702387248843031,0.4154876790148615,1,Y,B
0.016658566928830023,1,0.6354452421539829,0.9581408416743884,0.3442643337097524,0,Z,E
0.343868633915779,1,0.2970630828777818,0.07096477722575967,0.44434415116511705,1,Z,A
0.09235481436743316,1,0.5897536868135728,0.8159672697268051,0.19158233691348892,1,X,D
0.043024621799761964,1,0.5582203434179914,0.33553922125792024,0.21277867123708383,0,Y,D
0.44982557777666893,1,0.7127465745300983,0.5992923989111454,0.020588560490336194,0,Y,D
0.0824902990366119,1,0.9722916453715452,0.2256423476596412,0.38297666211175496,0,X,D
0.0795773183355578,1,0.6063546761272516,0.7509337711599081,0.00832102205915608,0,Y,E
0.038840227151241864,1,0.760976263664813,0.21944451379108298,0.16818271239703864,0,X,C
0.27966717531637186,1,0.43892455676982134,0.4409102922597977,0.4132027077826692,0,Z,A
0.0334158915096531,1,0.9836541590649478,0.7981685331385366,0.7036163027755045,0,X,D
0.017610322574108158,1,0.5388284324579207,0.7434089866663539,0.7823661054959095,1,Y,C
0.4738040117497111,1,0.669502018903783,0.7842433144657396,0.7820615238256042,1,X,D
0.04748088543977856,1,0.36745142983301804,0.2917132373846285,0.7019569141823375,1,X,D
0.01733252843807358,1,0.7130833261483669,0.8591646674698361,0.6505799213680299,0,Y,D
0.11607026002160589,1,0.9414457911276459,0.5660751414817328,0.9941440216215414,0,Y,C
0.008632364252064642,1,0.7330067644195595,0.8917073398214778,0.343871898178408,0,Z,A
0.015618570037047067,1,0.43980889462539086,0.041067579467156445,0.452492610971019,1,Z,E
0.359791324956644,1,0.25893884156599467,0.7843594764572,0.9907923764948143,0,X,A
0.000810199145407226,1,0.2025233776318256,0.700817062306085,0.48534799076175017,0,Z,D
0.3596204033946609,1,0.4855733389634441,0.956943162499198,0.16392460148977295,1,X,C
0.037555261556207795,1,0.616543077157305,0.5232733312844889,0.7764887949240282,1,X,B
0.3724765092764913,1,0.27048570217109047,0.3100438123283298,0.694732383774574,0,X,E
0.010985970821686971,1,0.32516071304994953,0.7889154688328938,0.8384830399606481,0,Z,B
0.10239426663589093,1,0.5435670890731906,0.9855204363628083,0.8323640680371367,0,X,A
0.16737558417843343,1,0.8341462147203137,0.5858753279436868,0.9468518590730218,0,Y,E
0.06449888324189104,1,0.7806918604047174,0.5593137583115624,0.9885699003119094,0,X,E
0.16607530483347047,0,0.8857552242993064,0.3673031930376267,0.07595925332925313,1,X,D
0.0812392185582842,0,0.4159468746162479,0.8024331401569553,0.4220748245580018,1,Z,C
0.03427360002943061,0,0.09837909846864845,0.8148378422020142,0.5232466492555443,0,Y,C
0.3187242731368194,0,0.8476763780606504,0.6594885909931957,0.009615577856791457,1,Z,C
0.5583978683022256,0,0.42022194046465233,0.4897656079511278,0.0749804864942969,1,Z,E
0.48834759117883125,0,0.873182775239398,0.5950824861901419,0.42992272178759894,1,Y,D
0.04903729171460467,0,0.5748588327454317,0.8089411525711027,0.21263780204988825,1,Y,D
0.36134040109281146,0,0.47186429060093027,0.04168389712710263,0.8130228623620566,0,Y,A
0.21241829166887474,0,0.17684967422857822,0.3790865803116841,0.6395892886010069,1,X,D
0.4902754812938499,0,0.5180801370873261,0.824660004628288,0.5666320152101875,0,Z,A
0.559294182579941,0,0.830484765663114,0.06276050138781097,0.7808018828235189,1,X,C
0.49098136101951856,0,0.9333299216586309,0.14968350225098082,0.8804571529663567,1,Y,B
0.5204480775824637,0,0.05656863045908789,0.9474164364143586,0.9866304060928295,0,Z,C
0.2548558047347722,0,0.1738499815223632,0.7972951204895985,0.7665702978147864,1,Z,D
0.18373354037642228,0,0.6812547636940952,0.6448745730551442,0.4262441929664439,0,Z,D
0.5202067221246631,0,0.38252105446772044,0.5966196461493918,0.9722416956956812,0,Y,A
0.5050542832211155,0,0.7720450678685039,0.3058191062697,0.664234950512317,1,X,B
0.3088199352102336,0,0.4653491512656982,0.7113566363065311,0.45153216880045266,0,Y,E
0.14685690394829642,0,0.9258554368146011,0.2809653066351795,0.6041955746283078,0,Y,D
0.45666736489579224,0,0.7027754188930562,0.9037724301863246,0.2078812006224975,1,Z,C
0.4078507058848448,0,0.6274372919575719,0.7485581727550258,0.07702008465583676,1,Z,A
0.38422285773129056,0,0.7400062457004694,0.9500735182458321,0.3348946425976357,1,Y,E
0.000423554222444388,0,0.826869460725152,0.05589062838770542,0.04851635942095822,0,X,E
0.0997866602723791,0,0.029176068778277164,0.1820399310830464,0.10966953916869493,0,X,B
0.24936700904243791,0,0.46362206432145514,0.48426395901025066,0.4214307583888992,1,Z,B
0.36887730504139166,0,0.39550879317910026,0.9516180749545187,0.31175658942465845,1,Y,B
0.07022595211990398,0,0.7883882668547842,0.3693034474828202,0.051117945892530714,0,X,D
0.07615691557465333,0,0.8557906155517753,0.7397161338715642,0.2727809306993626,0,Z,A
0.06361774436880323,0,0.7537748237394535,0.9755776006252037,0.8985893500302827,0,X,B
0.35949028441644504,0,0.32585462858397063,0.4845527036286501,0.9477108872278011,1,Z,E
0.3103393322828946,0,0.1062833165938748,0.1717300976416346,0.27129606066470346,1,Z,B
0.482034925014202,0,0.8274698133567621,0.2892103333623943,0.3561593080561919,1,Y,C
0.5113395172646549,0,0.8721511273858014,0.2947214521431364,0.27380699813184317,1,Y,D
0.5342096404715204,0,0.5272367810576767,0.48660127657102514,0.9886461892548967,1,Z,E
0.010779025419312326,0,0.350208447870733,0.6186367865555564,0.8405548468985228,0,Y,D
0.5294119534068195,0,0.723738288780948,0.5506188903508666,0.9199449658147686,1,Z,D
0.5662117840941097,0,0.2651933922879931,0.986545657960627,0.8557617720192828,0,Y,C
0.4729203124822694,0,0.9998971035148723,0.7015109011893085,0.5953049394652384,1,X,A
0.3946513991174721,0,0.10334517850218616,0.27492534432198024,0.4950844517453078,1,Z,A
0.4461195174675236,0,0.4004199228240909,0.727794087116064,0.8232017939579329,1,Z,D
0.028509098370631845,0,0.11446980803707918,0.33570854070012623,0.9332914697854306,1,Z,D
0.03830468833764673,0,0.3403779281983539,0.9660461499355679,0.6553229029811504,1,X,B
0.02127328797895055,0,0.9020918406000535,0.5639069175808336,0.09884692323548949,0,Z,C
0.10883868374561623,0,0.0026353690045235467,0.723343711113203,0.9324490637997515,1,Y,E
0.5620841333537614,0,0.982308822703831,0.33073320615186985,0.4343340731155563,0,X,C
0.3763486189393112,0,0.2015448879644831,0.9687560394872512,0.13243762781966306,0,X,C
0.35378445643837425,0,0.6099142478575367,0.6226951257722863,0.897786995803146,1,Y,E
0.3260369945580273,0,0.3801110170979024,0.3176727042857378,0.34484043871021786,0,Z,A
0.24920073880692636,0,0.10188710960623648,0.7461871747467484,0.5680805849859342,1,Z,B
0.2705388194716568,0,0.03990071925633587,0.3082233061783757,0.7302112973738398,0,X,A
0.026066301602416814,1,0.6137799253688786,0.8602687814876123,0.6865045878533108,0,X,E
0.09622444317182702,1,0.4303847271134257,0.2362084741085333,0.3665226897829216,0,X,C
0.09992021414686302,1,0.1761983302965524,0.6109355495661322,0.14331280078628417,0,Z,D
0.17571020858574438,1,0.8133100662514461,0.24643652446216258,0.4657417094488122,0,Z,E
0.10690402866616426,1,0.7721842012409206,0.7357663397330707,0.06151426878387045,1,Z,D
0.05873232807978007,1,0.9987197656208118,0.9029893275327115,0.5702675803437628,0,Z,B
0.3365699602520125,1,0.20017386585095598,0.553935264317954,0.12514863961981748,1,X,B
0.32768859394383393,1,0.5062493647742837,0.26999446046977993,0.4525891904451851,1,Z,B
0.15039205497536734,1,0.9574266734808073,0.2127410593329372,0.4708798971998811,1,X,D
0.2946662930274004,1,0.3636975835478564,0.4897915259239277,0.6251916425623865,0,Z,E
0.08186128924056926,1,0.46042012166479995,0.18030562017836138,0.21616542500248737,0,X,D
0.12122664548150962,1,0.04075720635370672,0.7493804085455413,0.10703585730549536,0,Z,E
0.23787275438466524,1,0.9188915604359663,0.11973609188021606,0.2639256194739662,1,Y,E
0.1802614207174493,1,0.8456011584453953,0.9588886291180784,0.8479268476800235,0,Y,C
0.5081250858191907,1,0.7005166258481093,0.7851044433125255,0.41090975480363545,1,Y,A
0.4527819296698481,1,0.43960860227422416,0.09545035332420304,0.8384081683350522,0,X,C
0.013699440972538486,1,0.044482958899348723,0.923490231929536,0.9631684691076972,0,Z,E
0.3756750744100684,1,0.22810278426358277,0.6970366539338928,0.3376923636661997,0,Z,A
0.02180698734738191,1,0.06472525567973098,0.3696841006795464,0.931542265996431,0,Z,A
0.0894332238117525,1,0.11751197410028547,0.6303549965800302,0.5554588658631616,1,X,D
0.31790613442507654,1,0.11826165751829876,0.5893859394536215,0.45971796645352825,0,Y,D
0.010024230288358315,1,0.37390308405267914,0.9923156749139016,0.5155145529902031,1,Y,B
0.0937289118285304,1,0.8214794349191823,0.7323411690190561,0.8965269954867786,0,Y,B
0.14022797813345936,1,0.2831768749867266,0.1512963697246602,0.9897767060456873,0,X,A
0.07012815127345183,1,0.35023438882558644,0.0713197219664018,0.5162991025259389,0,X,E
0.3258976878618539,1,0.39521854294453473,0.32709410677684025,0.3030920506148421,1,X,B
0.051373984933188205,1,0.7329890419314207,0.12104804946885162,0.02445439227664603,0,X,C
0.21044954120166384,1,0.4357448299538125,0.14231417913614164,0.45785261859573867,1,Z,E
0.37441264109023575,1,0.8706661378236976,0.33493274281768304,0.8607316801278783,1,Y,A
0.2944303685590748,1,0.07832075142881367,0.26585242747410254,0.5272493463328302,0,Z,A
0.183097197073928,1,0.4352840025145598,0.004806397923796557,0.8387282346283462,1,Y,D
0.11315291307634777,1,0.5901800782799842,0.16028053570332756,0.8608799143643987,0,Y,E
0.3720120613029506,1,0.7161412311333966,0.11603779962079785,0.8072652993042436,1,Z,E
0.23518291269928968,1,0.8747953317849166,0.7839612891550547,0.2697316599353935,0,Z,A
0.22913836442554814,1,0.24750267645070367,0.7147874596512473,0.33338591261326833,1,Z,B
0.33546553148293395,1,0.026587221222099666,0.7505785108133004,0.3271782953834259,1,Z,C
0.10045302266402878,1,0.41328099319887535,0.08410511314698987,0.36395767277471647,0,X,E
0.0039642954438336145,1,0.9044905941253273,0.24282644969702627,0.31046646576501813,0,Z,C
0.12365983036114157,1,0.18574477774720288,0.7441056702184852,0.11638863201438376,0,X,D
0.11937008689693625,1,0.3398350956535523,0.3844742173057487,0.4682728001361952,1,X,C
0.10519311744667365,1,0.1465999716616938,0.3833570187605234,0.5287047527724671,1,X,C
0.33665040556690806,1,0.9369405164931103,0.3169977236259879,0.9408914074784444,0,Y,D
0.2025302667072398,1,0.287552286133158,0.01666251859753276,0.13078010364578463,0,Y,C
0.11351067582630944,1,0.5251789502938676,0.282693594460655,0.29137387216797783,0,X,E
0.257536822649206,1,0.16901570279699174,0.8749847466916285,0.9930455613235343,0,X,D
0.007074357523601488,1,0.8285554577532193,0.6458085036481492,0.9403040348669081,0,X,E
0.14888900751749773,1,0.8358927134597897,0.9098196204503332,0.6302896200329278,0,X,D
0.08877756243481426,1,0.37403697927432933,0.12186945891769851,0.4988610491371518,1,Y,E
0.47921173346275486,1,0.0870978172379,0.8272062435168568,0.8690031827933757,1,Y,D
0.47861784737736474,1,0.8481698571970715,0.5208510163116218,0.14407573800810258,1,Y,C
0.44330633728293906,0,0.986470914165308,0.598558229263082,0.8643190620321892,1,Y,D
0.36303075112738425,0,0.6856833465764831,0.48049905869614884,0.5100934533230431,1,Z,E
0.21441189990324938,0,0.4416786256748071,0.029636002515426196,0.8971604128331956,1,Z,E
0.23903336283027554,0,0.8307669496759188,0.8643025599434625,0.45309765189974893,1,Z,C
0.20828362249774016,0,0.7175456634526146,0.7103083601937815,0.7951662168389361,1,Z,E
0.3135585659091133,0,0.4847947142111223,0.14060143933425928,0.6097166355967045,0,Y,E
0.0017583996097973388,0,0.9809174698318597,0.4672607322745971,0.7393781789161544,0,Y,E
0.029867877528587446,0,0.4650510073107227,0.05128008390788252,0.5861014141343766,0,Z,A
0.32961561387126165,0,0.006853636886711478,0.5587086856667053,0.9380816387435276,1,X,D
0.5389386589126899,0,0.7814454329127211,0.5458490217652031,0.47181267251874304,1,Z,D
0.2270430786148622,0,0.26433727578871413,0.8634502973212433,0.5997698995358122,1,Z,B
0.21319496397006565,0,0.1203107845717385,0.4290637535669114,0.549324795327815,0,Y,A
0.5329052986752987,0,0.8531939566544232,0.47332930763226677,0.12993301664531898,1,Z,A
0.0036037457129396966,0,0.43316446359070415,0.7828007900457411,0.28207323687539165,0,Y,C
0.4846150750068591,0,0.1411811593262836,0.182039909420591,0.46844597491911866,1,Z,C
0.1930042225714847,0,0.3471057790673686,0.9201554056841593,0.9137638868436767,1,Y,E
0.30415778661991866,0,0.5644734336132284,0.6093854130790715,0.8837427196848497,1,Y,A
0.2449540191298112,0,0.8539169751147309,0.26713526008271715,0.29353394365469954,0,X,C
0.2462614270873631,0,0.19659471634979042,0.972006916490688,0.6359521269048308,0,Y,E
0.3577314938118064,0,0.8942810040955629,0.34375668190932296,0.31534101394172176,0,Z,E
0.0829012654116243,0,0.1099455678054525,0.4448694232573184,0.7318775923365438,0,Z,D
0.022996416787308113,0,0.8643413252114879,0.09151018749760276,0.6654677810157451,1,Y,C
0.4286425063892848,0,0.9484836952160929,0.9713705355831896,0.05726290954889912,0,Z,D
0.1758777564211238,0,0.28409638342245525,0.2718077726642044,0.4136747049578706,0,X,A
0.08094350260275657,0,0.8086402460902619,0.4624840729082569,0.6752039719765905,1,X,B
0.3203810406918707,0,0.38082089911874606,0.07453966115782551,0.3585371903742235,1,Z,B
0.43206055665128795,0,0.7341216568631102,0.8859213484486673,0.8366218710010056,1,Z,C
0.18058226408593467,0,0.5442916111607452,0.47687055545744517,0.44425197784690396,1,X,E
0.0029301065603613624,0,0.40829999458385013,0.42674382080690054,0.8357094239956933,0,Y,B
0.4818146511839212,0,0.9684229722266718,0.5816682963176979,0.5570649136978943,1,Z,B
0.3409833196280707,0,0.8617143641713308,0.5776273659149511,0.09678514521800241,1,Z,B
0.19125697608136702,0,0.4616492667428951,0.970375083192417,0.0012292023730274826,1,X,E
0.5078664430358161,0,0.2616989128539924,0.18874474328651702,0.7377031764656183,0,Y,B
0.4057144435591576,0,0.5565742678040346,0.2419358352495916,0.982066615511142,1,Y,D
0.5649619016494003,0,0.6262442320821289,0.6827400981746334,0.08591975543352803,1,X,B
0.5337074276347176,0,0.007625227757019681,0.03242692838996308,0.35678250512983944,1,Z,D
0.4046094652208487,0,0.5290475249002817,0.20106347995876028,0.8050620488283983,1,Z,A
0.34891274749375223,0,0.26451063720552714,0.1363066241028097,0.762337870460443,0,X,E
0.047730474707935955,0,0.6821059959203198,0.3833516596638422,0.13476881611817892,0,Z,E
0.07853586441571997,0,0.5441055045113384,0.5803282023576886,0.5194662991763852,1,Z,D
0.09949764606536364,0,0.35273666182028107,0.9986969177187814,0.0415681422769123,1,Z,A
0.4082099238374498,0,0.9450321733937985,0.8760058346180123,0.04961027678087393,0,Z,E
0.3149283492342649,0,0.06851615600562266,0.34797996788162344,0.5493853329916097,0,Z,B
0.49996360925503,0,0.037158974561274816,0.19887509357786892,0.36844220612234535,1,Z,E
0.4228856389957007,0,0.0840565816054325,0.9735658925277844,0.492586513796065,1,X,A
0.5346599283467678,0,0.15084061707486573,0.08462412910403316,0.06099373136268471,0,Z,A
0.25702788865823456,0,0.9923054572414695,0.02137244084008627,0.45372319802117544,0,X,D
0.5555183957746156,0,0.2680467581177901,0.9962646791748292,0.664987862730106,1,Y,B
0.1286569238608118,0,0.5404679773658124,0.2689128999892093,0.1286515183103727,1,Z,B
0.3661832301628798,0,0.2209526756577227,0.8992691949435393,0.22253672164003313,1,X,C
0.37852090775286845,1,0.4247897248063195,0.4544048650120608,0.7249939888965254,0,X,B
0.15352808521770106,1,0.7061249350499341,0.17143664307552464,0.6720486246522419,1,Y,A
0.007633801542601193,1,0.447863516305546,0.6363456845827098,0.011977374353909664,0,X,E
0.18892545827149196,1,0.5675523645809281,0.9627888642845188,0.5874858339727901,1,Y,E
0.06599783145343148,1,0.6526320018210573,0.6779476934516134,0.12630489740682205,0,Y,A
0.07188709728381952,1,0.7973043982458222,0.41954760579031547,0.37875708612059944,1,Z,E
0.17950051847957604,1,0.7567296761955847,0.13327343815420745,0.6765805315782997,1,X,D
0.08573976073123805,1,0.5653747469652936,0.10872571392472807,0.6467318537416612,1,Z,C
0.3615950088324381,1,0.37495153565104444,0.023368170463674565,0.13560366021453085,1,X,B
0.2610333093041815,1,0.5712354011553019,0.09107323135466505,0.9662760888394641,0,X,D
0.10730774693933054,1,0.5496708048646614,0.6519700347937414,0.10521601064209096,1,X,E
0.08101309721851752,1,0.9592215039342257,0.46334235757478703,0.42452757594345336,1,Z,A
0.4053241185569784,1,0.6979298845858934,0.17347180262006745,0.7467733204299202,0,X,C
0.0874805321124553,1,0.5172669430686456,0.361812379223039,0.5633543953791936,0,Z,D
0.1955544256094659,1,0.48170302957974165,0.39644140038998577,0.19673052534483804,1,X,E
0.20748921250029628,1,0.4731768076628504,0.6746419537934683,0.5845582283657044,1,Z,B
0.024065432189868556,1,0.3819448148028536,0.7137077858725301,0.2916884804161778,0,X,D
0.032598927162510796,1,0.8796046825701583,0.6296291482789715,0.47789181262541025,0,Z,C
0.19602059298876404,1,0.42199003329030516,0.41616876751632725,0.716145886178532,0,Y,B
0.19310053202536054,1,0.7638947436152994,0.23325470473045729,0.4738563333252169,0,Y,B
0.0012159672359685846,1,0.24818884566763288,0.1602649185224203,0.3100354678918009,0,Y,E
0.046546148090570914,1,0.23532681325787164,0.5465669844726573,0.32831240113427207,0,Y,A
0.12063129406574172,1,0.6284786417949818,0.9118984319739243,0.4214809788490168,0,Z,D
0.07766702354906117,1,0.7442705632628897,0.13130260666097882,0.49816839214116726,0,Y,A
0.07239984982608572,1,0.9253796736476724,0.5846577284606684,0.6469308457516126,1,X,E
0.35791304521578743,1,0.7830134911344966,0.11782733559448222,0.3593540781310004,0,Y,E
0.026511463152007864,1,0.3507313867978301,0.8886869644257887,0.18879490806431032,0,Y,D
0.09788412751061068,1,0.5566496186472634,0.1861488866843113,0.6675697557756406,1,X,A
0.04928969831148988,1,0.8931683024942573,0.7516342848384413,0.04576141778969389,1,X,B
0.3357350937254608,1,0.302708644038853,0.5292779627308567,0.821109056305024,0,X,D
0.01183953685774278,1,0.48504912748666373,0.06275625867496382,0.8640217877168433,0,Y,B
0.029523981921707784,1,0.35567017517368693,0.8251368951721483,0.1250861911816341,1,X,A
0.2516069485688649,1,0.1757891905010147,0.6627797293276766,0.5174352981782897,0,X,E
0.0800291612562279,1,0.6053188372599996,0.9187682060213594,0.911476325550545,1,Y,B
0.08032209862301659,1,0.2863925109874692,0.009249282607346254,0.5985931887627794,0,Z,C
0.2647263913251671,1,0.2246010187482408,0.8536035808956155,0.5552464823187735,1,X,B
0.007946790864422253,1,0.8192570399486291,0.08582450965843835,0.9862871248542604,1,Y,A
0.16255733814714166,1,0.26643849173836553,0.9051788704475847,0.0582335943385176,1,Z,C
0.11232166753393065,1,0.8619154559824206,0.9432723257347748,0.7985766946700547,0,Z,C
0.14555372774148848,1,0.7230420066065743,0.7762006709070642,0.07848375278020414,0,X,B
0.02618720108895174,1,0.6307114676111555,0.8831127481510852,0.15471427746749955,1,X,D
0.240655646817918,1,0.3009264447956659,0.28296845190581665,0.8031351062804396,0,X,C
0.28421602516350736,1,0.12111081343769614,0.1574016071872838,0.840058956378085,1,X,D
0.11122231724169057,1,0.3793622830513812,0.13659422444783464,0.05290276357984114,1,Y,D
0.24583727040117195,1,0.3850991240431617,0.19691081613926686,0.07924037864178002,1,X,A
0.3685862438452214,1,0.7619552407137956,0.8933502740312611,0.8834295181509265,0,X,A
0.42193911485162494,1,0.006261680848392959,0.1454401906832825,0.13197337554616373,0,Z,D
0.0014632386657358872,1,0.46646957429384395,0.6862866796673239,0.8869622245560973,1,X,C
0.10190550126640967,1,0.6804528632855361,0.4249396413876301,0.5097629794426594,0,Y,A
0.04136715219069259,1,0.7548054896941738,0.4915284408948929,0.4977683901478005,0,X,D
0.5094415842193178,0,0.0027456966592167564,0.47721914708843316,0.578526697180934,1,Y,B
0.18970577679812,0,0.5222356666835215,0.8673178694285462,0.3840505301051631,0,X,B
0.5218069685990588,0,0.43146208801236874,0.7362275404703176,0.46734402055819757,1,X,C
0.3306057957281669,0,0.7814745584228165,0.27072109354426876,0.044140082367278954,1,Y,A
0.08673682864177563,0,0.44000064270673345,0.021198481683631698,0.7875144732260214,1,X,D
0.5529828348638814,0,0.24059938047581042,0.09544267527682815,0.6483048350384751,0,Z,D
0.42177858904034127,0,0.7209258704058551,0.5553211834071108,0.6506885739682299,1,Y,A
0.5615467308618363,0,0.8820157707971149,0.8241228423942245,0.06672431329649153,1,X,C
0.34460339122333716,0,0.33312720654096106,0.9504743482011454,0.962304561586061,0,Z,D
0.5359977151934265,0,0.99649896887508,0.05083319856042956,0.9129335514652728,1,Y,A
0.08470582886192855,0,0.5408272780487281,0.37771248144145064,0.20795469369878805,1,Y,B
0.2500287095894361,0,0.9805514657813686,0.4044992322097417,0.19688396553774,0,Y,C
0.0879530702916355,0,0.2637982608955648,0.7789167207781699,0.6987151327074572,1,Y,A
0.3922523733129044,0,0.7946200432880131,0.9646544712499292,0.7774635238104083,1,Z,D
0.5384989282032558,0,0.6915997725910026,0.006733055845180358,0.9363799052017276,1,Z,E
0.07099627749387394,0,0.4907227188354929,0.012079177903189686,0.3244768725790925,1,X,D
0.19082693364983544,0,0.16423098379899703,0.6052762386433066,0.53338931553627,1,Y,D
0.5537868364732466,0,0.3918950336603664,0.8797241628790639,0.44787278433986244,1,Z,C
0.5606635849087944,0,0.6370289867995814,0.624852960304815,0.8130739449741479,0,Z,E
0.1435407404965701,0,0.7886205840365274,0.8503791312898868,0.5317380426935696,1,X,A
0.557015686706528,0,0.7567649569585708,0.3215339014961025,0.0825336528209728,0,X,E
0.3676418408211391,0,0.7384667366259735,0.4704032245809008,0.8636098370302643,1,X,B
0.3785088638358239,0,0.5801400278113561,0.3172016250910731,0.8322382721419059,1,Z,C
0.45723114385680697,0,0.921549687327617,0.8051277739714563,0.1561208516101067,1,Y,D
0.1378441174683119,0,0.8203937815249942,0.6686693468933955,0.6526466748231592,1,Y,E
0.4368253767986141,0,0.6501985639223465,0.6905756826721986,0.9757055080181098,1,Z,B
0.10252319404936273,0,0.23517903242807736,0.917624000780971,0.3587549682385497,0,Z,C
0.14151784224208303,0,0.3619904494598617,0.9966319919444678,0.6148802067912531,1,X,C
0.4347087144111463,0,0.2242536468995071,0.25871033210885175,0.24541715291168964,1,X,E
0.46954099228118185,0,0.9085800805815035,0.8273914484621718,0.03258531772456519,0,Y,A
0.2188964254313748,0,0.373344587356498,0.4604108614070246,0.9884590197875365,1,Z,E
0.15576271728150498,0,0.44184541072973904,0.9351736393311348,0.9674351899981559,1,Z,B
0.5353122309173806,0,0.3681711122246826,0.2524681206291992,0.1786965315330976,1,Z,B
0.5467810085365234,0,0.9231024832806205,0.30633662625580127,0.9690044160043746,0,Y,C
0.5561140977616119,0,0.5134609722584008,0.445119634333484,0.00150368526730571,0,X,C
0.3783696230392182,0,0.6431924724814552,0.10485561213778427,0.0792741580804569,0,X,B
0.02846725681292557,0,0.7273384033947735,0.47151029195584526,0.5962812125601935,0,Z,B
0.4672527897732109,0,0.6138623685163712,0.13710397386355522,0.2596498126039415,0,X,D
0.43304896923564795,0,0.06958000118539454,0.16812370840107282,0.4729612431731266,0,Z,B
0.08320706646807291,0,0.5624938362316055,0.37292690607853474,0.1786926663411248,0,X,A
0.3212393384123396,0,0.7884753967619847,0.5656353027846712,0.4427737714745392,0,Z,D
0.46945871867183164,0,0.47552994540395166,0.46588973751972507,0.21319747348592777,1,X,C
0.5494653021795132,0,0.1632439468671052,0.17641202173143455,0.4315528900493243,1,Z,A
0.16780957200064064,0,0.9519714814349933,0.20106669426212975,0.2932079063548839,0,X,D
0.1675895273328928,0,0.5676982232414444,0.26469435135289465,0.3545070925039733,0,Y,C
0.12483741705364465,0,0.6678420464893974,0.6420298321089568,0.22584769103657898,1,Y,D
0.5022720000931444,0,0.8655947672095522,0.28909352470998617,0.4289758890667986,1,Y,E
0.022131224242268863,0,0.24137953484392238,0.8575452963285337,0.5030844541624941,1,Z,E
0.5660789615858481,0,0.5310780008563919,0.34435533635688786,0.6674633205998459,1,Y,B
0.5301164012996525,0,0.8440054075996435,0.056013523659926734,0.22073133948817025,1,Z,D
0.017501254984291625,1,0.7438812545535077,0.593988517017863,0.8788198327901857,1,Y,E
0.00016718704200579908,1,0.2543436495690332,0.5815131573848944,0.9973031985423346,0,Z,B
0.14599074330947498,1,0.5543047134416954,0.38862633328863216,0.9368642854989956,0,X,C
0.028087578784226113,1,0.047631195703036866,0.6948805742991024,0.7683595871703797,0,Y,E
0.0010251726719617473,1,0.21285120411416225,0.5227821041647235,0.7904920182166876,0,X,C
0.15045975558350136,1,0.20237070636799326,0.8715305248445095,0.3591978704978346,0,X,C
0.026719251069949736,1,0.9751192770750843,0.9449171414349706,0.27512194301581283,1,Y,D
0.19276649578880384,1,0.8688827513248427,0.3420382195282571,0.20494762856893511,1,Y,E
0.15693978256237326,1,0.19869134668781285,0.8512571886427763,0.3516635942463019,0,Z,A
0.3675855429178147,1,0.1485887335545255,0.6647073051564106,0.43556015784388347,1,Y,B
0.019617566842365954,1,0.6886494879274873,0.6180869468036612,0.252657542233232,1,Z,C
0.45990514969427454,1,0.7553539390944504,0.07494930978707937,0.27385048451976846,0,Z,D
0.2458365816530534,1,0.7513836269510817,0.6569076287770408,0.5458727271618227,1,X,C
0.543663413583542,1,0.43505000438915176,0.23402273030811493,0.7994407244050495,1,Z,C
0.03380175107243082,1,0.07872970246241295,0.33264355957185965,0.7696103320205195,0,X,C
0.1716717269804316,1,0.11601902817638388,0.16283160315084066,0.4141289065416993,1,Z,A
0.4278972224242022,1,0.5971467231960977,0.7142283228149112,0.8468242857694437,0,X,B
0.0055808928535559564,1,0.12260947610204176,0.8095856493324702,0.3234171035586312,0,Y,A
0.06005283288401857,1,0.7397891014993513,0.7767042489717229,0.0027537826601405913,0,Y,E
0.07638169867054738,1,0.5563102163422319,0.6963167023563035,0.7143088766922246,0,Y,E
0.22638353736406217,1,0.9574977899217657,0.5119669648990914,0.03742020123907519,1,Y,C
0.24219657096747577,1,0.8136499037635903,0.5058467942613204,0.9408526889735097,0,X,A
0.27142901119234814,1,0.8348721995519255,0.5749173554360119,0.1747328710156124,0,Z,E
0.022944243642899452,1,0.05809535569586932,0.08129126200470227,0.4443215207895521,0,X,D
0.18925215523952044,1,0.8542452778412114,0.22751556303676335,0.1871111540381445,1,X,E
0.08179497365855004,1,0.019713417795891086,0.5660161789406053,0.946299441646422,1,X,B
0.014992264348701276,1,0.7555725075522648,0.16957976922228013,0.08786435510414459,0,X,E
0.26725631974203684,1,0.8486823473240322,0.7713344282625791,0.7618816885992451,1,X,A
0.40502828813704367,1,0.2913811581916752,0.478259087658061,0.6683518235831801,0,Y,A
0.351538497356392,1,0.04253799607390585,0.9905745569952555,0.6465327595210859,0,Z,C
0.21881557454845854,1,0.22240249976783655,0.3006528406536113,0.3946777667848814,1,X,E
0.18188417288229017,1,0.31987932799969043,0.7962937874627413,0.2687952544249479,0,X,B
0.1620073644419486,1,0.583357218607758,0.07583378230760318,0.684052576828155,1,X,C
0.3545569445436889,1,0.8387040791148221,0.5785558693784841,0.5498400656924406,1,X,B
0.5214713603971844,1,0.5435241010946931,0.8686611280351382,0.8735570736013718,0,Y,E
0.2255463341176292,1,0.04932502993242438,0.09517041834088258,0.14503931037550644,0,Y,B
0.12194904432822593,1,0.49031778864857123,0.8518409645333043,0.34559450923407364,1,X,D
0.05604054808722016,1,0.5208739661628381,0.6169784826057548,0.9651543521849487,0,Z,C
0.17523006509336853,1,0.6417526819936147,0.7174031713195116,0.30066960271181187,1,Y,D
0.04582552017464841,1,0.42837071377889413,0.7364125439151471,0.10585824305610092,0,X,B
0.35657518349802914,1,0.764835818324975,0.2759322154089682,0.7957523632907444,0,X,E
0.2673808076978968,1,0.8385651074823176,0.4834738778440111,0.18377918210667443,1,X,E
0.07410251262341534,1,0.6633197100136131,0.5022162304453139,0.9383505514651239,0,X,B
0.010953829882929911,1,0.14220955968885518,0.34130822015528695,0.45003575352553604,1,Z,B
0.038363198748429736,1,0.813403217968893,0.2096648476749572,0.650076216106209,1,X,D
0.06707803589601193,1,0.028453759047863958,0.9514085023046408,0.18095779028459513,0,Z,E
0.19158304392396147,1,0.2991138542308096,0.3828926264386171,0.2672111437525767,0,Y,D
0.13563493548282618,1,0.36334503557640885,0.7767675479298818,0.21171838645136187,1,Y,C
0.11249991348740196,1,0.9628553564092589,0.4305634557857918,0.3251571485489495,0,Y,D
0.022002715030743452,1,0.1514681411812293,0.5883957909317109,0.1887283683290667,1,X,A
0.3061323255363147,0,0.571102821683472,0.0384662862321512,0.9270200000919567,1,X,C
0.4042499251575564,0,0.09201662968898705,0.9185497697212865,0.08778423473836738,0,Y,B
0.18030949463332524,0,0.8961599579922099,0.2721977625795754,0.416463625639076,1,Z,C
0.4408176918422212,0,0.36075826098872843,0.10032490595413901,0.9761943063559406,0,X,A
0.20817360094913043,0,0.6042378825521509,0.2562161156403615,0.5366232577205519,0,Z,E
0.42394478682579945,0,0.5623481669686571,0.9820052716985042,0.3920638123105845,1,Y,E
0.4690388725279156,0,0.8073926631392432,0.6935447464614903,0.29170974726814436,1,Z,D
0.14344839975135656,0,0.1953506365582971,0.6269250955413497,0.90000535190699,1,Z,C
0.03267947768837514,0,0.6475401613880065,0.7765781284696072,0.922901188700625,0,Z,D
0.5440162558634826,0,0.7383395870811246,0.3480840683364147,0.26998669779294315,0,Z,A
0.4871349918556547,0,0.8344275529920832,0.6464835744737846,0.6979625517907982,0,Y,E
0.25383570090688984,0,0.5579969813197511,0.8470970923268462,0.5194941191827875,0,Z,A
0.08928587997383959,0,0.875348554335391,0.6742204237511256,0.7041653866628563,1,Y,E
0.508644572746196,0,0.3293706714389715,0.25980441125841713,0.7795589207850195,0,X,A
0.23642030579900206,0,0.47984634036064566,0.6432124644925482,0.3646394578924087,0,Z,C
0.1721735101770634,0,0.6288155116810961,0.9501170039727072,0.4077958491713407,1,Y,B
0.5057492438305892,0,0.7426544868499702,0.597189324116807,0.20476193083890193,1,X,E
0.24714677889786926,0,0.6297735216436793,0.799223779370033,0.17571304578563585,1,Z,A
0.566090109422953,0,0.4669559779850615,0.9514396723049742,0.16641563203591536,1,Y,B
0.5500557876657691,0,0.96842347168935,0.07600602455255834,0.6324464719173075,1,Z,B
0.3744376107011779,0,0.6261401154514707,0.36120495148999787,0.5341387139487902,0,Z,D
0.3719880755872938,0,0.6815192631838253,0.6759347500504466,0.5483110181459336,1,Y,C
0.36737713179453974,0,0.09592937000944668,0.05492087402193524,0.42627660407663637,0,Z,D
0.04938869223415732,0,0.6985845605003577,0.524517055972225,0.2526818238039358,1,Z,D
0.48841996980971486,0,0.9270347139520936,0.7997369096805996,0.013219694451635067,1,Z,C
0.3725569035340663,0,0.02456560350622161,0.7351172690244548,0.5575113363658548,1,Z,C
0.2400940040556274,0,0.24058060075241328,0.859789629822107,0.1323352935559723,1,X,A
0.2193776601132097,0,0.6119402369518866,0.5158984988198085,0.058988621477750414,1,Z,B
0.19712999489058794,0,0.8507311613029223,0.635565729859838,0.7155088472487934,0,Z,A
0.528759323498372,0,0.14338564091893113,0.3779672905241718,0.9294023296319509,1,X,A
0.562203702803296,0,0.20361839822344374,0.1219924796537617,0.7979940993110672,1,Y,A
0.4519368580649701,0,0.7040692489047375,0.4172693578771415,0.4021369249534711,1,X,A
0.2529613730651763,0,0.9400103173067914,0.6462063358347129,0.9246623824901464,1,Y,E
0.16860425526986036,0,0.11477213453297852,0.017302719171850445,0.9397317951851569,0,X,B
0.12580123711410007,0,0.24910716001763555,0.9432327314733256,0.39793304210278535,0,Z,D
0.11157222754432108,0,0.4621125553797447,0.5443842927223932,0.2391257126745412,0,Z,E
0.21327311130085008,0,0.8133984741300284,0.07670308100738343,0.4687838820535004,0,Y,B
0.0071563752615616495,0,0.1138078357827661,0.6548416001988162,0.11807447438142238,0,X,B
0.5480465353144672,0,0.9235676903261271,0.5632331924987526,0.07210343305128253,1,X,D
0.4433939545931623,0,0.476743207660298,0.29585792329537663,0.6769221672918926,1,Y,D
0.06179507537384376,0,0.9273128606959715,0.2172490935893724,0.29841621141652386,1,Y,D
0.0023424529079711137,0,0.47328336532127724,0.42473966035469135,0.0677485004021513,1,X,E
0.5649177705447582,0,0.4874994848918447,0.0026761886738043694,0.4691480050377287,0,Y,C
0.14356166070511014,0,0.056359216682740354,0.5216737814053793,0.6505254228101265,0,X,B
0.05916612959037293,0,0.46031547508370463,0.8358358148752331,0.8307508218890882,0,X,C
0.37728543536590237,0,0.3517344155374297,0.04549449745284706,0.12294557456795285,1,X,C
0.0961346578472474,0,0.17442477397103762,0.8514261562356156,0.5030718390032902,0,Y,A
0.3428795820282755,0,0.42969918344182234,0.15842963074947525,0.11677379918442832,0,X,D
0.33442657094737666,0,0.8266621907288622,0.8487043862603606,0.018966246753312155,0,X,E
0.47852742484121163,0,0.35320426541099437,0.9845378162531454,0.43206472748533264,1,Y,B
0.3087756011169006,1,0.22265159710148363,0.42181730517270066,0.9918154692264222,0,Z,B
0.10213359172476974,1,0.9996024754447829,0.8989582452780025,0.6413380262031336,0,Y,D
0.01201559584876411,1,0.6549566308085436,0.0409453440805323,0.13759995031856265,0,Y,E
0.17248318294434575,1,0.9288495564019671,0.5392657252724045,0.8120574211982595,0,X,B
0.1402059250911855,1,0.28674856597257514,0.20115458770238615,0.9118806035534801,1,X,B
0.14260372441679117,1,0.24273817429164968,0.776020787581883,0.9727215772491823,1,Z,C
0.035660825062971524,1,0.7459472358105544,0.0979822224928697,0.4280620078552435,0,X,C
0.30042859674128164,1,0.7326047005039708,0.49365382384893064,0.9744722680562888,1,Y,C
0.12664457586033548,1,0.5799175033569216,0.22634652003157896,0.44299170401126065,0,X,C
0.28132066154381563,1,0.33756198173971963,0.15573091281536977,0.7384559614766267,0,Y,C
0.3193578615247653,1,0.36347159579195243,0.973597619253693,0.274654120452843,1,X,D
0.16783679909622817,1,0.610321744798792,0.4142210182322714,0.19362706267190521,0,Z,D
0.009327302756834415,1,0.22919827182232166,0.7297306424728378,0.836524678367228,0,Z,C
0.39704647028251777,1,0.18098674750622024,0.501588564169711,0.36480327729001705,1,Z,E
0.45133978039864414,1,0.42124878660701237,0.12213878691763547,0.9305545224143735,0,Y,B
0.08412654372199578,1,0.042291822178445404,0.7959944806288504,0.4908323013851129,1,X,D
0.14465420903854118,1,0.1430590825029897,0.23773237604158137,0.05631171128960166,1,X,A
0.5136041393291835,1,0.6881995303923406,0.9123758994397932,0.4024872886228228,0,X,B
0.12553566965218024,1,0.0002377831820454812,0.3247021807231748,0.3684429071027615,0,X,A
0.05771391786507091,1,0.7285221384683483,0.784407617191979,0.08706990551055627,0,Z,C
0.47361622029250383,1,0.7958121287289377,0.342730794388872,0.6948627214211189,0,Z,D
0.04776770819707752,1,0.8196885089450732,0.7980520116563341,0.0989042789747564,1,Z,C
0.24690240945431255,1,0.8637649838240604,0.930136499939942,0.6667227476745926,0,Y,A
0.10182136032721088,1,0.46881396570534106,0.25664566263567934,0.1086587653654385,0,X,D
0.03905396868658044,1,0.9544703317058769,0.7697433899434203,0.7656705977732313,0,Z,E
0.049849422613685426,1,0.6693014589409995,0.6416094566834414,0.8800772424818599,0,Z,C
0.028574465571929095,1,0.4339177871059152,0.8267677703863722,0.8438363180497623,0,X,E
0.03036064222989707,1,0.17100831963994156,0.041831096597804596,0.895438233272313,0,X,D
0.45513952985546346,1,0.5003776687262517,0.0505317993046589,0.04136007716655532,0,X,D
0.23781172538251016,1,0.6136495900404413,0.1303019809610544,0.9769328986302531,1,Y,C
0.0939824600154374,1,0.975950092928395,0.7397857685499958,0.8228598291481131,0,X,B
0.127444376738363,1,0.08137151227881634,0.667884863588505,0.3212788988023241,1,X,A
0.08073773409925178,1,0.06335394883122258,0.5903722031951568,0.5696603560032211,1,X,A
0.401360419537955,1,0.21357875361354728,0.1534638391390296,0.7352314716155965,0,Z,D
0.09105350853586784,1,0.9170257487638402,0.6973095567043214,0.2989673953027634,0,Y,B
0.0727409989579109,1,0.004306753417750997,0.3783506545900561,0.04975365169678436,0,X,E
0.15739574156632277,1,0.4548792670327597,0.4282278483833357,0.928951857993177,1,Z,D
0.37292645653185513,1,0.8175572149358007,0.4586695253409845,0.8464625312477349,1,Z,E
0.146427165360947,1,0.7572084827715247,0.42626783575097194,0.8618709326027876,0,Y,D
0.4030931440859003,1,0.8750534379260312,0.07565575086915877,0.17024005245570228,0,Y,A
0.32377045337430027,1,0.8253158659145543,0.43062762504338137,0.06133861359653903,0,X,B
0.11632555174995109,1,0.331836782387291,0.11865128483429355,0.498096724698166,1,Z,A
0.3870705765941396,1,0.9866284063247027,0.6445385983279602,0.41268758142254613,0,X,D
0.31077205579528944,1,0.33459751476690147,0.8396064643717809,0.9603541291670956,0,Z,E
0.262616459075546,1,0.24067979518717242,0.30666167860769833,0.40428508417576237,0,Y,D
0.17885805395639157,1,0.8480752760710722,0.693452213224232,0.9161501614205789,0,Y,D
0.20088710365193635,1,0.6373386023439499,0.9395663889069257,0.16983974441896288,1,X,D
0.40721091755302785,1,0.3132942430425767,0.5596729161673509,0.7962338634500673,0,Z,A
0.0471427906458644,1,0.9481050575256368,0.659037164930012,0.18975783632776766,0,Y,B
0.38939575648334035,1,0.6135563571151054,0.014667028942217164,0.6749038657344497,1,Y,D
0.3821113247687627,0,0.886964950339121,0.7128770092403311,0.8475942624370442,1,Z,B
0.47058661611216845,0,0.1159995948249154,0.7929418840428367,0.3226933375032264,1,Z,D
0.37168367401816427,0,0.43148633355883714,0.14759282335278756,0.8410341223141272,1,X,C
0.006880983241961453,0,0.4161870508882026,0.07585061481532285,0.6729190197852223,1,Z,E
0.159916403623762,0,0.32950406411969646,0.19439374188539504,0.4714273016638002,0,Y,A
0.4794929003536793,0,0.26238050191827733,0.7272091996523394,0.24693108224190452,1,Z,A
0.28891753501899714,0,0.8673288823200631,0.8697202760196766,0.8644295872187744,0,X,A
0.007172588093679161,0,0.9373376560436881,0.6305659618565291,0.41093532343253714,0,X,E
0.48424274380432747,0,0.36664733205524225,0.7765729515067155,0.6779848890329677,0,X,B
0.4239210302199212,0,0.9596601467083394,0.1550521559876964,0.2497407300293527,0,Z,A
0.2938689406070419,0,0.4117947145559895,0.6651995650297556,0.6569112273151565,1,Y,D
0.5640325537121367,0,0.28599755091518386,0.8899751992824942,0.8171773043512149,1,X,B
0.39301083113155516,0,0.3680499902185288,0.28732753541502465,0.44809902085874453,1,Z,E
0.05887102274567083,0,0.09952677511094998,0.2972254940571506,0.801324920236823,1,Z,B
0.10053616009374809,0,0.44774258350856544,0.43894399450293653,0.29245874876862876,0,Y,B
0.5613909261784045,0,0.04165062475513803,0.9008272405725367,0.6655262623924749,1,Y,C
0.4722150734948772,0,0.9833565198082859,0.49625358639402006,0.8598542976700199,1,Z,A
0.02768855153537531,0,0.9713688704791883,0.1274888433335739,0.8992259851594162,0,Z,E
0.38355756887297277,0,0.9977255452880511,0.31900993745279993,0.6298347879395979,0,Z,E
0.11014701152811326,0,0.48752246513130193,0.7142830807509641,0.6226318147903291,0,X,D
0.5165335652717483,0,0.9317864195103089,0.8748436636056828,0.8449188290480563,1,Y,A
0.43770046070392793,0,0.9205118595302322,0.0032576666391795905,0.2434151056830599,0,Z,E
0.03240824016480557,0,0.9743467998417172,0.44376838313137945,0.33878547056659347,1,Y,D
0.0741916684466814,0,0.5429603052598277,0.3405982325796708,0.46667243095812083,0,X,D
0.02981510661558436,0,0.8401143880909175,0.1086025619398514,0.12916551180559543,1,Y,E
0.31200335584608957,0,0.7076224278878102,0.2667300138090958,0.7960281649857046,1,Y,D
0.19292253518626257,0,0.22453601045258786,0.9552416945678699,0.6711197081853881,0,Z,E
0.47371349086811165,0,0.23089287930192492,0.9587140635372333,0.8567389187909578,1,Z,C
0.06585542026890276,0,0.39906097013872543,0.5885304670808853,0.35277215163560194,0,Z,C
0.4888185247296283,0,0.2864189622156601,0.5628212060815645,0.5907761675165811,1,Z,A
0.0821320172316081,0,0.6056601145527245,0.30432527933112485,0.9481038302405602,1,Y,D
0.5198738808339535,0,0.04547083886376235,0.648811818014444,0.9827723823421515,0,Z,B
0.09494852538992506,0,0.23054347765375227,0.9730490396711335,0.6995762867023954,1,Y,E
0.24159595812796536,0,0.6685404441388105,0.7303454294634297,0.21457943424014858,0,Z,E
0.19123943496867862,0,0.08082341619340283,0.8184012586373446,0.030414904697180334,1,Z,A
0.34591777156853176,0,0.9856288859152236,0.012821510161305172,0.6957520556836715,0,Z,B
0.19374845046026296,0,0.9306403245531544,0.1510333892863911,0.7980579288446037,0,Z,B
0.2597539631442099,0,0.643885649662253,0.6850308614822697,0.9563687050100901,1,Y,C
0.5539048603412117,0,0.8459059576962115,0.49769465302731974,0.8541085690603147,1,Z,E
0.560726120792249,0,0.3958690089619552,0.020304744279390996,0.20068958148739013,1,X,C
0.153278454288017,0,0.7840069892174198,0.7916278443484831,0.21870673598897672,1,Z,D
0.21263617343180746,0,0.9059212243604927,0.9720197684176184,0.5390917516132409,0,Y,C
0.07674944067478831,0,0.6470528139423786,0.7051139627653219,0.4929473244818171,0,X,C
0.43716151341492787,0,0.980872520633099,0.9968386872518318,0.5450353598713619,1,Z,D
0.4369901919207188,0,0.08979667405447989,0.2597441485112931,0.9137910615210898,1,Y,A
0.22053016721756835,0,0.22112991348744204,0.8702566257887584,0.8437306526506765,0,Y,C
0.5402634799596744,0,0.46451995303384586,0.8975036325955948,0.11605886411486888,0,Z,E
0.11234914515312615,0,0.8374400399215872,0.855373818123601,0.07549850712073525,1,X,A
0.3099509398075253,0,0.1315309066520861,0.07935569955834776,0.8104826943511889,0,Z,D
0.4280148721670447,0,0.6790460514248309,0.5681977084265788,0.2717695755884997,0,Y,D
0.16909428452050984,1,0.8198493622309552,0.11032749385872931,0.5131267261337711,0,Z,E
0.3403502733199796,1,0.496461437704692,0.8658819196106576,0.18375012329661755,0,X,A
0.09150949806670189,1,0.08263523702011921,0.7502108586592457,0.08444160110652932,0,X,B
0.06231419709308329,1,0.23594270025356234,0.6965973838670221,0.3833335917824032,0,X,A
0.04667881483148062,1,0.15937640897026462,0.4734754458492504,0.5335731865401289,0,Y,B
0.09145700263415604,1,0.6988188747479094,0.33437057886292854,0.8268597844837966,0,X,B
0.07338680120307611,1,0.8828805204424983,0.0941911887926199,0.449582869919126,0,Y,E
0.16633271745885514,1,0.9838473121190494,0.8158672805199128,0.884198793089688,1,X,D
0.07674354769136756,1,0.19888110039177986,0.46743838837311635,0.0005745699937261817,1,Y,A
0.3320631130855025,1,0.2259848905395372,0.16856284434158186,0.8679343836275217,0,X,B
0.2863640134919867,1,0.3379762278132603,0.6199807126248337,0.33541453003906574,1,Z,C
0.10616725922460558,1,0.45329583663862183,0.9547185748995876,0.027561576696616186,0,Y,E
0.06134027261131657,1,0.5204783309283614,0.6054181984331902,0.6818347136304058,0,Y,E
0.011820155837225446,1,0.5916999317807964,0.4493939509032647,0.301762088642304,0,X,C
0.26344166748035047,1,0.9969929700964638,0.2863537260937242,0.28078675642506423,0,Z,D
0.10899224562622517,1,0.9322794764070389,0.9341172888303184,0.7807252545222075,0,X,B
0.19196765809482064,1,0.5322801989003582,0.6603389157337062,0.31154789835826113,0,Z,A
0.14466763326107715,1,0.2308960937139084,0.30454261108241554,0.47708978063087804,0,X,B
0.27498991591749156,1,0.19221120770847377,0.34087255285638784,0.35248474468972246,0,X,E
0.05179856052385103,1,0.7803567228468248,0.5947132680460595,0.31792973203424113,0,X,C
0.37531282386930137,1,0.3099841340278564,0.5236064924701157,0.0021144298006602336,1,X,E
0.4257983793763907,1,0.9493838019437694,0.041689720803146035,0.9012551723177825,0,Y,B
0.1873244513113688,1,0.35623762878181175,0.14162312113220688,0.2649426099167488,0,X,D
0.3503120437555224,1,0.731597873865027,0.45228459336629223,0.7974338662972353,0,Z,C
0.11392993834945027,1,0.6673257314188906,0.9316950111730223,0.7720907840147959,0,Y,E
0.37442262136471405,1,0.9996170791159736,0.07642372551051746,0.03940222980020358,0,Z,E
0.287621745174946,1,0.03899284526388824,0.798756348948064,0.1642238020239286,1,X,E
0.2991058111678681,1,0.6861772704102307,0.6572941629074893,0.9847533768967816,0,Y,B
0.2786549000883866,1,0.20156714579166257,0.5503331044437074,0.8031461524714605,0,Z,B
0.07129493201055694,1,0.9160337149431867,0.603871399066611,0.413566799040052,1,X,C
0.4094232651053081,1,0.21521222433079545,0.7983264744450733,0.9934594444533706,0,X,D
0.2898984580485518,1,0.7071109269158011,0.9683831432672716,0.10526255253597039,0,X,B
0.12193297296149946,1,0.9600549007398907,0.0002653756805869323,0.9028620722611019,1,Z,A
0.006318114596590838,1,0.2966665143095535,0.9051060402719212,0.8406196067928716,0,X,C
0.05429591251272543,1,0.36659447793780575,0.3882206996548788,0.49362869489338523,1,Y,C
0.07057664526593184,1,0.5986793342866026,0.021672015896117114,0.5614840397279219,0,X,C
0.011658346977467317,1,0.46761334422846945,0.2299400396591489,0.6860748017038008,0,Z,C
0.23386509951806345,1,0.059322404497809345,0.9923517965628661,0.3828068543175386,0,Z,A
0.18037997770495717,1,0.9097940320186014,0.2530705646404364,0.21504348683265073,0,Z,E
0.11656994009484815,1,0.4540645788762936,0.5346426366805063,0.8923199975034248,0,X,D
0.013362643232176908,1,0.03744472161259538,0.7402762144503393,0.010980247172861057,0,Z,C
0.4810368771347247,1,0.9377861109702134,0.5413633793620487,0.46953653549462204,0,Y,A
0.25965905977826764,1,0.23197510882103234,0.026814204674191933,0.11141987065615266,0,X,C
0.3263509163206999,1,0.32668405988628824,0.6171503629924404,0.7760433152038378,1,Z,A
0.08647030025941285,1,0.47246416546909087,0.10600452960079987,0.7662351095342186,1,X,D
0.25504973590514435,1,0.25215124175792314,0.3107836681056432,0.5995073666337178,0,Z,B
0.2610700035392241,1,0.025970133203505386,0.048342089544734734,0.35637753249327186,0,Y,B
0.009977565682736052,1,0.5542296405376217,0.6674012706785178,0.5372150912757759,0,X,B
0.16422135824704537,1,0.5004971703371613,0.8846765794039876,0.2673115602978421,0,Z,C
0.16143681160164736,1,0.3414311769566649,0.25583654550380275,0.6173863090069401,0,Z,E
0.36059508621117753,0,0.7049837420756919,0.3454555436154295,0.5926353206534841,1,X,A
0.15567414052182138,0,0.26028869183485537,0.7259820418961838,0.3405434981651566,1,Y,E
0.10266761256071018,0,0.5827092075533522,0.8929787537811282,0.8566438822461325,1,Z,C
0.16172063513702925,0,0.5011116936422855,0.5843880743587856,0.7329142780480183,1,Y,B
0.2244190604160457,0,0.04918004676164922,0.6573706876731898,0.0338631930822797,0,Y,D
0.5602238575801197,0,0.19252349863916507,0.5490358489695224,0.12516841233608422,1,Z,C
0.3084107533281232,0,0.20323432437519817,0.08219980990262032,0.30480913928557396,0,Z,A
0.4798915314554916,0,0.8793740200582987,0.7852728925790112,0.9045115547962517,0,Z,E
0.5392877724440822,0,0.6829452287512292,0.9451085652963398,0.6982912501120854,0,X,E
0.5586123890072185,0,0.7663912038525958,0.5905297468763457,0.3893260251777757,1,X,E
0.46994289868136035,0,0.18863486034363086,0.6214269417826437,0.537603727637864,1,Z,B
0.5412616253923244,0,0.7085085690166438,0.3830228878060854,0.050644853098545384,1,Z,A
0.17882397380941709,0,0.024524486870571516,0.7932049759341931,0.3924703384058833,0,Z,A
0.4094799665619244,0,0.7936366488872914,0.5582826504965894,0.6973671714374894,1,Z,D
0.23645713211249095,0,0.8557175699772211,0.831673744193158,0.150183301304178,1,Z,B
0.516451178027638,0,0.49130895176334455,0.6623438244274424,0.8050173782970258,1,Z,E
0.2696700515382256,0,0.6882829570204645,0.778380356090104,0.06672496288060781,1,Y,C
0.24749799388651011,0,0.6984120241937398,0.3703557368677304,0.33352834805496756,0,Z,B
0.1600680613761032,0,0.9598840967038336,0.07573865741284524,0.7058169328053622,0,Y,C
0.10423059910260998,0,0.5444132941533552,0.44411588410659786,0.18457650948195758,1,Z,D
0.4985794702783923,0,0.5334241729739579,0.5773409727798742,0.6870955722931342,1,Y,A
0.3590239686262346,0,0.559612259341113,0.016993626446438648,0.35467763536533214,0,Y,A
0.23224849006207862,0,0.5751597911621741,0.473055724471554,0.7968956660642355,1,X,D
0.5415729962762834,0,0.7050896023191024,0.5310765516502024,0.5420244892404222,1,Y,B
0.003282987817089069,0,0.20276964440162148,0.8813532602602097,0.4810675135326544,1,Y,A
0.10742848514626988,0,0.976803110027959,0.038908521173324884,0.25539857413653555,0,Z,B
0.5020452032651493,0,0.9251315507340293,0.999221724480403,0.5309061412980871,1,Y,A
0.5643858221912446,0,0.05544476657959829,0.31664401655872365,0.6755537982727866,1,Z,A
0.09664014518667725,0,0.9269152615167154,0.5439003843868165,0.36757021390836997,1,Y,C
0.27596636837183863,0,0.2164486165499343,0.05751807630365868,0.010931456910644566,1,Z,D
0.2808035877187955,0,0.3792280431598851,0.7173328217181463,0.4547828142785981,0,Z,D
0.5482024082598548,0,0.33846672420087576,0.567103955687551,0.528599497978132,0,X,C
0.31912151735386424,0,0.12022403886704258,0.40639193499266413,0.7168501637441062,1,Z,A
0.0745661755030843,0,0.19125685073036502,0.174803389047115,0.23345376137659524,1,Y,E
0.2585737738722029,0,0.7132692115786975,0.5267568270561925,0.9355738876453673,0,X,A
0.413367733444959,0,0.03385054407145016,0.7569618481733021,0.8860673191552749,0,Y,B
0.055203597615512016,0,0.4817820543421396,0.7336159281886451,0.9619872152355964,1,X,A
0.5363064853335231,0,0.08612447048230087,0.8183392842119568,0.9398407142158642,0,X,A
0.10989954715971967,0,0.3141832300686944,0.09585049768232712,0.975712171900805,0,Z,A
0.5654421356699996,0,0.7122799471538143,0.6615977950621352,0.6535429358515726,0,Y,D
0.28381599434618104,0,0.2111644668398721,0.3891178744676542,0.7208287696797834,1,Y,A
0.41310656618932007,0,0.17032052561564515,0.1497166751862593,0.0003099547121314661,1,Z,E
0.18049166705188294,0,0.5282618851261441,0.2900840795841505,0.20053130262033392,1,Z,D
0.5660352685568877,0,0.6792195336172001,0.7817766629826117,0.8276027627550677,1,Z,D
0.2212768607244674,0,0.47074237122021734,0.4546071889492389,0.7829034626734775,1,X,B
0.5324124656378756,0,0.538326028646731,0.6388004300505301,0.715112162980917,1,Z,E
0.38883094979330546,0,0.42354125087371064,0.35976451014607813,0.811101256826079,1,Z,D
0.5653501434342523,0,0.5230368855907088,0.29794083412885286,0.9039749562605025,1,Z,D
0.42470526139628406,0,0.0678849213442475,0.02115921589495473,0.6956827307846961,1,X,B
0.39473825240626964,0,0.9431769997468071,0.6173137758282006,0.15205564170977404,1,X,B
0.5075697289409845,1,0.25668503925074104,0.24840596160157946,0.6035306169456867,1,X,B
0.002151054525381725,1,0.44230590408470505,0.13485770113263373,0.29143800607730896,0,X,A
0.30626592255863333,1,0.06514455031285771,0.14363726352676898,0.0893095982860117,0,X,B
0.17654510964695824,1,0.9842955325542315,0.6965035197035044,0.7359605224793437,0,Z,C
0.022240171246114545,1,0.25044497891451767,0.7254001575043998,0.9887016723345522,1,Z,C
0.4526913596843484,1,0.4369111522959104,0.1974620367402844,0.032880915310964376,1,X,B
0.05044266663823086,1,0.44329107367916054,0.3153394788296331,0.522112438511207,0,Y,B
0.050036322268377766,1,0.5235643285782294,0.4908799793389753,0.49756372663229265,1,X,C
0.3921302224324657,1,0.041642236784610986,0.15124107935666942,0.7664530276283137,0,Z,C
0.3417670631763003,1,0.22412085063094966,0.8585646711543485,0.29525820314928786,0,Y,B
0.2877316666858794,1,0.6285358829004138,0.2666238870633164,0.08627059393228143,1,Z,A
0.002927271244700629,1,0.4315549161337072,0.5519659300393526,0.313616542857181,0,Z,D
0.5167013777921615,1,0.11548958337655124,0.5441726585282415,0.989948205653848,1,Y,C
0.09603734992945442,1,0.38074889720027705,0.24279186819943854,0.7087187103437139,1,Z,D
0.14661163092103166,1,0.04723328088276946,0.17901887323522514,0.5903630626125983,1,X,A
0.21896775501626153,1,0.9144444278186672,0.19033114689541608,0.7834990505263234,1,Z,E
0.09822991378683113,1,0.3331094537256447,0.02460239752839244,0.7633093167189657,0,X,E
0.19252350533576243,1,0.9480667196136806,0.6429575577782615,0.5897855373183556,0,Z,C
0.0633506995855866,1,0.36320038552433187,0.7785298972610833,0.31386102825424045,0,Y,A
0.46631725789236445,1,0.037421375326021744,0.2804328656724996,0.4062234874495251,1,Z,D
0.16289462731253024,1,0.6061629988572181,0.31277624172026164,0.24789065532281485,0,Z,A
0.1680466659790256,1,0.024279706260881384,0.6179909518883588,0.6390024265055498,0,Y,A
0.20152588692571147,1,0.37181567767810964,0.5963337308907849,0.7309421699553889,0,Z,D
0.09128631740731113,1,0.7030026998723136,0.7193717061683151,0.5194715096049421,1,X,B
0.012189445638514592,1,0.9776318570311511,0.2664037324945865,0.8195067119778946,1,Y,D
0.3132536157793186,1,0.41130308807973315,0.5494595863308175,0.7250605731863039,1,X,D
0.09498496482884299,1,0.8584411775242324,0.5277542795259151,0.6016895656069188,0,X,C
0.13897074916773774,1,0.14470586998141455,0.905009163597702,0.31087854865428366,0,X,E
0.2337416936774911,1,0.9496809616013513,0.9588622202077522,0.6480233159556597,0,Z,A
0.04270789526950917,1,0.01577091157864563,0.8642622849249623,0.9692117874293111,0,Y,E
0.02315644326480701,1,0.04192884975807609,0.8473530593246313,0.9199469456706897,0,Y,C
0.016203438982741323,1,0.5887473041410892,0.028914639532290565,0.8130453452708425,0,Y,E
0.12097287850514687,1,0.8609748214868775,0.9865620803918093,0.6306171729997873,0,Z,B
0.016795301313359805,1,0.707440316322055,0.3737012705732984,0.5068371333487315,0,X,D
0.19764705732995444,1,0.01745435293391495,0.23839887218095035,0.8612079146688084,1,X,E
0.006457296504023521,1,0.8765657829989777,0.541867959614091,0.25718058214532113,0,X,E
0.11501262013471503,1,0.8040155600820577,0.5092568934261085,0.3306313597198395,0,Z,B
0.09109488643799493,1,0.44879608490101386,0.1006108420149866,0.22267205044250793,0,Z,E
0.04056964394088025,1,0.3052878954687557,0.24869887185340434,0.8584618294698729,0,Z,A
0.12745020446840138,1,0.1021464185273726,0.6286746282875657,0.40448414200519167,0,X,A
0.08919683995136642,1,0.046261400868573666,0.4651674716969939,0.4084773146945019,0,Z,D
0.21014972366130258,1,0.4540588353696108,0.876115456155235,0.7031283595831931,0,Y,A
0.15517144497925012,1,0.2567615163318616,0.49677276134933845,0.8969676289084401,1,X,B
0.09709350015149962,1,0.04508429285144555,0.2812645527540818,0.70509705646518,1,Z,D
0.3156086867973964,1,0.33932894106529743,0.132068770197442,0.2522050925476875,0,Y,C
0.2180432560167538,1,0.5358089354753701,0.7844548583024665,0.38244720175425095,0,X,B
0.3174824623620256,1,0.827660868218188,0.18286334006690974,0.023301562771173123,0,Y,E
0.056052900698483094,1,0.7277611792580214,0.9613399575091224,0.7212358975637195,1,X,B
0.12732833398421922,1,0.7958232833789571,0.34859625169976804,0.9303380446054685,0,X,C
0.17527848223205392,1,0.11361830327555167,0.3504858725786917,0.26081643885319195,0,X,E
0.5209704247835462,0,0.7899305995019819,0.27503885804995576,0.7093732106042144,0,Z,D
0.462342877891593,0,0.8064287038560586,0.4039065873210802,0.21227890299726915,0,Z,C
0.07855470699539226,0,0.8161467733956627,0.8295532793817613,0.956216199752342,0,X,C
0.5344032701876293,0,0.5312554627100997,0.8180699196133797,0.3657568977040523,0,Z,D
0.08440847007763533,0,0.30128827140474324,0.6966232280356901,0.12949474373506853,1,Z,D
0.5577956822246029,0,0.03990367066876799,0.4061641340169121,0.5320080045679066,1,Z,E
0.5529736244524045,0,0.26619907277197596,0.7630510097031088,0.08990887211904952,0,X,C
0.47628062880253824,0,0.6113020583189648,0.02713655783557334,0.06512082022343657,1,Z,C
0.05035586774891705,0,0.6307296590598322,0.6100025512012872,0.6453943391422232,1,Y,D
0.3932567036172372,0,0.29167534404918727,0.9554168001112632,0.7637770889957887,1,X,C
0.45443088919987706,0,0.8173206924332754,0.33673883642110136,0.06796833268669578,1,Z,A
0.07279839747456386,0,0.5166088064163638,0.9729832275542782,0.2950277945098303,0,X,C
0.3017656301939747,0,0.5316399274860304,0.4203819975789943,0.5713925447720842,0,X,D
0.4576384895824231,0,0.2756850173137796,0.45684890896858477,0.6555500370688814,0,Y,C
0.5607017374250075,0,0.45419979496674,0.8305281440691167,0.6404632540900145,1,Y,C
0.08170607962192612,0,0.3206722232589646,0.5368085168173363,0.9256131151032394,0,Y,B
0.3563517918868744,0,0.3331371593490975,0.3596192193541482,0.3199386265208254,1,X,D
0.5184001424584022,0,0.8304860635318787,0.23053403438935627,0.4417822733438076,1,Y,E
0.35800015346959174,0,0.6848833508318803,0.7413156714989753,0.8492196455152373,0,Z,E
0.5226571878075777,0,0.8459506020606191,0.8984261672400191,0.04979550795492382,1,Z,A
0.019124928744402133,0,0.1479448671191157,0.34365716999586193,0.5967405907639953,1,Y,A
0.22214547862999806,0,0.8512216822513782,0.7838067946942973,0.165180347967261,1,X,B
0.39523332771149594,0,0.8049154987670459,0.17218459495017624,0.13046101720328263,1,X,B
0.2509152450529076,0,0.026428946559169497,0.005126482464634985,0.6000414716254496,0,X,A
0.1547885815281426,0,0.20261141370772362,0.09707416602698016,0.774072179130815,0,X,D
0.46258962494285344,0,0.6785035370746104,0.5839389220947356,0.8983415631161897,1,Y,D
0.028588773254404162,0,0.8075579030765218,0.9379791165758768,0.5430770863971258,1,X,D
0.14358589928192153,0,0.15601091330409445,0.5908394546836623,0.28541361351329275,1,X,A
0.5258157158217839,0,0.08824307307064883,0.3196563376281919,0.3075939828615063,1,Z,E
0.02844913148473366,0,0.09953088560467171,0.40073590317073415,0.20900502072564076,0,Z,C
0.06603169667574739,0,0.9120614071431401,0.857368438865904,0.29586811110633204,1,Z,A
0.026902644165922276,0,0.97752367268539,0.8891410543608942,0.09589621868991416,0,Y,C
0.4072709453568056,0,0.13311862145831999,0.7798967455284663,0.8480325724601966,1,X,C
0.1593696124134646,0,0.32875361662855807,0.3419953030072962,0.16409711771882618,1,Z,E
0.3016082511393423,0,0.7099103729378207,0.16451882049056366,0.810751601218127,1,Y,D
0.5626242794646712,0,0.21600201808944208,0.4189384604186551,0.6377712075185458,1,Z,E
0.42329421809935447,0,0.858825836141853,0.011430273622846876,0.6025518692717631,1,Z,B
0.45785987086671304,0,0.622964941676824,0.8167617401182956,0.37331586993972676,1,Y,D
0.10079608291998299,0,0.9295985697441322,0.7583872752209138,0.7044688190625216,0,X,E
0.2134495491747962,0,0.30929003541323363,0.5899574656024977,0.22657776405659813,1,X,A
0.5058964880990184,0,0.8239706887386596,0.298541603740502,0.1272184440809766,1,Z,E
0.009251982762092409,0,0.286845585655639,0.4246681423301101,0.8888042908320377,1,X,B
0.5647193786882715,0,0.6780209564389222,0.9840912801069388,0.26660236080438193,1,Z,B
0.5077574683306512,0,0.44509482186500504,0.11753413586286832,0.757749554511158,1,Y,A
0.29887057062415073,0,0.9068609566029112,0.6303256632232903,0.3769874189772856,1,Y,A
0.13953592876262202,0,0.2593354615111164,0.8722766390388882,0.6002697140533978,1,Y,B
0.45266317504156095,0,0.014474879308414068,0.620885138437688,0.6519544325956526,0,Z,D
0.0633199763283742,0,0.2509387159340086,0.8758723359647738,0.4473361624581722,1,Y,A
0.5649600412841694,0,0.8061401965127265,0.26496141707386356,0.606232375775148,1,Z,C
0.252356318774633,0,0.633857613263976,0.6341444766670744,0.3903308102208588,1,Y,C
