time,event,F0,F1,F2,F3,F4,F5
0.09383606971876092,1,0.6849116244893593,0.8741163096735715,0.7382545646169301,1,Y,A
0.026134043885463025,1,0.28715612611094,0.8085251969632502,0.6262656527790825,1,X,C
0.10894659132443825,1,0.6490032470053867,0.5224362806913061,0.22593885678194547,1,Z,E
0.025346018841393998,1,0.8631933882336142,0.011791022905317972,0.967146375067829,1,X,B
0.2935438845670693,1,0.7643447508481075,0.6868994724662673,0.5486370911973869,1,Y,C
0.04725270786923265,1,0.23709381338375035,0.9510598739498739,0.350544170531511,1,X,B
0.044456981624063925,1,0.3956907250088366,0.8867984746639056,0.39514026415512815,0,X,C
0.09453414708621477,1,0.7379048336707471,0.2087086740999704,0.7353981214056792,1,X,D
0.01996766479846325,1,0.8750574003403341,0.0009411365348924727,0.7619868084768542,1,X,E
0.12256793596102993,1,0.5479181906822069,0.7245468550840061,0.4329548508665749,0,X,C
0.11084133401378343,1,0.10923452134601408,0.6428244474894206,0.3380990492086485,0,Y,E
0.03179011996599856,1,0.6729481380621531,0.3057483753881626,0.86705527537404,0,Y,B
0.21307828949496949,1,0.12152151418876789,0.17665247543579288,0.3889843929621891,0,X,D
0.004984285925395069,1,0.8584451264121923,0.568662652729684,0.5914189312594761,1,X,A
0.10361139518063031,1,0.4428994099834975,0.7818860007640842,0.40323388827741036,1,Y,B
0.140337085130098,1,0.5984179704520952,0.06817228958952759,0.05295370761639995,0,Z,E
0.020130770816803596,1,0.4792133158731381,0.2887993278712837,0.6609962949436526,0,Z,A
0.16867814722547766,1,0.9926451061498013,0.45345414718810584,0.906431293443039,1,Z,C
0.2333778054981268,1,0.3777632316353059,0.6348573816468892,0.716300592307147,1,Y,D
0.1760868049251739,1,0.39683803700611375,0.6824855827984038,0.06546349425672549,1,X,D
0.2810358763357801,0,0.13306318539489648,0.9904781490487302,0.32689967257173214,0,Z,E
0.25905691320255275,0,0.583501461351609,0.5306926300076747,0.6119202845860373,1,Z,E
0.19829687799235549,0,0.9122072884087273,0.21439340707597565,0.700116044650439,1,X,C
0.2954931799379289,0,0.8879165772212647,0.833780441859211,0.7246079176544985,0,X,B
0.29263239555694837,0,0.5970211520421553,0.9227104108215465,0.2696130822107976,1,Z,E
0.28401048397868495,0,0.5955696246824973,0.39776399099656146,0.6242230790738142,0,X,A
0.2116908415167636,0,0.20770313281912622,0.37114694730843667,0.28853328304201253,0,Y,D
0.2965124663038781,0,0.22083218441463248,0.6339397280529752,0.07437638864944629,0,Y,C
0.17515674943366336,0,0.1904548060928991,0.9469507746960589,0.9060752518709176,0,Y,E
0.14846677124199864,0,0.6478152801294925,0.5811799168229127,0.17729535023664644,0,Z,C
0.2967645679188765,0,0.47741427092403954,0.5570193376770308,0.4973521880464229,0,X,B
0.09437809618658036,0,0.907143905592814,0.7043841836066762,0.90775720408665,1,X,E
0.166904729628101,0,0.4444349094782798,0.3851159157478272,0.8030322399704384,1,Z,D
0.20463397058200025,0,0.1721043276901676,0.17193419824471579,0.147067159207114,1,Y,B
0.198385969297115,0,0.04205631584837466,0.3334058502042272,0.15963542514252704,1,Y,C
0.20141587141640316,0,0.4634389997020245,0.45678230144968734,0.4573804541485349,1,Z,D
0.023893007896396406,0,0.39005255420821106,0.6904314448297522,0.2317199567971968,0,Z,B
0.18085813933656822,0,0.741638872279043,0.940222450297505,0.4517289583798275,1,Z,E
0.10825272073805543,0,0.8469321436581041,0.31326211674288007,0.5432728897124309,1,Z,C
0.04207452396527533,0,0.862587335430713,0.466175578431292,0.6151966381708581,0,X,C
0.2755548706645486,0,0.1634801062239215,0.8078749623945886,0.056148625706100574,1,Y,B
0.1401169569022529,0,0.8548382538778934,0.9278293630470884,0.4613543711326644,1,Z,D
0.2967634601546386,0,0.13950083575972727,0.7475033737763679,0.9902165012861891,1,Y,D
0.2842267853651069,0,0.9248346549654128,0.18700640441453542,0.5304697199028051,0,X,C
0.2922929538140737,0,0.8760781088765782,0.875906097671352,0.4747669732880304,0,Y,E
0.2646052693583056,0,0.5919412406898835,0.6636884885975174,0.064581137780922,0,X,E
0.22611112281027793,0,0.6902332900827677,0.8436469810734344,0.6121384634329488,0,X,C
0.2308275933045099,0,0.8459533971462612,0.9363968104290761,0.00911945054074792,0,X,A
0.06423837981048061,0,0.35613137254203464,0.05312157816021157,0.6359195178920488,1,Z,C
0.2740033923340541,0,0.25225698494846205,0.33866801322994466,0.20513358592229736,0,Y,A
0.1585788893768597,0,0.31690256260347105,0.34662448525596123,0.01628121362044188,0,Z,C
0.25417183091022294,0,0.6404327834292762,0.10393415871408251,0.6165258552081968,0,Z,A
0.16827871157724814,0,0.8233007332525971,0.1906240543388168,0.9686062221869338,1,Z,D
0.1516485288918556,0,0.8394290146014913,0.269232335963301,0.8085259433805645,0,Z,D
0.19729847746893261,0,0.44356528650063476,0.15007261735816957,0.5385786690571812,1,Z,C
0.21171748827033904,0,0.8442477560784015,0.339957604623332,0.36626561995272233,0,Z,D
0.15967409136829055,0,0.8156091859768455,0.4429889185335337,0.10584022364595447,0,Y,A
0.28187791880240626,0,0.6566036877403446,0.31302055510536264,0.6607308441001575,0,Z,D
0.049733806545044106,0,0.26829560360075255,0.3809158722378202,0.551051869085783,0,Z,D
0.2514572908008897,0,0.5096906720587793,0.6558891344264696,0.018194535108882914,1,X,D
0.1511362431685668,0,0.3087248107805026,0.38996782322906376,0.8810223490309388,0,Y,D
0.09912237972051782,0,0.5294205863417843,0.888412171572609,0.18588563551012105,1,Y,B
0.27165862384616407,0,0.4845786731534262,0.6083303687814815,0.29812908382046066,0,Y,E
0.12166304981771593,0,0.7408158754854711,0.1902973923913044,0.7555514019609314,0,Y,E
0.03830659693224185,0,0.49863264930753814,0.10033520364229209,0.03225718348259632,0,Y,E
0.2013639195469511,0,0.134671590913655,0.6771913017042307,0.84076100350657,0,Y,E
0.025389733367177897,0,0.05433536367273395,0.1664593463516697,0.35996459688042326,1,Y,E
0.019866512885295045,0,0.44237898031410705,0.9241269248728269,0.12744294081019825,1,Z,E
0.08875217579332167,0,0.6190012432389119,0.04835641054417816,0.09175630595845163,0,Z,C
0.24285710054787374,0,0.821079632628375,0.5477490517066986,0.18866750337984173,1,Y,C
0.18729514407663073,0,0.5501705271052846,0.6907472706574984,0.7308996338391477,1,X,B
0.09569478138755046,0,0.6727637351175573,0.5097507222200491,0.9336266810884903,1,Z,C
0.13367721876662583,0,0.05276777231065011,0.5068700633985699,0.18011418670455404,0,X,C
0.24015328688927365,0,0.9664847239963408,0.07836596021694708,0.6967286354903462,1,Z,C
0.025963638037125758,0,0.48352971054765725,0.12716490858038654,0.4384615581251914,0,X,E
0.04559022919804429,0,0.058326760229121866,0.4709363512854796,0.11471977091136365,0,Y,D
0.2956695378961234,0,0.778725684663588,0.014598424986720926,0.8156568533690526,0,Z,C
0.2941392159836984,0,0.3188864765074906,0.6824217236796921,0.7287600762352515,0,Y,D
0.050263334666165775,0,0.08796748294472723,0.8535700706164129,0.391494315710039,0,Z,D
0.29320276419270025,0,0.29222707196374587,0.2801669758754046,0.051802789247654024,1,Y,A
0.16977353290094424,0,0.5661066805991063,0.338971226712695,0.7177011449368873,1,Z,C
0.16932767778241398,0,0.2880612413852106,0.9787872472216251,0.9693257474118429,0,Z,D
0.2949401531237676,0,0.13964562365472255,0.9524028037987713,0.8664597939268412,0,Z,B
0.27349290410006605,0,0.25331014491043946,0.21610802158614195,0.36608069461475146,0,Z,B
0.2379117384951461,0,0.05915214797339308,0.1832824020284901,0.3310559779453126,1,Y,E
0.01780586682857018,0,0.3243315904598999,0.1445945127238193,0.5123382924742896,0,X,E
0.29054364821733775,0,0.03194699954011848,0.1274621967498547,0.7821487139731891,1,Z,C
0.050439735820685054,0,0.7527753333598186,0.5056315786791347,0.48222960506384605,0,Z,D
0.03454220222299097,0,0.27841302616001906,0.4025250974335062,0.014580469575130484,1,Z,A
0.17507707852643833,0,0.9596212567394665,0.3490599600907628,0.43256528308848596,0,Y,E
0.26653919917035457,0,0.21723731491067788,0.13724596358620822,0.52122448157455,1,Y,B
0.13853912022808304,0,0.9524905745766322,0.18601990242939803,0.9797882907124593,1,Y,B
0.2639112245164466,0,0.8197738254388118,0.963309989464233,0.6250397194632373,0,X,B
0.23980696287019915,0,0.19439805337189675,0.1298681192964698,0.24439168723384674,0,Y,A
0.0839305962806147,0,0.7763732570320787,0.4802224194680491,0.005692452784353708,1,Y,D
0.24002435004504133,0,0.8745073921397934,0.6467289780134247,0.4285237675982292,0,Y,D
0.22402019480347204,0,0.10430054691215973,0.3776529263832237,0.5058235955654691,0,Y,D
0.00766352722191764,0,0.06700715242561661,0.6042029812328649,0.6942862912421578,0,Z,C
0.28367709460623564,0,0.5181405824742515,0.6370234866929723,0.15613450182501343,0,Y,B
0.2750136032247784,0,0.1208830474391771,0.07252181955199832,0.10268494555763252,1,Y,D
0.25831180047010893,1,0.15880650159420362,0.4898944580476411,0.6818042180052023,0,X,A
0.030170376032468655,1,0.922266359503698,0.1451993292599848,0.5412225830157958,1,Z,A
0.11490704460400421,1,0.674622341093906,0.16818741617123156,0.48204069711771114,0,Z,B
0.12745483730865714,1,0.2802462753532392,0.7684961271008796,0.9313009953615266,1,Y,C
0.16089253991331637,1,0.8379747194753654,0.3134203686815944,0.4808193531860403,1,Z,C
0.1435906851787639,1,0.3657828536891452,0.23067797936024503,0.359547375370861,1,Y,B
0.15726540245555634,1,0.8318114335740379,0.48092034509542514,0.6916096293898027,0,Y,A
0.24192943735933536,1,0.3089603831744735,0.6332747093214945,0.0797840877187257,1,X,C
0.04025096418800848,1,0.973821203862847,0.33945214835028725,0.8705641221131625,0,Z,B
0.21103871503598853,1,0.29563043154323254,0.12654959072421335,0.4723143742935899,0,Z,E
0.06589233355577793,1,0.9134505674167009,0.6016180899937726,0.0740566131684206,0,X,A
0.03132515895485811,1,0.9259453777889589,0.251414987219179,0.9234780909076843,0,Z,E
0.011852950637437477,1,0.4288967416471856,0.2549448157798917,0.5729996676068045,0,Z,E
0.1521372408192555,1,0.6103493172789559,0.9089877953110099,0.20328419748738558,1,Z,C
0.00351882047357206,1,0.9519942211142574,0.7163412522485525,0.3807045613070267,1,X,B
0.2095296901642881,1,0.5490398380344549,0.07785877817597953,0.2714236927324408,1,Y,A
0.04458610918616713,1,0.6997092748862841,0.6038218092142088,0.7030895560813317,1,Z,E
0.00015428192773815353,1,0.9349575133880111,0.9638207195193439,0.18599995877224018,1,X,A
0.01989584219216691,1,0.9031864915913346,0.5684044937233625,0.49493148548630306,1,X,B
0.09099213005661973,1,0.3839059829216943,0.021061614945541596,0.9950195853202034,1,X,D
0.1492794839063414,0,0.9189362186464102,0.12197033992769557,0.1345057503021284,1,Y,C
0.1875655871807549,0,0.07948336876230133,0.22261359157670535,0.26058150457363216,1,Y,D
0.2836351838750425,0,0.23321151164269027,0.995843948100051,0.5357330753697798,0,X,A
0.2799775820500854,0,0.4005601940207073,0.01631871626348147,0.7855954334406349,1,Z,B
0.2965776463305488,0,0.2807920144285041,0.644338720838204,0.77656772052865,0,Y,A
0.2926728573685247,0,0.21879284069477944,0.2989218696394007,0.7023673114026711,1,X,A
0.07118744518278061,0,0.15168980851957192,0.7802720514159142,0.38063336285343974,1,Y,D
0.2764788838935165,0,0.1352080504146692,0.888204202154888,0.9529699042708737,1,X,A
0.020561111583281253,0,0.22591475680887274,0.61095100477386,0.602854021933833,0,Y,C
0.1747272162070764,0,0.8441725322597121,0.4889321368390793,0.6229351140088946,1,X,E
0.15270630552200914,0,0.4933193483266911,0.7326285333802841,0.2654786430422611,0,Z,E
0.24524859307661667,0,0.383566962183429,0.5023557208402326,0.3387756905168926,1,Z,D
0.18883387049803427,0,0.6527398753234656,0.011659236594697253,0.21899689981770665,0,X,D
0.2701977677399944,0,0.18026963240057214,0.3663196349414328,0.6324805549274204,1,X,E
0.20410523576067763,0,0.7913302134418794,0.3163045033646993,0.0012865436169616773,1,Y,B
0.2322847246350494,0,0.11025767457337488,0.7957393230390011,0.7226597678338574,0,Y,A
0.23427241815027458,0,0.8351846689624688,0.6812546534496448,0.36189782731017606,0,Z,A
0.10439381926688396,0,0.9221397288752138,0.12199395010650083,0.8795592033742388,0,Z,C
0.01748577011021913,0,0.1082682628759114,0.8192209154288352,0.521058968482081,1,X,E
0.2127617199772337,0,0.24193740594217883,0.933168895685782,0.9390874587589927,1,Z,A
0.2823355311910999,0,0.7664126166157212,0.26305714317908424,0.7776155898261077,0,X,E
0.02683260094591781,0,0.9039344017704639,0.6664820719957341,0.6140908708534627,1,X,B
0.17530851201129427,0,0.14967122167083913,0.4563448973118557,0.25430372010835545,0,Y,D
0.18171064832968653,0,0.10558091151519333,0.10162732529107854,0.6691565592247822,1,Y,A
0.29616458339323193,0,0.2799900645304785,0.9821240536638293,0.14387714401500795,1,Y,D
0.08664915063832072,0,0.5199694522990119,0.08108145301948111,0.3697884426705069,0,X,E
0.24873764666975778,0,0.5695194299627188,0.4018638231306425,0.44556023456472704,0,X,A
0.10421096839727716,0,0.24746500497833912,0.08531748484862867,0.3733828970531803,0,Y,B
0.1266657249721262,0,0.5454425188600662,0.940654066438654,0.10575901987973524,0,X,B
0.23046894862367437,0,0.33885839468046597,0.9234379215532179,0.8425353379021033,1,X,B
0.20832254203249137,0,0.6381204364456649,0.30856473848974475,0.23077704023067647,1,Z,B
0.25239029472039876,0,0.34294758948389825,0.3167771196884722,0.37832602930075165,0,Y,D
0.178439138564328,0,0.7189508899239053,0.920026627688106,0.9764273576626187,0,X,D
0.23911924279029823,0,0.011700578426915742,0.7484337653166891,0.8192058331532578,0,Z,D
0.27723038040019676,0,0.6255926758854214,0.0044353533703918036,0.1214199755720734,1,X,E
0.2481934138956395,0,0.4873826124599817,0.22189597292855445,0.04802247476924992,1,X,A
0.11124077173941066,0,0.4462694219430051,0.640256860372794,0.2318267761090279,1,Y,C
0.25121867103251033,0,0.9211093795592709,0.4774998725567934,0.8285890041613228,0,Z,B
0.0481586522703862,0,0.8106125024366008,0.5140694633904708,0.9618518371556354,1,Z,B
0.24810639821365932,0,0.31463601472085123,0.5865939359876216,0.8997083607492724,1,X,E
0.13231520374394407,0,0.11347150352564073,0.8181535827572342,0.5083093934705075,0,X,E
0.20507107061877142,0,0.8786581576377374,0.2951377184046181,0.548511973471454,0,X,E
0.2538371417854016,0,0.3912234980953456,0.8938314520086674,0.7074581817848342,0,Z,C
0.06586212272262754,0,0.6355851038335146,0.7546682250024735,0.34315898863504635,0,Z,D
0.18143476885682958,0,0.021633168081375165,0.0886207440878003,0.7966401969428817,1,Z,D
0.05528584573099716,0,0.8957102722815398,0.5959198485765899,0.15090354027884778,1,X,D
0.2962739221485869,0,0.9073133773751998,0.8131300235191025,0.222450230596407,1,Y,B
0.2967839490635531,0,0.5582808636284309,0.061724186354693344,0.366103344688244,1,Z,A
0.07115964213288703,0,0.1677869973723558,0.042849587025532765,0.3022849219885484,1,Z,B
0.20098993902483353,0,0.27707071893705826,0.8560072620811265,0.7329705075374584,0,X,A
0.1283838451926576,0,0.5087623230554165,0.167710455384405,0.7459985499398135,0,Z,E
0.2693391595213022,0,0.6104767249716428,0.5149485545830377,0.8874987303528669,0,Z,E
0.29440295828191704,0,0.9699096574427084,0.8635808331411073,0.07310095739440714,1,Z,E
0.27619074417734235,0,0.1799887315220161,0.45754282443871996,0.3837042495567211,0,Z,C
0.2958666509618507,0,0.1916753164383681,0.6371037307992634,0.6558688009178038,0,Y,D
0.19859050466572697,0,0.12410765350076303,0.2482481075924201,0.742845570944643,0,X,B
0.2283297199992274,0,0.6825591094574759,0.8273445744253374,0.7533908474250645,1,X,B
0.24630165118269554,0,0.8925848843324337,0.7005225245787735,0.0012178735076864289,0,X,E
0.12617309728734424,0,0.41137487064035905,0.516961268329488,0.37039936407209784,0,Z,E
0.09803936311773599,0,0.44117435941116634,0.7841347550127287,0.6144614151604111,1,Z,C
0.18627294401821634,0,0.29301711758097726,0.4222050266303672,0.008155047825722184,0,Y,D
0.16994026136514,0,0.7781581222091488,0.7894579365401871,0.23822407370999432,0,Z,C
0.2810136321761518,0,0.821447508688686,0.3374174800327332,0.9470172725856695,0,Z,D
0.24809007867215613,0,0.20426980236714853,0.0999288221313176,0.8655255617538219,1,Z,B
0.10833114019289723,0,0.8890635186475642,0.18183101254237288,0.03571674546687165,1,Y,C
0.17241501034961118,0,0.13116708122198262,0.9249690633857472,0.15802977224199688,1,X,D
0.24975891986890095,0,0.09982570218133402,0.4894170684610628,0.3283897444540609,0,Y,D
0.24567288283007235,0,0.942809161255419,0.15225756564428683,0.1612982072872532,1,X,E
0.15675694310314853,0,0.7215365351601442,0.10975397828524547,0.44069633719047563,0,Y,E
0.18395527177301116,0,0.19414999151534407,0.059777326188537816,0.29222747929299864,0,Y,B
0.2063582557541694,0,0.17793804752815046,0.6884579951712889,0.579321798996561,0,Y,C
0.07834407978996899,0,0.7550271513790149,0.2830923360235491,0.7716194825296544,0,Y,B
0.19163980222363444,0,0.8955932203530728,0.9287945062572336,0.4438919545964909,1,Z,B
0.21338450382404928,0,0.32998356481280966,0.23587934819587375,0.3239529316020503,1,X,C
0.188828014366572,0,0.10879587855493411,0.34488727583490775,0.8076238632888616,1,X,A
0.10129180953150664,0,0.5667635429337389,0.480646367653487,0.5234502278767302,0,Z,D
0.26063912779022663,0,0.08267601171392569,0.43698661560562413,0.8829516018291996,0,X,A
0.24636172793808334,0,0.1606209478155053,0.34464818392809504,0.5564673025613665,1,X,D
0.1068468432790615,0,0.3764053996087602,0.5277175577290234,0.9840304965112586,1,Z,C
0.2798684759563729,0,0.8654798930585575,0.7408154881218826,0.9906768680743465,1,X,A
0.13645173836067392,1,0.3200023151967293,0.7596533123341953,0.591194506425558,1,X,D
0.16929071049052385,1,0.2173938693282741,0.16311564330837536,0.2564268800122562,1,Z,E
0.11496692915667442,1,0.23290758999107009,0.4187463639217318,0.6531165176623386,1,Z,C
0.08895394754524667,1,0.6883993044171294,0.9699171765099587,0.3242042435084096,1,Z,E
0.17242429374605214,1,0.8154166431417244,0.21638365933585024,0.7220661522507972,1,Z,E
0.14339838259508528,1,0.914778575322944,0.1309842195212121,0.1468157332297665,1,X,D
0.2470442205435125,1,0.31922430091427956,0.6463836310333634,0.04719222164430481,1,Z,D
0.16757595728755242,1,0.7474622315427806,0.6769945903827214,0.12418483420563198,0,Y,E
0.012638242231788823,1,0.15406490364324454,0.37462897211787083,0.11596692949971232,1,X,C
0.04416405482013564,1,0.6598928931410821,0.04787416670465805,0.20503686613920546,0,Z,A
0.17111561929398,1,0.8984675471425576,0.5564310898976363,0.4786835902216877,1,Y,D
0.25723893822676097,1,0.5222806179725343,0.08886242327336102,0.8930108447234256,1,Y,B
0.031132247920530334,1,0.8220739894328254,0.6809822808359932,0.1631041559628713,1,Y,A
0.22776128258042427,1,0.07855309161825486,0.15931549371582887,0.33635399037207003,1,X,B
0.06678524334526038,1,0.13388493730661277,0.4069221139496886,0.0741051876688198,0,Z,B
0.008186361239248607,1,0.20383096652179744,0.8031454438831367,0.24693269021178355,1,Y,A
0.1748372112415172,1,0.8425244045505504,0.22797315025785037,0.19042573393408802,1,X,A
0.015166138380340227,1,0.1409884014862105,0.6699518268906721,0.371735655309518,1,X,E
0.05929977717387381,1,0.9669957693129618,0.6242197176627743,0.6336444059009858,1,X,B
0.021040744604906396,1,0.4365044175253613,0.8892982065387858,0.33727828267715054,1,X,B
0.2555266119841663,0,0.7905544872828602,0.5899539206948777,0.43672413379559816,0,X,E
0.12538553324366375,0,0.8024855809075577,0.5310936140847768,0.24570391376249756,1,Y,B
0.2967383775454442,0,0.8518538281467573,0.16609964434236246,0.03852251654671546,0,Y,E
0.1868846301254861,0,0.568241943685558,0.9982104779415574,0.8109300161761243,1,X,A
0.2650828483032492,0,0.6459503875616227,0.7336949353956527,0.9677562217226717,0,X,B
0.1645999360350485,0,0.511364016703839,0.14784892087001977,0.9012579428660872,0,Z,E
0.05321099825474263,0,0.6375124274534103,0.5811065042693265,0.3736908525203303,1,Y,D
0.28688134769007173,0,0.2914315618930111,0.4395805600085777,0.7983998294961709,1,Z,B
0.25545831335234176,0,0.42471119617530995,0.4619288231248845,0.401498461426843,1,X,A
0.008493477561603206,0,0.6066753531435944,0.17733119471886005,0.1510319166629367,1,Y,E
0.2302019132818588,0,0.17550817146731368,0.09963918102132707,0.1422086646445132,0,X,C
0.1919579022852208,0,0.33004555435840877,0.6304490718678398,0.31899022608689775,1,Z,C
0.10372214288041832,0,0.9640802011937132,0.030123802003147016,0.7051535242927719,1,X,D
0.07569925468250968,0,0.20344978757668153,0.2684034261879157,0.2967292914284352,0,Y,B
0.07789008868625924,0,0.16736679588084136,0.5875760449732614,0.5951357112685911,1,Y,D
0.22134226215280073,0,0.02102997314960664,0.06586527641196271,0.06358745754049477,1,Z,B
0.14732540054033752,0,0.1401474563189793,0.8001546068450911,0.3700669599051426,0,Y,B
0.1884398009085005,0,0.5243908823783965,0.3325089323022039,0.794434346148786,0,Y,C
0.1730229151899651,0,0.5660594532856069,0.7003054038427825,0.5787237308423958,0,Z,B
0.29658558650400296,0,0.27870863571819615,0.6711293796366289,0.489802708291991,0,Y,E
0.21763863224652166,0,0.9129300508851437,0.869867855713421,0.6523786747399329,0,Z,B
0.04944085309018699,0,0.3080302835832244,0.14519658277535963,0.3592171991539278,1,Z,B
0.2867900515066014,0,0.06284558832385956,0.8789634925253998,0.9911928019528166,0,Y,B
0.06969316676703548,0,0.6934414987162365,0.16134570120839076,0.28998269682313327,0,Z,C
0.16591400619976548,0,0.8461802227649147,0.7682813996601793,0.29488395613817475,1,Z,D
0.22039799108957997,0,0.8444834938521005,0.35442081615479804,0.5570108363981954,0,Y,D
0.18085806033373023,0,0.5997798033385959,0.03451514158637514,0.5327731154438157,1,Y,D
0.1199737329325681,0,0.7732399488543668,0.1930824169150226,0.07494088645833419,0,X,D
0.2500456644532634,0,0.7953862109415123,0.6991578261754268,0.04470479741373734,0,Y,E
0.24155445434423284,0,0.7319492250790376,0.3803877011543544,0.9241806090038566,0,Z,D
0.10345742071288058,0,0.7994611814402398,0.2715615667568725,0.6024723411908083,0,X,B
0.11465644874175919,0,0.8463101462057216,0.14573210895800515,0.17918972888668872,1,Z,A
0.13000022422700422,0,0.40386634886247785,0.06970459989424571,0.9767924389686677,1,Y,B
0.2903061647690543,0,0.01956103958238309,0.6292348889158575,0.23754523579729825,1,Y,C
0.2964085871188577,0,0.038349515598465,0.15414290768662198,0.11053202831739262,0,Y,E
0.11867992809879317,0,0.7196277004954065,0.4731962100556948,0.9594613902788578,1,X,B
0.26956558776688755,0,0.6541829366631945,0.5828386308101663,0.9892059376034836,0,Z,D
0.17369859056204304,0,0.07222098548158873,0.7929056440477873,0.6959344713498189,1,X,A
0.19149083263990058,0,0.9711838326453645,0.7915792121817462,0.24039394073175013,1,Y,B
0.03920798674737783,0,0.40945912144630947,0.28731363830054646,0.4946980177857817,0,Y,C
0.08289363096979879,0,0.7040279753805254,0.9712927779776902,0.5472746890121217,1,Y,D
0.25025962802014595,0,0.8742286538634954,0.5758883566816265,0.8173883181952393,0,X,C
0.18985070730675777,0,0.5685858381590262,0.5369158039078687,0.27927917204250075,1,Z,C
0.2894639302803611,0,0.7933540643158686,0.5435462652467203,0.3719805826022944,0,Y,C
0.11385251201163112,0,0.5016208412186623,0.8143424643520665,0.8289585152065749,0,Y,D
0.13586399605988328,0,0.5131679215268181,0.6360178520410806,0.5581801800103376,0,X,D
0.27983839654103737,0,0.3895170062735249,0.24750110919787316,0.7153821463946974,0,Y,C
0.15089463557683583,0,0.5048173906707608,0.272168166728215,0.7410438505840081,1,Y,E
0.28750734399777855,0,0.7564670368598588,0.9317162499431928,0.999007596378146,0,Y,B
0.2820565665197993,0,0.038108251990309094,0.827718567050999,0.37340485140702995,0,X,B
0.26018120367606445,0,0.4889319557367193,0.10051197640221654,0.9731944144271122,0,X,B
0.19081747916482655,0,0.48412391053863046,0.1674413199835999,0.7544251639768379,1,X,A
0.29581363259400323,0,0.3330723779902869,0.3958692808491252,0.12290472440209221,1,Y,A
0.10372013619995962,0,0.7328522201509851,0.6420916248373549,0.9695952796517429,0,Z,E
0.007664745051993353,0,0.20307788828044115,0.3611452124082455,0.4824409816554731,1,Z,C
0.08985227637932612,0,0.7616746986306535,0.5099830530944214,0.20670427286785953,1,Y,B
0.10681567437781787,0,0.4820603907669816,0.24785987104347063,0.4456065388528193,1,X,A
0.20918056646896035,0,0.07592315070830935,0.21439008701623907,0.22821576752980177,0,Y,C
0.2394530049784976,0,0.7024372128509188,0.8414731111585104,0.24994070906569288,1,Z,C
0.10612033891215847,0,0.1434494287016591,0.8498188718994644,0.8552306404954096,1,Z,A
0.17886676186160774,0,0.9872611407214973,0.032497578828865614,0.5569870713441856,1,X,E
0.26025614765581445,0,0.2589773683150849,0.8855988534648745,0.6859467311907411,0,Y,A
0.2120866186895042,0,0.3971530551067042,0.8904738376813153,0.8267635232606068,0,Z,B
0.20243414385801997,0,0.03666709615021824,0.4154486725857296,0.27534122173886977,0,Z,E
0.2183982582724492,0,0.6977183728790037,0.40678118151500264,0.7018481246294906,0,Y,E
0.23453594717256687,0,0.37562717939657186,0.2172011401996481,0.7039699656609082,0,Y,B
0.2950963422207229,0,0.28284895458898995,0.13595794621679602,0.3415602254503224,0,X,A
0.2788305455840627,0,0.23177222377408824,0.3281713924589369,0.6874027463735966,0,Z,A
0.08965477998985892,0,0.756664771076171,0.8611759273796591,0.7534780527992745,0,Y,D
0.2473864990527939,0,0.8718476956640324,0.8375214494420077,0.5375379900981819,1,Z,C
0.11701711466364026,0,0.7876622029347436,0.2188363856789235,0.5413776096349016,1,Y,B
0.2472770395840607,0,0.9432440776447774,0.587834041557613,0.7902766040635405,1,X,C
0.11760612764959698,0,0.4537050121519186,0.6512429888481012,0.3932909913594108,0,Z,E
0.15692287259062765,0,0.7908442212307786,0.69555146053692,0.21681677927816356,1,Y,B
0.07348219156702199,0,0.8530255573707856,0.9559309281218865,0.9363003188111654,1,Y,E
0.16924171114325356,0,0.5069641701137888,0.7355387690846559,0.3444321703116294,0,Y,E
0.06698267983375193,0,0.13926587303720617,0.08253214986276869,0.5274009579595367,0,Y,D
0.08985129673409645,0,0.47289413655328427,0.018753570566124922,0.09948338297045922,1,X,C
0.0012354174649106507,0,0.8149658364920305,0.3718467114773705,0.5640046492575005,1,Y,A
0.20912204540924398,0,0.8757762566120654,0.9082889894034336,0.554698253486877,0,Z,B
0.12996451416982585,1,0.4697944939988391,0.9239900989730421,0.513723124662728,1,Z,D
0.010926421353859803,1,0.20489949757917958,0.4273565374702636,0.9801914980496852,0,X,B
0.25193520306507,1,0.41615752075387713,0.7948488629059384,0.6077817045857318,1,Y,C
0.10649268492453551,1,0.4416259865165393,0.5213684189195665,0.33794634889160946,1,X,C
0.0019461071090520511,1,0.39386766730440426,0.47062775968879733,0.9994138426878793,1,Y,A
0.10863169022294916,1,0.747274728747361,0.18313993971581932,0.9458006850645783,1,X,E
0.0003144010605826377,1,0.4729334839708593,0.9363346693186448,0.3896364751491901,1,X,C
0.04256878049388476,1,0.5347767349126141,0.18480881058828624,0.7631335483901602,1,Y,B
0.09236794349413743,1,0.797487271926582,0.326597740630168,0.14663384698616289,1,Y,E
0.15228743492757305,1,0.45904921046918357,0.613307521514294,0.3367582547624386,1,Y,C
0.07872503254256559,1,0.16948945027463902,0.3602392966345088,0.04013532413793797,0,X,B
0.034750298521256204,1,0.08692058455677276,0.41927734986550824,0.0038343589822575908,1,Y,A
0.044103881775833305,1,0.7805161170466571,0.6256195058135499,0.9113663399358749,1,Z,E
0.03734724875081362,1,0.011219645945001466,0.7503221549322664,0.25994876332681616,1,Z,C
0.0022611897621664747,1,0.3863040617095087,0.7044109634829242,0.4513434956475343,1,Y,A
0.1505599976750599,1,0.636378639916746,0.1485697924616678,0.9750438927844004,1,Z,D
0.2388946176560468,1,0.44388407980969,0.8180145209055674,0.4169882334061348,1,X,D
0.08397706106699018,1,0.17756067044726132,0.33900020325746827,0.9342546531813852,0,Z,C
0.1465721686020208,1,0.37109251990499514,0.9162344305072121,0.594653731886263,0,X,A
0.04248659629787444,1,0.36568332447407104,0.25429822457958506,0.015301777966733598,1,Z,A
0.22289877086111284,0,0.604197790067824,0.6146241216105975,0.07269335487584028,1,Y,C
0.2322086836601995,0,0.6426359854074402,0.673618415306293,0.46811780823290894,1,Z,B
0.27514068836831657,0,0.3380351708714956,0.9697115583353935,0.2954407474803522,0,X,E
0.18536975314104073,0,0.3529596986600171,0.7671934604971108,0.2826043320013173,0,X,B
0.2746433481727638,0,0.3329528197823409,0.8688067583204507,0.7406322910042568,1,Z,E
0.28030667442567425,0,0.6841088591386834,0.5896931914513845,0.9935748741089612,0,Z,C
0.07884925193039381,0,0.7052808037331784,0.429693193896333,0.24193827671631085,0,X,C
0.29520935958953787,0,0.34402659235943367,0.6162001514046238,0.02390254413823445,1,Z,A
0.15994947227750705,0,0.8460209492976708,0.23185844113266618,0.0203840037985612,0,Y,A
0.23557710894374712,0,0.47305162951936863,0.03793832999023938,0.6138943889421576,1,X,D
0.06426475193587233,0,0.4200709598790031,0.35048360349603114,0.10039939550645438,1,Y,D
0.28920078446550973,0,0.2791808950804725,0.5455936524108839,0.12076189941330695,0,Z,C
0.2904632577296346,0,0.1803056278045474,0.21295724798669025,0.06927250103380655,1,X,D
0.25809000422973,0,0.5218589421426976,0.29878714024695785,0.08616171384921278,0,X,A
0.018318381061626046,0,0.13774504261468656,0.7432450606717342,0.014277567667675295,0,Z,D
0.238854285577225,0,0.3216795633587035,0.2045252820037018,0.31643950496118145,1,Z,D
0.12127469309334381,0,0.3988829001446722,0.17862228923653167,0.9146848802607417,0,Y,B
0.0662999424379884,0,0.5759945094123926,0.03660951995567041,0.4097861967618841,1,Y,E
0.019436537278315787,0,0.015032949528591133,0.012207450407670462,0.4322393449216857,0,Y,D
0.20415280673268102,0,0.7792464300910734,0.5833205963246815,0.8912546965902061,0,Z,A
0.20989074769551247,0,0.022872485764041217,0.12595034576579112,0.5234870097547246,1,Y,C
0.05549293817223784,0,0.3595744948435079,0.7854236715207329,0.2428469374138671,0,Y,D
0.051343716892068944,0,0.9657485292457677,0.6979314012282597,0.4406526303465813,0,Y,A
0.1352338762180626,0,0.21623694927029702,0.340092488427167,0.30267835298890944,0,Y,B
0.09498617305896756,0,0.7820497191181299,0.4469651612666895,0.9336435227740838,0,X,A
0.1209704828817882,0,0.18055733768909843,0.3944822751734117,0.7131046312341072,1,Y,D
0.2966785990137001,0,0.25387418557335595,0.9795838875468295,0.28298867592438526,1,X,E
0.23192551393471422,0,0.8758353221449803,0.0012482587152293778,0.9973797850651698,1,Y,C
0.2661153578897191,0,0.9754176482850384,0.09295772057703422,0.511548440439837,0,Z,D
0.03186964976228435,0,0.12173348351021807,0.5296921638763824,0.4326920202627248,0,Y,A
0.29676032644041694,0,0.06289491908858469,0.985165649908993,0.24537231976554597,0,Z,C
0.14669594347511686,0,0.35467149619767124,0.9814007548650406,0.46002184811252744,0,Z,E
0.2678455078491139,0,0.8758051610247563,0.3786608634975571,0.790277057134202,1,Y,D
0.23161789717773146,0,0.26909303047438116,0.7766393020944429,0.8948117677261118,0,X,D
0.279526739579989,0,0.15453657374858842,0.8672194223820449,0.5850930664398937,1,Z,D
0.09779352145991829,0,0.7046282422393385,0.38837770811829897,0.991012923308042,1,X,C
0.2879330364036224,0,0.578434910506198,0.7845758704722674,0.3023367466353011,0,Y,A
0.27070993000084104,0,0.8859941312590083,0.15514799496405463,0.0473556042983444,1,Y,A
0.16471702182719558,0,0.060664110382326775,0.1082063667405706,0.1544659941658988,0,X,B
0.19766711996801256,0,0.663190186310881,0.04599822437790202,0.2469132585473296,1,X,D
0.0323058118263366,0,0.13646517464160046,0.8806601811467022,0.6238340578147588,1,Y,A
0.2566412647573229,0,0.21347827132585062,0.5690435100745243,0.4863192075697029,0,Y,E
0.25915745656530775,0,0.5155745903395096,0.2901976548213836,0.0672402449459586,0,Z,B
0.28139900685430574,0,0.20852974349434006,0.019037066332273644,0.5379626262677129,0,Z,B
0.2911705351892117,0,0.01789500804980393,0.4210853442640431,0.8781725422280996,1,Z,B
0.03262584022011608,0,0.26952674510537444,0.14446836875769842,0.003902408910161137,1,X,D
0.29514000239534516,0,0.8269428558738138,0.2866669592568989,0.8815168964735465,0,X,D
0.056196460794704695,0,0.7188802572709885,0.4785240116331372,0.04368733521327528,0,Z,B
0.29618927496429404,0,0.10112989796964789,0.5280509210220897,0.8262981547723912,0,Y,B
0.25742539919045393,0,0.4300511940706514,0.0160968421540838,0.5457137041411086,1,Z,A
0.19246568633193556,0,0.8428167510961384,0.4667192896845028,0.4001008728878811,1,X,B
0.1112569637936771,0,0.3755982118909378,0.8109048174345819,0.5249843781545506,0,Y,B
0.11449126327657667,0,0.9748429528107004,0.22270744284366029,0.3201175538800707,0,Z,C
0.24972661607299526,0,0.20188003235455088,0.19413019485470706,0.9292722684854174,1,X,B
0.23350888606134715,0,0.9107085490642294,0.46412331528933704,0.7537365134852753,1,Y,B
0.11714016159264493,0,0.9812518040770228,0.17017693698846936,0.49429284316742095,0,Z,B
0.26947023305301915,0,0.267004027426771,0.4013905154823254,0.1748514787740597,0,Z,C
0.15766628251917522,0,0.6147885197348603,0.8432560916544923,0.6016719757321676,0,Y,B
0.03485632643473763,0,0.6485402724100228,0.9566348563955102,0.5706349220744354,0,X,C
0.2882650922963097,0,0.3761960606352305,0.6085560399242217,0.8364281905991489,0,Y,B
0.2953336756934076,0,0.2075055669599617,0.6779711185180224,0.7802232514084105,0,Z,E
0.150819440262243,0,0.31434144875107384,0.8797924984806984,0.7557654089623931,1,X,C
0.2015965590639894,0,0.32013253340929826,0.5895421518089506,0.2937192059040359,1,Z,D
0.051778460142174555,0,0.587626581666729,0.5050269318030933,0.2785138304670205,0,Y,D
0.059044660119289695,0,0.570409507025033,0.2122847437837836,0.7257892803738731,1,Y,A
0.2543227805003075,0,0.9988574688558306,0.059718122223632264,0.6960569351784903,1,X,E
0.2561175574129232,0,0.3982189338873028,0.5690004851060184,0.7376941699384227,0,Z,B
0.08308436689915656,0,0.5941641518002858,0.6607026828882681,0.6332443603723494,1,Y,E
0.02889087546740774,0,0.7954964616006633,0.7727648890370767,0.02264313529539186,0,X,C
0.2138784409075181,0,0.6544745516400631,0.22827911848029414,0.19003651806493604,0,X,E
0.24708417787927806,0,0.8689889128530076,0.3852797378334072,0.4452895724343724,0,Z,B
0.16832315382866533,0,0.7124135846900026,0.896054814665916,0.9705260656742853,1,Z,B
0.1823694383227472,0,0.7053268050988021,0.3411560828959843,0.7406322677761447,0,Z,A
0.15615927397682045,0,0.0511316593444715,0.6639639821480942,0.18164063264739339,1,X,A
0.04901168188746083,0,0.1592320785177107,0.2811707395400517,0.05163423895883135,0,X,A
0.2772892602162815,0,0.9576022562127905,0.9315242352466665,0.6740355406973078,1,X,A
0.28113179621066137,0,0.9831460792814312,0.14268814024065457,0.780547420715119,0,X,E
0.06199626189364854,0,0.8494514465835807,0.27619301593042234,0.9566463339513372,0,Y,A
0.0854291328794949,0,0.966327410647811,0.2249096988785051,0.41049939265407975,1,Z,B
0.2829064297457677,0,0.9768397793969722,0.7842780758543171,0.22598102573021928,0,Z,E
0.01048224582336878,1,0.5913153898327407,0.7879782977171813,0.34786169186540805,1,X,E
0.13096250352431069,1,0.7007251529926617,0.08036857062403957,0.4135157483912627,1,Y,C
0.09727928481895048,1,0.059727153346343265,0.608592820077124,0.37449880716015016,0,X,A
0.004843541064786818,1,0.1651940701847061,0.6530918837154512,0.7320544517319456,1,Z,B
0.055892109829565724,1,0.9437627037269269,0.45406033291604486,0.5539316258254497,1,Y,B
0.039062020600865804,1,0.5364794129988344,0.4774848396305921,0.36421294145565575,0,X,D
0.010607039205933628,1,0.34338804893880415,0.5403682749102373,0.3463711658522707,1,X,D
0.10892816173702488,1,0.0968267426829853,0.3284432757472584,0.7803866607529806,1,X,A
0.007193714474297987,1,0.32445583696937685,0.6214221958087662,0.11829136632502313,1,X,C
0.002040054089579864,1,0.2292481522112252,0.6768520470383288,0.3145536191811924,1,X,E
0.04500477258443333,1,0.5951077784410747,0.46976611827354287,0.9028033495836669,0,X,B
0.15510662985875479,1,0.05020442957822335,0.2699696982504841,0.7471228241369152,1,Y,A
0.024123917035203394,1,0.7587105658866051,0.3030909577073724,0.724962559840672,1,X,C
0.19199143307978503,1,0.33443097927381893,0.019498058052900946,0.6366736411695579,1,Z,C
0.0888299576809628,1,0.3673460828527436,0.20544577258587238,0.9458507892363586,0,Y,D
0.09704478269751883,1,0.9700650489825444,0.7388735660057535,0.0829399396917554,1,Y,D
0.24449294756411516,1,0.5338318992101979,0.5867348460944866,0.2827356211444143,1,Y,E
0.03304663240586577,1,0.897080956720083,0.22620041159677784,0.07718247124047306,0,Z,A
0.000292823937844201,1,0.8446534693044507,0.419871921414127,0.5557293133828852,1,Z,A
0.13427740843308503,1,0.8937884180685891,0.17287327507362515,0.4116020048869664,0,X,B
0.2837386317878987,0,0.6946620470732461,0.6280200641220296,0.6628097460991965,0,Y,D
0.0986599867246193,0,0.39620312514217826,0.4106892393842766,0.03244527809133746,1,X,D
0.0945982934361162,0,0.2670048020231611,0.251868337621479,0.4984928141597428,1,Z,D
0.17305543639242035,0,0.20988912541865012,0.04816354203313,0.1587315074815573,1,Y,B
0.2682267250363651,0,0.40711024334718116,0.12125981683469422,0.9936318752442705,0,Z,D
0.07988047335408244,0,0.3455690359430582,0.8830112819352651,0.9477319718945446,1,Y,E
0.09037113320306553,0,0.35935885401538503,0.6176215907271481,0.26723844757942716,1,Y,D
0.111499490394773,0,0.6970685801225681,0.03360004232491964,0.8962293347832665,0,Y,D
0.005063788211204177,0,0.7342787658664464,0.8257353490539099,0.5863077692076857,0,Y,A
0.29371329380695727,0,0.5409555854759099,0.749697980837474,0.46213210523525494,0,X,C
0.22752480112534454,0,0.5882225496782886,0.5947463572242316,0.8056516023154938,1,Y,B
0.024960002073506026,0,0.9844566667381079,0.9258019262091268,0.07800385099992513,0,X,C
0.29615500335355427,0,0.5538914674515832,0.2417717734315341,0.781213731923448,1,Y,B
0.14548348656873647,0,0.3546465627857671,0.9456771193932654,0.3291408025755269,0,Z,E
0.28441650505803956,0,0.30108373119569287,0.9484074913442149,0.6013801046580816,0,Y,E
0.06043551223613248,0,0.5627217842078601,0.7259645472168753,0.83069704125597,1,X,C
0.0986205323501831,0,0.3380215866398918,0.1250699556055388,0.10180589950259322,1,X,A
0.20662814224469975,0,0.13852980229718137,0.30475374729477644,0.23704063944984133,0,Y,C
0.27571292371350103,0,0.5699574045047154,0.9721001175911509,0.44846774472047546,0,Y,B
0.14775140913611098,0,0.03303346886333014,0.5687722422347161,0.44073801491682074,0,Y,D
0.2758594301642692,0,0.6684339098864862,0.08991135930689287,0.6927979566417215,0,Y,D
0.18394621407608946,0,0.05832570826325345,0.7290053194348404,0.20557750834527921,1,Z,E
0.12058234753926045,0,0.6565675448674269,0.38471370251313597,0.6910078825438569,1,Z,C
0.23646317779025067,0,0.016024544295236254,0.031094354536004065,0.2978282696315451,0,Z,B
0.24312035824035214,0,0.9847733659302639,0.725258041408998,0.7751302400734071,0,Y,A
0.08115519072152183,0,0.6267380624671312,0.6110165315894324,0.16017286061446057,0,X,E
0.29404115693508354,0,0.5015291656291949,0.5418700497960557,0.9574205127203047,0,Z,A
0.29426399333760594,0,0.3076026356218302,0.12419345380851032,0.14288877210367723,1,Z,A
0.2526224922227281,0,0.8255785237601121,0.7872301525497163,0.2216132237327465,1,Y,B
0.01387634141714463,0,0.7275407726141356,0.6973333907715005,0.09946923960606557,0,X,A
0.0628547794316275,0,0.27315873838210136,0.4177939656603028,0.6841861053352943,1,Y,C
0.26953973023687094,0,0.8135644941409129,0.7383226221696726,0.7140745595365103,1,Z,B
0.28914615158080603,0,0.7682972472014425,0.3948790077304435,0.2707954959585125,1,Y,A
0.2903107544536666,0,0.15925175335404151,0.8205954448816606,0.3338886518679308,1,Y,D
0.29377878885825104,0,0.7417775950274975,0.6724670539907877,0.9763420470593228,1,Y,B
0.25949583064627896,0,0.8553067496838261,0.9908657417766669,0.6951575313427462,0,X,B
0.1638038621912237,0,0.5354956345486611,0.432116735288227,0.8388818949683222,0,Y,C
0.0061259852239556765,0,0.5602812265723153,0.3220409786309193,0.7788896804050687,0,X,D
0.09245919953856577,0,0.3683231632821513,0.3144284407569592,0.07158170568697153,0,X,A
0.2252636821949272,0,0.6040680868670455,0.23493908723508428,0.632309906432698,0,Y,D
0.24504156723857648,0,0.42729037712675444,0.9713613989178944,0.10065280559709544,0,X,C
0.052857868538852854,0,0.11086844716388167,0.3628143640301871,0.40306761022544557,1,Y,A
0.2947759315714438,0,0.3748429895023583,0.40671139051965977,0.17331244555861836,0,Z,A
0.2865190340033744,0,0.4510623592058699,0.26272548194550316,0.9172987857884045,0,Z,A
0.016215533195449747,0,0.30710849666682327,0.9291329402616,0.9536584594432544,0,Z,A
0.19286328329175562,0,0.40054639176204554,0.3695903960505883,0.8336810062741007,0,X,D
0.13748604068627537,0,0.7041590155392383,0.8113233965678902,0.11888934723379807,0,Z,D
0.27874672477441326,0,0.1008140584072893,0.38234954751477346,0.11578757921473093,0,Y,E
0.28227926020389904,0,0.1773046900073868,0.551096762026267,0.5938286498906089,0,X,D
0.04743521971036576,0,0.52192069646333,0.7318302824361544,0.34485163830650467,0,Z,B
0.19038934490837098,0,0.6188400400655784,0.613297059455352,0.472709335638669,1,Y,C
0.22571353505170866,0,0.40674191136512117,0.23037408984267949,0.34914496547244256,1,X,D
0.2368954610158891,0,0.5277767318227924,0.055616959709372304,0.6959216087831619,0,X,B
0.10067298857429831,0,0.8735517415543311,0.28857582657778935,0.8431262224481267,1,Y,E
0.17165232757576832,0,0.2590276649182922,0.06453503901076907,0.7606863422476775,1,X,D
0.20721020138623084,0,0.38710817556011756,0.6020258139547856,0.96594446722648,0,X,B
0.14456734305442914,0,0.21542932040274287,0.5618580913828067,0.9640711636543585,0,Y,A
0.2452034654952696,0,0.9961145369327173,0.5718854230736214,0.016962356578513194,0,X,B
0.2451157044851528,0,0.2676228309451004,0.35860715258979814,0.8053012895753826,1,Y,D
0.296051464798652,0,0.8754319761775825,0.24489049417831987,0.369726925620702,1,Z,E
0.001175156140921424,0,0.5891521392604128,0.4167639272379525,0.39678185626387463,1,Z,E
0.17694375317299638,0,0.42179959260229394,0.8636802262358648,0.8161491953786219,0,Y,E
0.29333732124147616,0,0.761836576706284,0.9791287250485669,0.17726929917752132,1,X,C
0.09640499104302339,0,0.08688198091876376,0.5965503354052978,0.2685107945583457,0,Z,E
0.29497678676108213,0,0.1508991902842065,0.31637228588874133,0.5086346276765721,0,X,E
0.05601497100321505,0,0.6576734424690809,0.16902722949080817,0.6891635713589976,1,X,B
0.29375624026346087,0,0.4318479802740437,0.47246483604692635,0.7675294172598065,0,Z,E
0.24018914011122344,0,0.7906054510584705,0.6967300756786579,0.8415340582004024,1,Y,E
0.2547953710999442,0,0.58449447221504,0.5991359116029628,0.6506600727177944,0,X,A
0.11232771045081219,0,0.3014753171579305,0.44324749193238566,0.5760104326206349,0,Z,E
0.023441843958919035,0,0.31866671234527133,0.8623544411289028,0.44904330821935734,0,X,D
0.2961349685547408,0,0.7647154680816936,0.5691218501307708,0.9880147889109988,0,Z,E
0.11749283711567265,0,0.3107417525353444,0.23607478041695407,0.6852382739793532,1,X,D
0.29673079728401475,0,0.23066502842373537,0.048973932935970965,0.6926867115536612,0,Z,C
0.2950701208431739,0,0.4593715190027974,0.10569931423172518,0.4240009428750634,1,Z,C
0.023443647902329983,0,0.2702161234324437,0.5800993401732059,0.9002953048313089,0,Y,C
0.16718765400082697,0,0.5219969162886692,0.8097899910204751,0.1970380385008652,0,X,B
0.16427267439996726,0,0.7173353913910623,0.11842119088022751,0.274578967171925,0,Y,A
0.0011806455532843657,0,0.0110567354197737,0.30827464840954766,0.4227613482363154,0,X,E
0.27610622171915017,0,0.7041419910512272,0.8351485732290171,0.43935070974290336,0,X,C
0.11516800816370232,1,0.7014516661923073,0.08375866548530397,0.8386772812541199,1,X,C
0.12812292303283826,1,0.7788607850651674,0.7627625203535418,0.4982342056388548,1,Y,E
0.21721239352705674,1,0.516912086481072,0.714633136639284,0.48846594188382586,1,Y,B
0.015224056802802666,1,0.12608429871776794,0.7009949056028053,0.25485477586006644,1,Z,B
0.12021995172275284,1,0.9889844078353619,0.4322819774366884,0.8494413933046184,0,X,C
0.26428459643380536,1,0.48328997771660975,0.668462399784328,0.5412827351683496,1,Y,E
0.0797742422214409,1,0.7878513298387153,0.3150838190871039,0.005757406234106255,1,Z,D
0.18818717762643974,1,0.8257897010364662,0.890528094505295,0.8306253080611976,1,Z,C
0.2585301336488901,1,0.9162242390853564,0.9595243279794737,0.8296291031049111,1,Z,E
0.14308382308051898,1,0.21820471209800218,0.5565227520133726,0.43549757449561743,0,Z,C
0.12268779459545295,1,0.4988936548767925,0.8369032420234156,0.3175846431293653,1,Z,C
0.0681196561264493,1,0.4353834730760663,0.7140661004521263,0.17319143307096785,1,Z,E
0.06787336992026326,1,0.9299956216377104,0.20868623922949592,0.10418613807098298,0,Z,D
0.10660448313791152,1,0.12065783508075645,0.8538981890621544,0.6375213088639046,0,Z,C
0.07245805637503154,1,0.9911356076114954,0.000869213454739004,0.5487911062569548,0,Z,E
0.2672629711474019,1,0.29455240885308986,0.9635802910857199,0.029901744193027602,0,X,A
0.05359111216667009,1,0.2072965151865045,0.9496220515822551,0.9135908659788727,0,Z,A
0.032413172639367056,1,0.5850489402186534,0.84990524799603,0.5758899038653921,1,X,A
0.20460408540751668,1,0.3690173303355082,0.1920941407889949,0.14821951245629805,0,X,B
0.0477249002480352,1,0.11693827193952078,0.6907566032521252,0.7754167478332732,0,Z,B
0.2834310795667905,0,0.8745140779202272,0.9819505245435088,0.9934813010192813,0,Z,C
0.29651064206615607,0,0.7994164422529636,0.5714532223031138,0.9992554931546643,0,Z,D
0.28301673339260003,0,0.3511378375369256,0.08137930041279973,0.32574853092509204,1,Z,E
0.27763147216137224,0,0.09767572128527935,0.4447187024167665,0.26900245250769295,0,Z,D
0.21913468788589646,0,0.29677906264505227,0.20331309875645154,0.19596537972674988,1,X,C
0.19232669625748178,0,0.0051189308663252,0.277084322300409,0.1213732904442576,0,Y,D
0.2541342793327594,0,0.5745679177067844,0.8123872701441944,0.7829358741372578,0,Z,C
0.19838130453751424,0,0.9283508895478604,0.09822241560598566,0.2195829013882623,0,X,A
0.23409269264105234,0,0.42317424262189784,0.31531432866296116,0.07406500148312833,1,X,B
0.24496578735829344,0,0.4150420883403283,0.16814510190344034,0.08614568256812605,0,Y,E
0.18191786022576684,0,0.5038655788914622,0.43149867701148403,0.3099930539811957,0,Z,E
0.29678631039353515,0,0.7456795526750075,0.689384758729647,0.5916795132238326,0,Z,D
0.21617422932639013,0,0.49424596540620513,0.7027597517944686,0.3751713658933242,0,X,D
0.12905194395544003,0,0.3444721175195127,0.3310721409076606,0.17198589626303507,0,X,E
0.1096324409926233,0,0.7293967016506505,0.4085998706690863,0.06388494488873409,0,Y,A
0.290048846071524,0,0.5466254470793149,0.00581204775335864,0.5465420880620417,1,Y,C
0.16269240153007902,0,0.2707952586708041,0.9442834501570984,0.1053015011498043,0,X,A
0.2937332571590698,0,0.26551246677536544,0.36956715617226055,0.05543900642746613,0,X,D
0.26699029406217384,0,0.7011626710291118,0.20065150624646333,0.3427239528453697,1,Z,D
0.22151620390775886,0,0.6783215758957701,0.7926115325473674,0.6776240158088246,0,Y,E
0.2706128667188315,0,0.5222380829022025,0.7056995159566958,0.28368285792974646,1,Y,A
0.2505821793728731,0,0.12343942947949216,0.7562824787430946,0.5377914289317496,0,Z,A
0.29396298149293926,0,0.2882654472498646,0.5199087369511874,0.36438889997519663,1,X,D
0.18316656418631994,0,0.3403994737867906,0.5557407226460143,0.9589937447927116,1,Z,C
0.024848941496899105,0,0.34605612382836737,0.12874605462139632,0.9361073843548031,1,Y,D
0.2533945573909291,0,0.779763268399779,0.07917941324374322,0.9605437726605571,1,Y,B
0.292728439001472,0,0.1318042704699347,0.9805932134096906,0.8883530048428179,1,X,A
0.21001072110939653,0,0.4029983492091992,0.7593981730199432,0.9982661789814501,0,X,E
0.2794716384002027,0,0.3748034377989654,0.9327815418782062,0.7365580592436495,0,Z,A
0.2626881401012033,0,0.2370185672490579,0.8575540660799699,0.15057567803477634,0,Y,D
0.2782718165460009,0,0.07210430026067904,0.2670116259423605,0.3196370728607464,1,Y,C
0.25621613001752497,0,0.15626426768325274,0.2852181598176333,0.357808035474967,1,Y,C
0.2816522208403166,0,0.940636298854952,0.7649529487289971,0.6865952853526209,0,Z,D
0.1932740644374993,0,0.772030072310644,0.67887745566037,0.06109314846230318,0,X,B
0.21897789540661697,0,0.5190933555196624,0.8352953702076167,0.9629413892309525,0,Y,A
0.27405771525288286,0,0.8052453385328303,0.5387990911277899,0.8834300939180186,1,Z,C
0.22739241185701042,0,0.7856155136047652,0.5041492192518195,0.10696674186174038,0,Z,B
0.1314790198187339,0,0.6306745633283194,0.058064065442773316,0.9738541145191492,0,X,A
0.25963703292633783,0,0.19156036915176278,0.30848417045472487,0.3016242309080308,0,X,A
0.27629606931976447,0,0.912033933409419,0.5553811939431209,0.9530127814174354,1,Z,D
0.08487871971844878,0,0.2763272764104908,0.3327581737544266,0.9438940955809266,0,X,C
0.10942863549562973,0,0.35597542040708474,0.43293811229345924,0.5298580756323237,1,Z,C
0.2701029598797165,0,0.8674129968964801,0.2749115890710979,0.03737026183937786,0,X,C
0.018041842718316502,0,0.8470968471341737,0.17035368070221069,0.03916615549442193,1,Z,D
0.27031029150768254,0,0.5992608616341127,0.20746922856750372,0.06602443323665852,0,X,D
0.2964913198948874,0,0.5242379923484006,0.6233731446612425,0.9034131090389538,0,X,D
0.018423912238719163,0,0.23291800439310073,0.20831582700990103,0.9622616204662554,0,Z,A
0.21946739912726668,0,0.4980537129900168,0.7604334695380656,0.23659091932794052,1,X,B
0.24509302320939888,0,0.26626165807947755,0.42527677653902596,0.8647800446126602,1,X,A
0.06456443952028136,0,0.9208327300019676,0.8312269963955758,0.33624084156392997,0,Y,A
0.2265428157445781,0,0.30228767168491566,0.6840272588347458,0.1337710919931857,1,X,C
0.19624036173727205,0,0.781552290065425,0.6615296705759551,0.9349598097121686,0,X,D
0.23971639316716123,0,0.41574487673983274,0.8382065548794836,0.5522197791480028,0,Z,E
0.17802497760459043,0,0.8680897752945964,0.6999414309652879,0.47563440801843304,1,X,C
0.2910920729895684,0,0.16551860542980212,0.6583049609388055,0.37794186260271534,0,X,C
0.24660724915145277,0,0.39996265520169505,0.6628373371558758,0.5456037004272212,1,Y,E
0.28098790552072933,0,0.11170237478945044,0.6076826098849734,0.8294339394460969,0,Y,E
0.21129942894609102,0,0.9968829097535515,0.05405812971450086,0.18125379004779774,1,Y,D
0.12420687539794455,0,0.018073208829172183,0.8403921057695961,0.6950442540210285,1,X,E
0.14523365479248676,0,0.8633932227205493,0.789646030123914,0.006873454062062079,0,X,E
0.2055315605154002,0,0.571262153776991,0.021925120466996795,0.178912694398063,0,Z,D
0.251062245484251,0,0.7618966332650826,0.7618638274297478,0.02552492557358743,0,Y,B
0.08650300256537814,0,0.42383994357198174,0.8440592901740744,0.7381456684285745,1,Y,C
0.0728556533928899,0,0.7407796467522754,0.5347427549841972,0.5362273736586941,0,Z,B
0.2209985028911007,0,0.14030745411345769,0.5943729207109845,0.23249342710383614,0,Z,D
0.2735971873491385,0,0.9508701516074716,0.15775112421041215,0.8340525609558268,1,X,D
0.06828725479760843,0,0.8618692815676092,0.15580736136295792,0.6761356218197043,0,Z,D
0.2695589031424787,0,0.9848717648975426,0.8203363542543588,0.6586806021713636,0,X,A
0.2675721346994092,0,0.9722521577484813,0.563501221496491,0.9271729073406781,0,Y,E
0.2703958373457649,0,0.763151432910095,0.6997110244073104,0.8050677143262646,0,Z,D
0.023902344272167662,0,0.6700407785243656,0.25421991010396405,0.028022032390999985,0,Y,D
0.22564429648026205,0,0.7846376486490333,0.19833882951019444,0.5762685053544383,0,X,C
0.27423742397349365,0,0.7271456978143637,0.009968654470190685,0.19593011725276333,0,X,E
0.2553398780463564,0,0.2757252232961228,0.24039585652060314,0.2833456169065067,0,Z,B
0.01559944244905484,0,0.8422391214756868,0.3292595649773957,0.8176634610502973,1,X,B
0.05156624557166648,0,0.7952882807941657,0.7381873718958181,0.8259410621338051,0,Y,C
0.08580460838369208,0,0.06473942819073442,0.33875106110182096,0.9619884710739416,1,Z,B
0.05795610248619001,0,0.9839931526957211,0.21270241644274746,0.7690553988674539,0,X,A
0.27791451755623986,0,0.7665305242291037,0.9404438145930742,0.9955865997260074,0,X,C
0.18613983954448446,0,0.9322857364330839,0.3193866680137457,0.7670737925544229,0,Z,E
0.056079128543706336,1,0.09794987171612002,0.6186184561641178,0.9790397248277583,1,Y,D
0.06716022366939707,1,0.7662203102498394,0.9206445819010874,0.8594914034573478,1,Y,C
0.24536944963241297,1,0.3110529527748852,0.9033386719775028,0.12479813601010237,0,Y,E
0.2546910636178789,1,0.2201649355334928,0.6102590763866447,0.49544640553204966,0,Y,D
0.24173128592266105,1,0.9996689062628871,0.7449157251096983,0.1258500764597853,1,Z,C
0.15077944800226128,1,0.5450371891089153,0.2045148661075813,0.2603722257699759,0,Y,B
0.0075128690237463765,1,0.11292133504880097,0.6671593134448375,0.3030350610969266,1,Y,E
0.04923284044194922,1,0.3187565137591811,0.67130562514045,0.04758158235256116,1,Z,D
0.013589197604762923,1,0.4337026718666337,0.6834164488871776,0.7900714840451565,1,Y,A
0.2219085303060974,1,0.1501543007174998,0.40671638647893316,0.17697645171899357,1,X,C
0.025192521097305923,1,0.9785026374683972,0.959755299364447,0.582977576709916,1,Y,E
0.16489672579060838,1,0.5556479005487582,0.30927847827356114,0.3439654276847345,1,Y,D
0.14505767468918943,1,0.15496774828699378,0.007438204164762041,0.6065977796070393,1,Z,C
0.025756486058164108,1,0.8726188963947681,0.19299576055660905,0.5345236083966165,1,Y,A
0.20182376776458372,1,0.5734135527540243,0.21789813298034033,0.14632437084808503,0,X,D
0.023803085111157616,1,0.9500583794817196,0.8898838910624771,0.30017247572234274,1,X,A
0.25848333801825507,1,0.4495344558554063,0.014813971389546765,0.1850127098484261,1,Y,B
0.10176690693952097,1,0.5469074666963126,0.9051507937634822,0.20132294164796782,1,X,A
0.13532394832422484,1,0.9175014794694853,0.5067305834013015,0.41709614407470463,1,Z,E
0.09012213781168842,1,0.3826609343057191,0.7561960208614474,0.6698208745338686,1,Z,C
0.26998601620173324,0,0.14160374282244315,0.4595271425777153,0.06762111777520985,0,Y,A
0.06294270101725369,0,0.7399689770383212,0.7983709724901399,0.34856906172643076,1,X,D
0.11163023214968211,0,0.07751035318860022,0.5395367060382354,0.8717127231040183,0,Y,A
0.13291451270875473,0,0.5373713094253285,0.05533611352176582,0.44662033564662473,1,Y,B
0.29293689264417677,0,0.8950118779223515,0.08417769637035621,0.40188707773217647,1,Z,A
0.02111102303092455,0,0.5051010509443035,0.8853246186642774,0.2248338845111294,1,X,C
0.11834235841222057,0,0.5169312385685227,0.959100696719855,0.7717289679509117,0,X,E
0.02092733269401162,0,0.4518700525821544,0.6946680793124744,0.9684887809629105,0,Z,B
0.1772310857963305,0,0.7152920462255555,0.32627746748168207,0.1893182435924483,1,X,E
0.26256424356841457,0,0.9954053083749945,0.900793627859482,0.24337151771635046,0,X,B
0.1407409142427153,0,0.7370179805840436,0.35922692999448846,0.6422124438183211,0,Z,A
0.12622512668538782,0,0.3541553195900161,0.3708154611437062,0.1365636407511307,1,Y,A
0.05282122155103165,0,0.7522574246963885,0.36721382525240154,0.6846822372894426,0,X,B
0.2950007095617113,0,0.797911218314324,0.26819664393667086,0.08527111721310598,1,X,E
0.27938560728475526,0,0.4745933928912731,0.5134281399792106,0.29040971172867525,1,Y,C
0.19716681638038666,0,0.3732171685936979,0.0220187673886153,0.13750865637165177,1,Z,C
0.20084649214204978,0,0.437976666965757,0.317009941092794,0.512589547111338,0,X,E
0.26237886403997424,0,0.8189612483160056,0.7291506019070886,0.28712760520235703,0,Y,A
0.29393595285786833,0,0.15826888755588076,0.41326611053289275,0.08718478466444235,0,X,E
0.13137610484986598,0,0.6248710860354179,0.010915716712694423,0.5693810267545765,0,Y,A
0.294173157727043,0,0.3655404458293644,0.9794266057959241,0.9793357639779617,1,X,C
0.0936480106060925,0,0.1657392024572556,0.19364849121096894,0.8873038182616191,1,X,C
0.24159323006087946,0,0.9245088194103874,0.167363483427714,0.45547541195138885,1,X,E
0.21093156469364757,0,0.08672487620387359,0.5878239801030495,0.1620720105728024,1,Z,D
0.11544387814270796,0,0.6645443890944148,0.5515979132936011,0.8201924982412818,0,Z,B
0.184725876710283,0,0.692686955196031,0.42512405825612387,0.8356223493090588,0,X,C
0.28424791490240325,0,0.87272789668101,0.8742347195903427,0.8235096734858309,0,Y,A
0.18640297841889422,0,0.11252237502026763,0.4957482410716323,0.21166928200346546,1,Y,E
0.048766849272045255,0,0.9564233592062761,0.9895415481696315,0.7714960474921959,0,Z,E
0.17361431569199928,0,0.6641187801056,0.9126203002787334,0.8190229024610831,0,X,E
0.03326483576183787,0,0.7334039127993909,0.8212794207373694,0.5114179932677577,0,Z,D
0.08762353759560895,0,0.01632813903818886,0.49416587489009256,0.6123727853587433,1,X,B
0.2520193576399577,0,0.5661736404149355,0.8716041368429356,0.919248158388093,1,X,A
0.1629531680023183,0,0.44775615204412933,0.8265744069320363,0.4401322534623576,1,Y,D
0.00849423933007302,0,0.6713416855459255,0.8655495519099546,0.20138210096833642,0,X,B
0.2966973585987183,0,0.7248585661129938,0.454147624540422,0.4079111467322203,0,Y,E
0.28723945015553803,0,0.6045296693039227,0.023234844136743815,0.050293510818535725,1,X,D
0.29652707610038964,0,0.7148394432413868,0.0458273734390805,0.6753185725073516,1,Z,D
0.24627275140309982,0,0.61200067704461,0.2721024956691285,0.4591173389965081,1,Y,B
0.05255656728525218,0,0.9206574842371568,0.6885972796524013,0.3836780383233639,1,X,A
0.11875210020270395,0,0.8895732671610789,0.5549953009036716,0.5036769114297407,0,X,C
0.2908576688507084,0,0.360896406727619,0.7530694785330405,0.907938505275634,0,X,D
0.02488824589319875,0,0.6156551286644509,0.7978126392942273,0.8909458413989934,1,Z,B
0.21608058225987214,0,0.7630050368414698,0.6318250735093086,0.03729768813511014,1,X,D
0.07579475169306549,0,0.027887326777234378,0.011686459167067453,0.6395892795307853,0,Z,B
0.287733474968812,0,0.07030825584705047,0.6929975620476636,0.9593316022968347,0,X,D
0.22715880551401404,0,0.027731936352362818,0.35647954498645795,0.10536045684460515,1,X,E
0.18327172315136753,0,0.39849227190548797,0.3365230101554918,0.9001374361644819,1,X,E
0.11627183333717504,0,0.42292668910630704,0.24345789198533418,0.07120124097258429,1,Z,C
0.07036793564213499,0,0.4385998415404425,0.723855542661772,0.02874563375175132,1,X,A
0.25531568511308494,0,0.7104937056163406,0.1530767718599565,0.19955444816162016,1,Z,E
0.28518868999389,0,0.5827692796333144,0.5712342686092365,0.7732833657086838,0,X,E
0.29510027398511673,0,0.4093892829394433,0.5663538459067734,0.9660842155610808,1,X,C
0.009057859375347246,0,0.655120577819939,0.23961129923560776,0.025844670268829528,1,Y,C
0.10794757982369538,0,0.2972430091794499,0.53000398228996,0.8525671555630971,0,Y,A
0.06707380480556092,0,0.8784183575520583,0.9664868027288479,0.37371522519651224,1,Y,B
0.21215970490449854,0,0.5760901352231854,0.013477890704354456,0.9775838229992089,0,X,B
0.20457690845669882,0,0.541590265763837,0.8251103935530154,0.6618464822349186,0,Y,C
0.05738884671456587,0,0.01688782655880594,0.20198331378601286,0.19501640309003532,0,Y,B
0.226666543770939,0,0.7612622866238172,0.6765172170388505,0.9114995090544498,1,Y,A
0.2967576240521405,0,0.7221448874604688,0.18902489504259268,0.03588094054645641,0,Z,E
0.00964541397894408,0,0.07484082138975556,0.306957212776812,0.6943698004108656,0,X,E
0.287079831075746,0,0.6289906474444903,0.9396272749466835,0.9508302310251999,0,Z,B
0.25094194021576566,0,0.31961373929413195,0.03620873675894143,0.1575594456081174,0,X,C
0.2893748716631151,0,0.9639618194732753,0.7576025424049949,0.9312191369654008,1,Y,D
0.10665973518342876,0,0.853195232810332,0.42320035777526177,0.15226085936816947,0,X,B
0.09183302621313132,0,0.48573732418646354,0.9719613900091185,0.024348587296467383,0,Y,E
0.2481328998060508,0,0.5592360088726155,0.7719864613590477,0.1191507523547568,1,Y,E
0.29358165729177255,0,0.30342755255317944,0.9604368295587177,0.8113997177206178,0,Y,D
0.19111009831638753,0,0.5281307132335159,0.7117211481663887,0.42067320311189893,0,Z,C
0.0037592738909280237,0,0.45065083741723233,0.7775643586624656,0.19192524086373586,1,X,A
0.2903501838443848,0,0.5686065925292743,0.34921271153490674,0.1394329304142976,1,X,E
0.29593813343831826,0,0.5013473623507615,0.6085442468450537,0.9164060421329567,0,Y,A
0.12806851525240176,0,0.3927147961813564,0.6178834021099713,0.20700783762484787,1,X,C
0.20431547425706728,0,0.595173019000539,0.4056780636848515,0.7843351445603172,1,Y,B
0.14530765151313255,0,0.22601788391276145,0.6434359440302383,0.31135417042324165,1,Y,A
0.003936679683176288,0,0.5538500187643105,0.622963690036953,0.7546833912998525,1,Y,E
0.07261654458368089,0,0.12278573653385483,0.8284855853899403,0.3378112437325672,1,Y,B
0.21480158782359973,0,0.619974732131243,0.27852909197028075,0.624717779938164,0,Z,E
0.18316435318460383,0,0.7271199153101435,0.5805409496386298,0.3208347758871457,0,Y,E
0.12102042081708618,1,0.07325266234147476,0.3191838550019216,0.6510097543544316,1,X,A
0.058598483502174434,1,0.8679263108349136,0.9502397682590374,0.047664391201019285,0,X,B
0.1312800946018228,1,0.586295936255788,0.2630839727303472,0.9314788021670559,1,Z,D
0.0924485156740708,1,0.7882547165004242,0.0713798100191958,0.9131832681372574,0,X,C
0.07272640703411933,1,0.1862438684589186,0.6440096570009528,0.09915489429309754,0,X,D
0.17078797972498305,1,0.2641243498733604,0.03612531557636267,0.8292042666630745,1,Y,D
0.24779199640919078,1,0.9702381498989969,0.3631459482458389,0.374276857185153,1,Z,B
0.02612779479039673,1,0.7478059266769524,0.3383433900438506,0.8058322909328182,0,Y,E
0.2683108245744802,1,0.037775079980627124,0.3997602712035594,0.1043018496355268,0,X,B
0.009296888673372502,1,0.7110990739000665,0.36161257804411784,0.7315833413880394,0,X,D
0.2170686003014143,1,0.024688934217572678,0.006280402419026165,0.7586380202024832,1,X,E
0.0020626603771828674,1,0.5486500199913767,0.41866008031749236,0.011307465193579502,1,Y,A
0.07454771045612245,1,0.23794823658412223,0.6485833671231083,0.1466082076814672,0,Z,B
0.2563122423135397,1,0.6728023308531388,0.09400840546508094,0.2562374094365255,0,Y,A
0.07144263773024638,1,0.27455935886476834,0.2067849031362824,0.2391514429931253,1,Z,C
0.04744181577643078,1,0.6347166826575408,0.7072814154699772,0.04531935884741556,1,Y,A
0.21467559798422559,1,0.20117141231915547,0.9946346311828195,0.11442306192088691,1,X,E
0.15689618585228204,1,0.32017972923940285,0.7455188357135346,0.1957441533471006,0,Y,A
0.03791572251007633,1,0.3322396119748706,0.9336443415578876,0.005064760833407678,1,Y,A
0.046649805744424185,1,0.49167832284721347,0.015892706266473766,0.9625586908208391,0,X,A
0.15192094500455813,0,0.3886387966546754,0.500469759392505,0.9309868912648579,1,X,C
0.12208271753779716,0,0.040096435561046806,0.21141304131777794,0.393634036803305,0,Y,E
0.16307776622836267,0,0.21158956725276823,0.9582063201965011,0.8657728973837064,0,X,E
0.24991843247396067,0,0.9278897630150384,0.34757871114215866,0.29820172745239926,1,Z,A
0.10709433244194684,0,0.01472978593728802,0.6089054196880496,0.9524636213288952,1,Y,A
0.056419090108043086,0,0.30161575709877964,0.5713930858275625,0.858329769319633,1,Z,A
0.16127611051639415,0,0.5250090413481096,0.10160319172546117,0.8783298322808932,1,Z,B
0.23752825558707558,0,0.9652127958037484,0.9829735958475212,0.41685133690250664,1,X,E
0.06981164189029226,0,0.5405772262557449,0.3432107634757594,0.2577954102948047,1,X,C
0.2963245170526497,0,0.0716388218809445,0.6627688984808924,0.08835037559791004,0,Z,A
0.28479883451611143,0,0.15395925867186533,0.5448386567934959,0.49605780318820536,0,X,B
0.29512822905618785,0,0.8259552805806509,0.2603527680594272,0.6034958437004598,0,Y,B
0.295379260243479,0,0.5776573716946819,0.5850112439531071,0.7692159968071057,1,Z,B
0.19461673356392006,0,0.5121005600568291,0.5964716181650678,0.06229757666228153,1,Z,B
0.16240825062050318,0,0.36871556351212686,0.3483734488454535,0.9442859117848982,0,Y,D
0.07325110459256463,0,0.5621649933478472,0.4708105977733331,0.4053554709875703,0,Y,B
0.2964221086646981,0,0.07236708780305001,0.905334150387127,0.5612013612817796,0,Y,A
0.054738426873907405,0,0.35465574084693174,0.7351292295129713,0.39221230339416213,0,Y,A
0.29605913799570727,0,0.35952366576434214,0.3949573113959213,0.7680698358623073,0,Y,C
0.25230256696588826,0,0.6276849976327843,0.07709314545275292,0.4510461969426405,0,Z,A
0.27710889740540784,0,0.39943370685526147,0.5249791949331127,0.6499855569574684,1,Y,D
0.025786182571225977,0,0.5426279074188215,0.30243170703789446,0.6056610146273356,1,Y,E
0.14962742922897476,0,0.26206777625827304,0.15961408088656814,0.9309061238298657,0,Z,B
0.03230138196503285,0,0.5781489975452545,0.29455836275646985,0.5388766260654116,1,Z,A
0.06810434907895149,0,0.6524712440497035,0.6305510612435101,0.43937948218815503,0,X,E
0.10587997067628384,0,0.2888902262136914,0.10996876712083459,0.38135481311407826,0,Y,C
0.23396789568688356,0,0.5790454460886544,0.9426139743118542,0.12219033062617768,1,X,C
0.28718668238225475,0,0.953732414350254,0.4005153114429253,0.547851811282135,1,Z,A
0.02820908757768993,0,0.9584467751820159,0.945665951499474,0.4216434722797856,1,Z,E
0.24436215012625725,0,0.5456731310496945,0.27836189270318445,0.7331734624391347,0,Y,D
0.29678409503081077,0,0.9256985154931683,0.4515289329629101,0.15572069990997972,1,Z,A
0.25782357059699534,0,0.46512235652535905,0.07892682252734451,0.5001840372021608,1,Z,B
0.2821263109912477,0,0.2902942478774114,0.4600376351368821,0.6723297783093659,0,X,C
0.19286411534724143,0,0.8600661179090923,0.6186098042313503,0.7261320761119262,1,Z,A
0.19186257352246877,0,0.7411490010636619,0.08742873871089585,0.4849062978243883,1,Y,E
0.20784065193744483,0,0.819517743053202,0.24202896176754962,0.894853472632399,1,Y,A
0.29541896173455773,0,0.7070146854956372,0.6451246950714554,0.6354510155476095,1,Y,D
0.2938259805105808,0,0.6264323567630811,0.3957677932441124,0.5432606803109226,0,Z,C
0.2057216124580462,0,0.6357793320007163,0.9484799019529441,0.14502407049469979,0,Z,C
0.0595137605738798,0,0.4530680439503122,0.5574962284182561,0.31103635327557055,1,Y,A
0.2823930092747375,0,0.23583726819193085,0.5965343957057443,0.5987695390645529,1,Y,C
0.28675806317928976,0,0.5416077825801965,0.6849835833336823,0.6064112349383723,0,X,A
0.19212168191892734,0,0.36427545878904644,0.1962317593711237,0.4212239083605901,1,Y,D
0.12614434042434053,0,0.23039623033361378,0.016822718890934896,0.9212083718614802,0,X,B
0.28152110737528596,0,0.17463355039815676,0.8826315202378593,0.46187045575737906,0,X,A
0.01010374432123059,0,0.5518345336185835,0.531536727113128,0.755459807552892,0,Y,D
0.13354145791562186,0,0.9009625461335828,0.9719726764417884,0.39812963540439616,0,Y,D
0.2967630606349466,0,0.5741648449805854,0.019504867720636532,0.06669244621665782,0,Z,A
0.28093173393068804,0,0.7017845092926599,0.15189575617976903,0.026975218640336363,0,X,C
0.18579741880952208,0,0.37273578887016234,0.8610931001271586,0.012239843029498876,1,Z,B
0.2450910039270594,0,0.7542330756605852,0.49576850001018247,0.9490827260601484,0,Y,C
0.0010105062876162453,0,0.6664203633615944,0.7538174618871708,0.37249684411174266,1,X,A
0.26783313886022053,0,0.34570911035991425,0.44201002307675363,0.6388162874246952,1,Z,A
0.29245083914734876,0,0.28650981296552314,0.035921985026865944,0.3453339878976015,1,X,B
0.10328790753738261,0,0.9321819473986256,0.9272586430945221,0.9063589079481768,1,X,C
0.2579106388746226,0,0.2047379012088597,0.06952921817477353,0.2035514340503617,0,X,C
0.2660491328640803,0,0.0744647348754881,0.9825480334997203,0.578688707950549,0,X,A
0.07504197399160903,0,0.9148024675470742,0.8812058712906837,0.21647609993804862,0,Y,E
0.14598123585846182,0,0.7199588032160797,0.664930479198909,0.9442555517812516,1,X,C
0.08840218946743672,0,0.9418948438064484,0.9160972596397543,0.989492117558094,1,X,A
0.2963849376748822,0,0.3351894878404862,0.365937726233706,0.05515884788384129,1,Y,B
0.018019452436337898,0,0.3418589168279347,0.5612837456200604,0.3800265001897315,0,X,B
0.17489536106208511,0,0.0191304751421969,0.15981663765854648,0.2851998942392422,1,X,D
0.07784437600781255,0,0.9999406243405703,0.5841028736106434,0.4473327659722178,0,X,D
0.24756486504681105,0,0.07378354020412303,0.5170535075408441,0.7011918984590825,1,Y,D
0.23035101356822665,0,0.7529129675058429,0.4602573632130752,0.7924712736149346,1,Z,E
0.1145151777880533,0,0.898225231072856,0.4111506112623511,0.6744671336183792,1,X,C
0.2800549419443257,0,0.5286630302163153,0.20779295893708483,0.00480136735808967,1,Y,C
0.29476261727004394,0,0.669321572470237,0.3333675537385413,0.8834377691471148,0,Y,B
0.16359262812444367,0,0.0505566999753958,0.008345199001252301,0.24478425368762213,1,Z,B
0.1483723700447599,0,0.19778998063942566,0.7039040601898093,0.09910777827193418,0,X,D
0.24972090426485935,0,0.43301786722511126,0.1021235825742115,0.16833317444182805,0,Y,E
0.03367011102674756,0,0.6205157640692979,0.32986282942166945,0.016254186681441296,1,Z,A
0.05725691975495523,0,0.5260209675911692,0.35215474108854616,0.27650390115684065,0,X,E
0.07840740585201206,0,0.010562981310773933,0.8327054457845767,0.4703314247454896,0,X,A
0.04697940957412793,0,0.009886062893879388,0.39480941268495395,0.7787963733578126,1,Y,A
0.12769640841492583,0,0.35261911829642634,0.10752735862885776,0.39359570153067913,1,X,B
0.19682173132410088,0,0.5491864817179903,0.7807816706744497,0.3895167582480722,1,Z,C
0.29676303679160865,0,0.2665732741396615,0.6506574195570136,0.6990593739368295,0,X,E
0.2886754500479457,0,0.08471474156752956,0.43143517090091177,0.7855426458652226,1,Y,A
0.017158478993013534,1,0.22495668742349317,0.48053154338258397,0.849592404895439,0,Z,B
0.17623042420309235,1,0.18828616772735185,0.7967046445614965,0.5900935720038032,0,Z,E
0.004236951304851699,1,0.3486469807572635,0.3437915501211476,0.8088924998366497,0,X,A
0.2290144333779018,1,0.8557504280095924,0.9629765480032171,0.4102159084483804,0,Y,B
0.07636771575710323,1,0.3888795720292547,0.27961361545026,0.8017794494335487,1,Z,C
0.23584365640550248,1,0.8704312562342803,0.33244554883399935,0.4859441652705162,0,Y,A
0.23491863918693523,1,0.3997378124750305,0.2873269002162142,0.6053407123262158,1,Y,A
0.03901695497453107,1,0.10868352671934345,0.8257411815969082,0.35318504889717606,1,Y,D
0.02751900907352503,1,0.5989935670678449,0.8689597938981328,0.3054574967479019,1,Y,A
0.014629000393004606,1,0.6458493351299115,0.2843668560889936,0.5997303185457789,1,X,A
0.14679292178159764,1,0.09513884222706626,0.6359848671754683,0.8677772589482352,1,Z,B
0.06087376794678543,1,0.040668369573714,0.05997436910107923,0.9878832113994219,1,X,B
0.057456294799708985,1,0.13820033940742737,0.9806764904551978,0.38082780477177347,0,X,D
0.036508338764305245,1,0.12388347635004648,0.6841931889106987,0.3253983993091294,1,X,E
0.04925376104971883,1,0.4929443691470301,0.46898288244308806,0.1434423639676503,1,Y,B
0.0551711106030537,1,0.9582614918545505,0.29177012563013816,0.025157949261921386,0,Z,E
0.18110293365851482,1,0.43509361947082137,0.12808099998803013,0.04974292895297949,1,X,B
0.27371311514652474,1,0.23659850563376006,0.469345921184368,0.24142828889314571,0,Y,C
0.18436725131304207,1,0.2757975418039237,0.02215821188364342,0.7592002779440991,1,X,C
0.012701123464183912,1,0.5408967518833077,0.17342798723370068,0.9538612990069828,0,Y,D
0.17603738669126512,0,0.9583036541197483,0.9932188558032193,0.36126199872884024,1,Z,B
0.2704679637750309,0,0.5330823275003227,0.22400843254616742,0.5919426261021149,0,Y,D
0.2102408897595602,0,0.6018750195695516,0.5396921950809742,0.3442266956350065,0,Z,D
0.08719862860320153,0,0.2785984810030776,0.8274491726432727,0.9398635286714333,0,Z,C
0.014784678857065406,0,0.041618410903607406,0.44747694827230433,0.22918789859094435,0,X,D
0.296177587700624,0,0.2531212706824625,0.36952565868528564,0.10870395725663262,0,Y,D
0.13600310813895827,0,0.3815107723355453,0.4583411668267664,0.5284814521407994,1,X,E
0.10441338368293292,0,0.8741025045015588,0.9938912128695025,0.29910033838082684,0,X,E
0.23321235813191651,0,0.32070638518781147,0.509868431568991,0.3019564009912682,0,Z,A
0.2610070045843136,0,0.6253696077094147,0.7327374620869067,0.9897651684627252,1,Y,D
0.19683279189962977,0,0.05918869528456938,0.30889893562756576,0.9702474473255321,1,Y,E
0.2924594675032016,0,0.37635724156262496,0.6535298209474033,0.7832933077183617,1,Y,E
0.11775880687902475,0,0.1147990065600425,0.02082692525152341,0.9596153852310777,1,Z,E
0.20463085498697778,0,0.446897644253736,0.9155609441580667,0.7490716098824063,1,Y,A
0.24376759621238744,0,0.3051669280896593,0.14069812991919217,0.6556438626708078,1,Z,E
0.2898023825781181,0,0.8338768221250031,0.14699987725941932,0.8966086183945657,0,X,C
0.06853728610463411,0,0.6636601907208682,0.1761596587643144,0.35566037111840465,0,Z,C
0.23565903156235618,0,0.3081906810618027,0.9357938585812055,0.8388415447514905,0,Z,C
0.03776200771487923,0,0.5239402637625387,0.6602712532418393,0.7806511646254826,0,X,B
0.00818151502329053,0,0.34058513755960995,0.9959128158025274,0.37739664728020716,0,Y,C
0.24174170993078728,0,0.5816534765216296,0.7857718451976927,0.45135888396487,0,Z,E
0.1822306569147662,0,0.9178019267620996,0.4560483150671346,0.2813302564239698,0,Y,C
0.21560951593110653,0,0.7671915065624405,0.13706590519572182,0.7183745001219277,0,Z,C
0.28891838410827325,0,0.7611258819135015,0.7635790549134731,0.8932312583908956,0,Z,C
0.2697218683006433,0,0.2507273394719497,0.5694243889210483,0.15847069078897436,1,Z,C
0.28066400998315083,0,0.626960375294025,0.955682437713775,0.6999480569656367,1,X,E
0.2628937546282353,0,0.04287789458548463,0.66157784598243,0.10306019888059725,1,X,A
0.1455515602396093,0,0.9892739106874618,0.06620449882201584,0.7641087927463514,0,Y,D
0.03237385806372503,0,0.23896165745467923,0.769931821703642,0.32156471020214017,1,X,E
0.27300392679669383,0,0.3641741833815525,0.20032068281015725,0.26971169638058545,0,Z,B
0.11788355656959054,0,0.7237868783252752,0.3212317483593077,0.30386544730291976,1,Y,E
0.22090925912713738,0,0.12090135387119605,0.6835319610917134,0.38400776368622946,0,X,E
0.2677594554775759,0,0.4846397602105553,0.858725168656722,0.8630076189055956,1,Z,E
0.2928626651521803,0,0.24987231520287523,0.844907200119959,0.8738240703698347,1,Y,E
0.1810554409868755,0,0.5366506593632633,0.6483816914149768,0.7854142535983207,0,Y,A
0.15762026964510462,0,0.8679849346645954,0.4339958706876327,0.4982262167562357,0,X,A
0.08651714365799189,0,0.7205405417337141,0.8376346213714035,0.7310626490635457,0,Y,A
0.23669828374893453,0,0.012391080141303412,0.06184111643543411,0.16372373897325132,0,Z,D
0.198999594289249,0,0.8488329406471328,0.887236873155532,0.7882404607820896,1,Z,C
0.25031936820528733,0,0.5511372085023939,0.680433510987795,0.19025649690755708,0,X,B
0.15200216398546668,0,0.7351361463196128,0.6091304343668821,0.418076411724588,1,Z,E
0.2501280136772075,0,0.9549714444890269,0.5687076510141647,0.4381039450326607,1,Z,E
0.2819180020266008,0,0.45032998658779566,0.24211537011711637,0.4708521562803065,0,Z,B
0.13272152202288812,0,0.5772105123227265,0.9733629466130654,0.5903941149227876,0,X,C
0.2952860895471849,0,0.0033364857364085454,0.09137218184422735,0.8086520526418846,1,X,A
0.032884752104838405,0,0.3406499930682114,0.8262455979669986,0.5327850145243248,1,Y,E
0.18946842830529514,0,0.2588713871782369,0.12802084624252996,0.9205316553073177,0,Z,E
0.07871911448485376,0,0.8231127440743043,0.07056261920839735,0.9892727646396368,1,X,C
0.282459728163772,0,0.11866065266833126,0.07620464521772918,0.7224134611298938,1,Y,B
0.2886521274647242,0,0.8746367809170466,0.6228092431004945,0.5457557257869382,1,Y,C
0.26540753416753426,0,0.24552591343810715,0.6101547493206766,0.5123935424564963,0,X,C
0.06435214622547224,0,0.807643467466954,0.4394426530735166,0.754550323403746,0,Z,D
0.08117935437602412,0,0.7617378138270047,0.7416592765104201,0.8723874322076685,1,Y,E
0.11170708976637635,0,0.9322024429423196,0.4775419860225545,0.4456209647061825,0,X,C
0.26282420611808555,0,0.8571043839908377,0.8582252037079833,0.36697105138785024,1,X,B
0.2832875516082925,0,0.7193053820948643,0.46363013477280357,0.005571328571350009,1,X,E
0.14545732939760603,0,0.38266215394312864,0.5562032185851414,0.4176263610687829,0,X,E
0.29561364132285906,0,0.7980962958763433,0.9857604453945344,0.9122570402388185,1,Y,C
0.2931001526055978,0,0.5944204408512749,0.3664092773705292,0.8386750479862471,0,Y,C
0.23432758387107044,0,0.02347124916560539,0.3856329685513158,0.9635804068791207,0,Z,B
0.23090503788202366,0,0.28225672628951715,0.7674676396543262,0.47149273044467654,1,Y,B
0.1966956435456117,0,0.3126346001126049,0.961208325821176,0.03132800442754191,1,X,D
0.29210973134943174,0,0.7143707442404192,0.6254949851246046,0.35545520098873806,0,Y,C
0.10915805294172787,0,0.48668507871850863,0.2849947890615221,0.5320506216485399,1,X,A
0.1907751785171489,0,0.9669101820249814,0.405759827518856,0.5915530524696742,1,X,B
0.27129874933038944,0,0.5093019872227077,0.2550755786402289,0.40640192754248916,0,X,C
0.29554664026845756,0,0.31723575992252284,0.30730116595649737,0.5686356541621753,1,Y,C
0.1467777060849329,0,0.7081316527133859,0.4499120483758037,0.8404417101049165,0,X,C
0.1122169956749842,0,0.663037390983858,0.10527442916417495,0.08197007919626687,0,Y,C
0.17755622560737444,0,0.27762574734412626,0.25858970349281285,0.5757818481609507,0,Y,A
0.02273065382434374,0,0.3502122087436126,0.34908144324883905,0.23952577878413206,1,X,A
0.1753711263307381,0,0.08544373690316087,0.8852966869610557,0.9287452731197994,1,X,D
0.0516772002115641,0,0.19860514044404853,0.1284236456331268,0.30292383184427707,1,Y,D
0.2538608380955075,0,0.9627774838332587,0.5794230741462211,0.2864956568992604,0,X,A
0.2119204260462844,0,0.5522465073293177,0.2900918111534668,0.6641056047746047,1,X,A
0.11063719646636182,0,0.9434887310199963,0.40432030337936564,0.21067717508299977,0,X,C
0.29437638990382775,0,0.6213658186486921,0.9110613969848123,0.9874016409853977,1,X,A
0.257304017360295,0,0.1875382917716637,0.4654980009998688,0.7741994921704605,0,X,D
0.2873852632848593,0,0.06310661511259608,0.7900559918458937,0.7994202383506521,1,Y,C
0.22752934743085054,0,0.5430126284746101,0.8959568267129842,0.09055118662883144,1,Z,E
0.11060363123337953,1,0.7738157264599329,0.07337977589461575,0.7538646168420398,1,Y,B
0.1889577415291704,1,0.7261108799150865,0.0937433875469792,0.23058358126258371,1,X,C
0.2126970412859941,1,0.3003933591464202,0.3877603664779964,0.7050945195370634,1,Y,D
0.04405641139865532,1,0.10743097261742185,0.3780403607442191,0.045945969426244404,0,Z,C
0.11647901034033592,1,0.6452365105797236,0.5240802804491137,0.6553318006739578,1,X,A
0.02027901963172394,1,0.38319606485741353,0.49913391961944376,0.15580835587691055,0,X,B
0.28514599767785825,1,0.34623212182304497,0.2594164091856962,0.8913463117769457,1,Y,B
0.12413523922106305,1,0.5332671046226098,0.5765037660240052,0.38078085523959015,1,Z,E
0.008526278589624072,1,0.4192449670812286,0.7360829358223375,0.6241568848291422,1,X,E
0.06663282890817775,1,0.20825886351837453,0.7180615699873553,0.2291819612455508,0,Z,D
0.17364052124234106,1,0.7226705315042757,0.702899616762337,0.8557554009589325,1,Y,C
0.16607330903338088,1,0.8283530602121197,0.2832352564373861,0.26114683903368874,1,X,D
0.236041123467232,1,0.6569014446800052,0.2118182513694713,0.23793616056783318,1,X,A
0.07093383567023441,1,0.5167571966509148,0.7267955906252335,0.15304744091475597,1,Z,B
0.03412300708069213,1,0.3623851570308706,0.8578938553666167,0.20661799908852962,0,X,E
0.16077597312174977,1,0.8400021871335789,0.23971912332256828,0.833613952778934,0,X,D
0.20230600522985975,1,0.3460729155657243,0.15130051441736747,0.010563363851609053,0,Y,C
0.2578101394158884,1,0.3965303294924275,0.7006074085491988,0.33599968863164453,0,X,A
0.23641552781182987,1,0.4331064216005518,0.8171917562990987,0.17369923654527153,1,Y,E
0.06231866431597746,1,0.5546182900445772,0.8622343036811129,0.8618566478824633,1,Y,C
0.1912348886645149,0,0.7213545306945216,0.01812208916740854,0.9771851478824453,0,Y,B
0.21915680968352247,0,0.05885905744315412,0.1962687779133272,0.29273389944007033,1,Z,B
0.18908155726032688,0,0.7952799074764928,0.16870466814267304,0.2781277329234404,0,Y,E
0.2703232386770234,0,0.9517424291760846,0.8485450455317537,0.06545256446225589,0,Z,B
0.08599047381816637,0,0.8487724269159489,0.10351024319175106,0.2985981403885688,0,X,E
0.21918374845980795,0,0.46842837628441525,0.21886413410997474,0.5130932747635328,0,X,C
0.14350093914854947,0,0.9075797919421095,0.25753815250095924,0.6379388643480477,0,Y,D
0.2268624469981969,0,0.9786921578023626,0.46249870800818116,0.15351655861429525,1,X,E
0.234046180105829,0,0.6641324377045561,0.8992441312034181,0.637721727686546,1,Y,C
0.26710865057224115,0,0.08322354065054782,0.804706651386056,0.7333114489036433,0,Z,A
0.2896500593800193,0,0.4370435304908279,0.30645004184996627,0.024946438855003916,0,Y,B
0.19516664085218366,0,0.5596489505467188,0.4837304419183742,0.24045104501884573,0,Z,A
0.1120334826553472,0,0.7814508707882261,0.5473835382175531,0.20942546862360345,1,Z,D
0.17459773935504008,0,0.7028134983342725,0.5791172835934908,0.19189387562264493,0,Z,B
0.19323041901388005,0,0.4177996659797587,0.9838686245037125,0.6894896495536161,1,Z,C
0.18072383853867655,0,0.36218949565100056,0.3943955801838841,0.7148370995735737,1,Z,D
0.027098077674443978,0,0.3224205484235031,0.1165086410227083,0.5220151342759555,0,Y,B
0.15498929706657538,0,0.6601558800010695,0.7631412050909732,0.8858942359745124,0,Y,C
0.22693599330623818,0,0.5289714529913607,0.35832133759286133,0.9195486699012967,1,Y,D
0.29650797010567936,0,0.681813661917739,0.9216658393423458,0.8043642113000277,0,X,C
0.28751955559903947,0,0.9553758059027164,0.9258390654789896,0.06330292990859121,1,Y,D
0.16567585853742905,0,0.1540831907388217,0.40726511945856236,0.43885326891405196,1,Y,D
0.056486958124297604,0,0.8182325320670427,0.9984331106118148,0.2798726133903108,1,Y,B
0.1694552817846828,0,0.4715953030322061,0.9423317406451394,0.07973152680885787,0,X,E
0.2227018220691806,0,0.6012064525609496,0.018456046041740115,0.42279844844943626,0,X,A
0.08287632207047753,0,0.6860589677575278,0.8253807382521174,0.6647306202105746,0,X,A
0.2829797498265713,0,0.5685674999111544,0.40217502508382563,0.11376296418053333,1,X,A
0.24967948794434758,0,0.8660923204518032,0.8585499884039973,0.7636389498290395,0,Z,D
0.28462990072341926,0,0.7992556478640183,0.2955602405019355,0.2942524684351858,1,X,C
0.2950568961445017,0,0.4306303741937595,0.7525066211687457,0.6522704897189616,0,Y,B
0.016510965579228588,0,0.4275152580274839,0.5837086460010129,0.9391794595577123,0,X,A
0.039247265101603375,0,0.6127606511980688,0.2138073502668566,0.5816075665082857,0,Z,C
0.16074414368559467,0,0.854447159234365,0.9298505097486888,0.6297937336136956,0,Z,A
0.1924831582100964,0,0.11667935518696537,0.7144884442100919,0.854519136252791,1,Y,D
0.2685482477503472,0,0.38610459573214384,0.36372278140349623,0.537711267079793,0,Z,D
0.05981102285716273,0,0.18178807743799819,0.04565232654833984,0.23347974112582248,1,Y,D
0.1774357378249902,0,0.17114524912421758,0.8173437594904555,0.629195750226977,0,Y,C
0.29413042572072934,0,0.20882967762517823,0.45825388517412835,0.0862096162655811,0,X,E
0.061962119786636155,0,0.9839833466261867,0.9352874400045464,0.22558769094609166,0,Z,C
0.1465537555413589,0,0.6562679165547332,0.9212297169749178,0.5962824111182476,0,Y,B
0.24742028983863606,0,0.9027928288763096,0.26210545972456956,0.7284093587996355,0,Y,D
0.280209157867039,0,0.30854293038361635,0.7400622619294523,0.04394869942846891,0,Z,C
0.285585892447156,0,0.17563423045097826,0.9773569053673414,0.8151978825814058,0,Y,A
0.29286858907271757,0,0.9872798294025813,0.6701375225340891,0.4502566185308847,0,X,C
0.2925072341192267,0,0.3004749128110473,0.37172347862553257,0.5894774516407273,0,Y,C
0.27819186213433716,0,0.7504460767138398,0.7024518468804877,0.2063547635277715,0,Z,E
0.2957198602134015,0,0.16236048969768435,0.3531786845262571,0.28840134553093166,0,X,E
0.2886019529659947,0,0.8934472130776049,0.9225685141824728,0.43890875028055776,0,Z,B
0.01517533160011479,0,0.3410118791167154,0.45717415908494463,0.7462528216146512,0,Z,E
0.29678243990540665,0,0.03873581364259271,0.7575592023691197,0.6031996723017111,1,X,D
0.11111837116521467,0,0.03883335042541669,0.978691793180143,0.33281961355600886,0,X,E
0.2129050345084651,0,0.8579507418897594,0.7473872416641045,0.44064877629800225,1,X,B
0.0724565098762052,0,0.8999488431214642,0.49771002133790354,0.9538261777961914,1,Y,A
0.040962969431963404,0,0.7274795271504753,0.11265639333517219,0.72346981559331,0,Y,C
0.14188455489215854,0,0.9373620227313247,0.6823614041915167,0.16431513755225646,0,Z,D
0.0543062204249737,0,0.10869121641803325,0.918814598516164,0.06151321311483149,1,Z,C
0.13465115225797364,0,0.8278605072114206,0.8905082447647118,0.7883072402513892,1,X,B
0.2961565027389977,0,0.6083072193407429,0.9169116518304912,0.10474527173995096,0,Y,D
0.2955862917901902,0,0.5621108214084849,0.8073135166043063,0.2299310334703094,0,Z,E
0.2826742878021252,0,0.002480522663927509,0.9055963057469242,0.6137498258424006,0,Z,B
0.2372792104989853,0,0.26647953133609437,0.9497778503257098,0.9613290058265023,1,Y,C
0.29617033316070474,0,0.8675537323499385,0.20828272263400505,0.603125160984022,1,X,B
0.10375961823035007,0,0.0030689354230100108,0.7335074424093573,0.21574382453324725,0,Z,B
0.29657027439336814,0,0.15085807803505003,0.5484415176070774,0.9457343888235544,0,X,E
0.1745118123988605,0,0.7466782513220246,0.35257499940468895,0.5934571627526773,0,Y,C
0.16287341120762827,0,0.030564920583328492,0.20184113887951793,0.3294424285817169,0,Y,A
0.29020754557301603,0,0.22576306711763594,0.1433562254468771,0.06947177448472264,0,Z,B
0.21215995714322747,0,0.9482126850898749,0.8428042553071565,0.367965152535909,1,Z,E
0.2699524198958511,0,0.3238210052440128,0.3823716353407989,0.603140389463198,1,Z,E
0.14348665664771065,0,0.1988526135380665,0.2946792104975946,0.06609755974489406,1,Z,A
0.26597485231511764,0,0.4128804027275873,0.33195911820780943,0.6800741098588816,1,Z,C
0.12345959085616849,0,0.43949402203735566,0.933610599365698,0.6804814128106776,1,Z,C
0.29264572292267005,0,0.8060648032404037,0.9652348836720108,0.3119702979550373,0,X,B
0.25463365239790964,0,0.2475021837599134,0.719719874282451,0.38283024538291954,1,X,C
0.21552651181703728,0,0.5455393315252849,0.35788382236304817,0.7369148882994584,0,Z,A
0.09713931005123949,0,0.9790897452696186,0.8816539623937095,0.5402076373644569,1,Y,C
0.2606112803134335,0,0.956399969433648,0.9093148384982659,0.09938570863410179,0,Z,D
0.29533436175153466,0,0.5266134916231088,0.9692289230591181,0.23005753294016074,1,Y,B
0.2959798760016829,0,0.12980193381676464,0.2629995536556198,0.47925623356606695,0,X,B
0.29211542884046693,0,0.9189828848393017,0.7848826853581711,0.5175568594409005,0,Y,A
