time,event,F0,F1,F2,F3,F4,F5
0.08875835425790851,1,0.9633392738819918,0.051745095971068134,0.719048349678798,1,Z,E
0.2747853132667864,1,0.9081026609828449,0.37676905626339985,0.11166658303333443,0,Y,B
0.6812591280868376,1,0.09937884755417936,0.21782268420251838,0.516023792602163,0,Z,B
0.12233474923391961,1,0.6505226785127078,0.5185166904800125,0.43496200314150046,0,Y,A
0.6393587507153099,1,0.721980907219407,0.8876414565796636,0.2934899450764452,0,Y,A
0.41991571945851297,1,0.552550164571575,0.15353175667076702,0.08246810120218728,0,Z,C
0.2417156589771093,1,0.4415377194560458,0.017454815360138154,0.13391978102484847,0,Y,D
0.08287399136908231,1,0.6832815504680951,0.09205972834166742,0.7528174224972606,0,Y,B
0.1588964495951033,1,0.6684942681125595,0.840863002883767,0.006512817692671979,1,Y,E
0.36542378417627475,1,0.817897733037701,0.04380464994552136,0.9034927189772304,0,X,B
0.4321713406503076,1,0.82185537894344,0.3218173951269059,0.3092193491245876,0,Z,E
0.154760760946106,1,0.48761592986886937,0.7789692206382137,0.8828939540777894,1,Z,E
0.7814153221014717,1,0.7347608761722801,0.40589134603356636,0.024614157302588868,0,X,A
0.05179052285104476,1,0.40187899624769297,0.8768741899950248,0.0718762371639664,1,Z,A
0.296552101263956,1,0.7935124398614654,0.7907649721681816,0.6075374220352054,0,Y,B
0.1448196579595337,1,0.6511527928424934,0.5937840033676393,0.47301719790942653,1,X,B
0.08377931584300634,1,0.07156671223823285,0.8774202945212318,0.1844257825086527,0,Y,E
0.04713887024592327,1,0.08690343585437865,0.40057477989833934,0.8655065809109926,1,Y,C
0.2712847278315202,1,0.9719027275671684,0.9024354929187358,0.1511966288002734,1,Y,E
1.0022006320446821,1,0.07939133609498905,0.9856081197960276,0.11111414417875509,1,Z,C
0.12371348390527151,1,0.7499008863069316,0.24011558130559196,0.7321612755618168,0,Y,D
0.4216136600888257,1,0.9478759118796747,0.888970012254148,0.6789201725957157,0,Y,A
0.6184256116343724,1,0.21713803307143398,0.7609558201555011,0.19490576334895227,0,Y,A
0.31319651297914336,1,0.9486476446551692,0.2164043315464852,0.9667763740139452,1,X,C
0.831992268621193,1,0.44213624863832146,0.3911656627672073,0.6449543083095421,0,X,C
0.5667220920162485,1,0.9812317977659264,0.6260334107548037,0.4444564842189561,1,X,E
0.1291280253227947,1,0.6563742546595568,0.41718285670866917,0.7988473151950715,1,Y,E
0.31599660420603365,1,0.7350929867752841,0.576959393386166,0.17012761668544507,1,Z,E
0.1588493333923096,1,0.20705877288935537,0.28549760032505267,0.32461976275123205,1,X,E
0.6197038341884135,1,0.4643905093570989,0.4712905843362285,0.605685610492949,1,Z,D
0.036956935663827226,1,0.36555520424073173,0.2772560991495958,0.06592343670401568,1,Z,B
1.0630915783688115,1,0.6961660014975298,0.7121278070856022,0.25790681518986835,0,X,A
0.0036461375596756568,1,0.42791553149252903,0.009332683292273325,0.9362696079281593,1,Y,C
0.9054248185472265,1,0.4421762781108699,0.8880603029386409,0.5173169312278408,1,X,B
0.648535548775905,1,0.2918062130786163,0.861827725304047,0.4205832419559248,1,X,D
0.6615909295291638,1,0.20195317643494914,0.8158881853650682,0.40844393885843355,0,X,D
0.7722343339150304,1,0.15238654067109536,0.3844457172485646,0.6870170274105777,0,Y,B
0.7875085755299608,1,0.37034296565698777,0.9111926447825189,0.17030987144604925,0,Y,A
0.32214825708280936,1,0.06675400766569761,0.3996153690411405,0.09900774263745005,1,X,B
0.4668210268212995,1,0.6999708213431448,0.982880187461919,0.8520328414352318,0,Z,C
0.32793011575695424,1,0.7297672694133626,0.24507164376710255,0.04753558093144128,0,Z,E
0.3631451727357005,1,0.4096243479610038,0.45844960044006255,0.10274211133946565,0,Y,D
0.44109873087877366,1,0.8595764031432831,0.29926718610221037,0.9753329042183889,0,Y,E
0.022617876917113932,1,0.8013049626171068,0.7542844859965279,0.13191453207318005,1,Z,E
0.49231498876869667,1,0.9782140695332849,0.19147879324258354,0.45852542614134484,1,X,E
0.007379955361928936,1,0.6555352576435902,0.13566922680572147,0.32981540019904587,1,X,A
0.024109068826042582,1,0.9261806041246191,0.37425899700311527,0.20327347926199557,1,Y,E
0.6450643012931375,1,0.5143262553795843,0.7062491188082693,0.6567505280209808,1,Y,B
0.30194858037550654,1,0.7208014049245673,0.1731652831306002,0.9243950650418692,1,X,E
0.8345113094140668,1,0.5209501362411239,0.40102149769692763,0.5766433931721887,1,Z,E
0.5019697695405193,0,0.14586021963411389,0.7198642321205555,0.7041874834693976,0,Z,D
0.8457951321937126,0,0.04086174609651605,0.9629796106114231,0.581598717067944,1,X,A
0.1210906976862663,0,0.43539586787841,0.47315469038378943,0.5327835062063055,0,Y,C
0.2599328204475137,0,0.4762928690659809,0.7419653956338703,0.4050098994706137,0,Z,C
0.3553821853207246,0,0.9788447691690221,0.8154253319438033,0.6582636842655336,1,Y,C
1.050251238837197,0,0.11038050662003629,0.6169574530053797,0.8699063475965116,0,Z,E
0.23514753583159784,0,0.16745680053764622,0.7347746547440118,0.8326696291492898,1,Z,A
0.5150546074028165,0,0.23691717856010053,0.4785603494586764,0.5057281119501674,0,X,C
0.15615060710363415,0,0.5159803664115368,0.541648988068488,0.3242518537288911,1,Z,B
0.3850156363139005,0,0.18300281498249715,0.25162668759441,0.9448258142558378,1,X,C
0.44267663010516634,0,0.6746129574984213,0.8813369958982333,0.6495875853398517,0,Z,B
1.0966924197509513,0,0.8617548849153913,0.9244006875656037,0.42851721681426747,0,Z,A
0.5696167466701649,0,0.6239168890936473,0.2216412849534235,0.2134331282055678,0,X,D
0.12089069349853679,0,0.7665354804114807,0.5123460249584231,0.7293966872002965,1,X,B
0.2337314134007102,0,0.617287558253791,0.11140858005397658,0.025424826948987622,1,X,E
0.259463816951959,0,0.3197577753450447,0.3572705754681381,0.6784795481204513,0,X,C
0.7033086411669878,0,0.33388913627293115,0.5901301271520412,0.5763757029496245,0,Z,C
0.4704589624604878,0,0.9306937840140898,0.9286282938545555,0.655826157515441,0,X,C
0.985267627424844,0,0.5852553302722768,0.6431744476577552,0.46233807745902633,0,X,A
1.0705949596676927,0,0.6149259578226962,0.880127256733963,0.834981082737471,0,X,A
1.070926720004123,0,0.8167498383484949,0.6118114425470116,0.9053698263780985,0,Z,A
0.15307080710085166,0,0.47391260447172523,0.7046964685801916,0.05705600387368248,1,Z,E
0.028802768018356684,0,0.8663039451167236,0.9578477897094079,0.3179104458729928,1,X,B
0.6318856659864694,0,0.02499910684964468,0.6403820115949939,0.1428342585279313,1,Z,D
1.0586553145115092,0,0.029710115921103397,0.4974835820422858,0.540173589578156,0,X,E
0.0033802031160959454,0,0.8598538303489638,0.020082626370593992,0.9301483044062729,1,Y,E
0.08136066642635356,0,0.44060425481307464,0.33808757908089615,0.37821012333043935,1,Z,D
0.19088839637000546,0,0.9721406508055546,0.3367031258024644,0.7823878766392132,1,X,E
0.12322415038660851,0,0.4417265940811964,0.7616328668474063,0.39881612981332404,0,Y,B
1.0421895125439122,0,0.8977358236068155,0.7462616947181003,0.24425030741307419,1,X,E
0.04750700145149703,0,0.11378812220910595,0.8545043383105845,0.5982662699748115,0,Y,C
0.9877975849925118,0,0.8584399887822104,0.4812544394306447,0.5397799832848086,1,X,B
0.6195912694169811,0,0.8161044545605767,0.13891250297845026,0.7704518563571593,1,X,D
0.6742978763757963,0,0.7051423296401342,0.5173715984257184,0.19732853067506428,0,X,A
0.8021204873805026,0,0.5797132553154852,0.9195277834361804,0.6045670148340303,0,Y,D
0.8167785040717506,0,0.08231937442149673,0.9351670055293269,0.8109271223729377,0,X,B
0.11076877753336097,0,0.21539037405135908,0.16889767025596913,0.24708624406687163,1,Y,E
0.033286532973781355,0,0.469885649491243,0.15579574705525456,0.4667802059576258,0,Z,D
0.605961707514633,0,0.6477819795295487,0.8868417904777117,0.757790243310791,0,Y,C
1.062929770749119,0,0.3026798283235036,0.0754369486310329,0.8639936375198362,1,X,E
0.8895921318057732,0,0.18134830775979305,0.4078173500152428,0.011040639496821325,1,Y,C
0.9578063639589267,0,0.15728650949572875,0.5418131441729914,0.26307716619973043,0,X,D
0.03735528039138663,0,0.26926606308544165,0.20860247834502033,0.5542926246527146,0,Y,C
0.8772937357148983,0,0.015269728332965027,0.9240833084185078,0.6338708788705786,0,X,A
0.11578442186488795,0,0.6929507575608296,0.46981804722477627,0.7270424778150208,1,Z,C
0.4061330952383828,0,0.41217561597609975,0.40382774053716297,0.7814616967389822,1,Y,B
0.2545325316685582,0,0.1665801208268498,0.1671244294636972,0.9781340935642532,0,Z,D
0.2788577355018101,0,0.3761405157800727,0.7006751757491173,0.7784402293461669,0,Y,B
0.7102045337384171,0,0.26115959658739296,0.9142734573015168,0.8875508156960423,0,X,A
0.5603558966670577,0,0.9781240628594905,0.4707787846423209,0.22493563884284817,1,Z,E
0.29035505583922144,1,0.8671553635458549,0.1667469968894857,0.7041744143335329,1,Y,A
0.4238406351182561,1,0.5496650320494106,0.8006737228442118,0.03175311217542298,0,X,D
0.5312377315644705,1,0.6384889164657177,0.6974015188957421,0.650106175502087,1,Y,B
0.578665827866063,1,0.6430170483838126,0.18851490530545045,0.6233231753316586,0,Y,B
0.6805422468754543,1,0.10111845696105526,0.7040227084596384,0.7936072258525728,0,X,D
0.6095976326232233,1,0.9231520573146207,0.5972734711323264,0.8780877523954778,1,X,C
0.11105314401170521,1,0.5696745006770708,0.23623091518517958,0.21901190360265788,0,Z,A
0.5972288455115032,1,0.13233298345399047,0.11000610740323502,0.33786203057159114,0,Z,A
0.12979548536586588,1,0.5662663675343969,0.24651757435836652,0.6633138980408493,0,X,B
0.0025834479551781657,1,0.03803912245425389,0.8915661410393791,0.7740857415395384,0,Y,E
0.361267642986722,1,0.6356511646355526,0.23765693735955296,0.0972889966161351,1,Y,B
0.15624598315469923,1,0.560089956949109,0.38243470440606375,0.23125869691463674,0,X,B
0.4009543015546395,1,0.7395690439329886,0.5778999382676946,0.7377535460412168,1,Z,A
1.0758215861162062,1,0.6861797896741182,0.1821616255193108,0.26591977352850127,0,X,B
0.07833899555509202,1,0.7870855131073642,0.7709683987498,0.7837210722573525,1,Z,E
0.32764798497209874,1,0.5546492873978639,0.10419848424568678,0.5900781818963075,1,X,C
0.3519681637473011,1,0.6149667134327778,0.9120256328833515,0.39053951571367895,0,Y,E
0.4165362207729635,1,0.33740984918242833,0.7903870884143641,0.7614298685775333,1,Y,E
0.2564610414900597,1,0.8837915385023069,0.13070806311594885,0.2410958902001974,1,X,C
0.1498851858424556,1,0.12047763621871388,0.862300780976001,0.49013218443540807,1,Y,D
0.4615916547772694,1,0.2089281626713546,0.4799355143891121,0.06289352473695087,1,Y,E
0.1511024365090687,1,0.41707354426778853,0.07144584353835282,0.8430584081393014,1,Y,C
0.2772619817420418,1,0.948635255685736,0.03558334967854493,0.4794526549784217,1,Z,B
0.0035708122143051284,1,0.6433043008173176,0.22593440886448513,0.7848225393807955,0,Y,C
0.024951575972406912,1,0.994143683428129,0.33315729626245827,0.5696935969998711,0,X,A
0.5248309398646701,1,0.0314611086427935,0.3818247152660754,0.1346901650680744,0,Y,D
0.5008884453953127,1,0.18381310580419696,0.536978057886152,0.7962139347990278,1,Z,E
0.5366332808367226,1,0.9279118649075814,0.7173593365976543,0.3429133748055838,0,Y,D
0.13296506945959077,1,0.32657734767213886,0.4614046262569005,0.7762684421885161,0,Z,D
0.053512853565333945,1,0.44757730183006783,0.19472654462185446,0.9118201083301286,1,Y,E
0.10229131617449012,1,0.7254599142980296,0.9649653136531755,0.7445178556122931,0,Z,C
0.469159035095628,1,0.6883355181543469,0.029028190648040852,0.027466575770897173,1,Y,E
0.9671089602064373,1,0.3475590973555015,0.16334700356313692,0.9720225451236038,0,X,B
0.5641900324537823,1,0.5942569135989277,0.23572510341581943,0.9528488528972133,0,Z,C
0.6936051289009618,1,0.6902328741664633,0.34205376091897033,0.2688015801898138,0,X,A
0.06854926701584216,1,0.6134691706635065,0.4424025133228421,0.5629104234779816,0,X,C
0.5232710092892904,1,0.7986843935959387,0.8723521464582391,0.42656564720351886,0,X,B
0.6616882908443554,1,0.9206146652879162,0.018134155791487472,0.9106471437096373,0,Z,E
0.1815912411977595,1,0.2880870202032567,0.5243673059641616,0.24721065377707852,0,Y,D
0.2794531035897445,1,0.3924011955623943,0.04002939288264917,0.27784707700159805,1,Y,E
0.9115276928264778,1,0.529595050275001,0.9228472158312168,0.576572906428001,1,X,D
0.002170891307989071,1,0.49838453633561675,0.5329179389635975,0.669371592758586,1,X,A
0.19058605355647817,1,0.3310758468778171,0.042089339484891686,0.3629937241268453,0,Y,E
0.5833286748395112,1,0.4448942089388227,0.7191433213254396,0.8478075293697546,0,Z,D
0.06898135182858789,1,0.9658256932493119,0.9889141911631172,0.8164513636993683,0,Y,D
0.28379838950994907,1,0.942217538472049,0.8364664512096099,0.5029210018332582,0,X,B
0.7837147922370227,1,0.5547498424653556,0.26097727529198456,0.14242178911990666,0,Y,B
0.05900543974883584,1,0.3312463854001183,0.9954299976407184,0.3679447569929032,1,X,B
0.4597669824347207,1,0.9812198972537337,0.8951746253163736,0.19931068095631033,0,Y,D
0.149340579897375,1,0.41246960261075916,0.00894936499252752,0.6005907147047077,0,Y,A
0.6404576482554433,0,0.922228327796207,0.813078005131908,0.590358232179746,0,Y,E
0.5672450848605917,0,0.4766134907101991,0.34367884465686793,0.9281182009111753,1,X,D
0.3181937087321735,0,0.6961014117416428,0.9432453572444731,0.6334808731465303,0,X,E
1.1229319507304085,0,0.10642687273299167,0.39023827356319507,0.955150318098865,0,X,D
0.00707795789421695,0,0.6414844751356532,0.10135414523047159,0.046252958371074016,1,Y,C
0.9998759004058576,0,0.9998555320719891,0.6069805747343341,0.21516211426374154,1,Y,B
0.8374053812791852,0,0.942220289331942,0.6458596432196997,0.7320996304292503,1,X,A
1.1103794920009724,0,0.9367197765258858,0.5739028502015806,0.32186469616801794,1,Z,B
1.1185266681455164,0,0.6124757319854252,0.7936860518214308,0.7812578140695787,1,X,A
0.0014219231341878434,0,0.28099356616610105,0.45059220099703023,0.6704252550671069,1,X,A
0.9449116449330487,0,0.6690632281979852,0.9098922358639351,0.4312906366853847,1,Y,E
0.09067988208861491,0,0.25272200403804523,0.6810056739434329,0.16045287609226844,1,Z,A
1.1233826405778942,0,0.9371042048902937,0.5379334354530756,0.2522346015100374,1,X,E
0.6046903674735796,0,0.029126565093475776,0.7589409737732684,0.6450662799490797,1,Z,E
0.30866771821554895,0,0.02385946291692398,0.9708624159224507,0.4408839264978136,1,Y,D
0.8499126874543006,0,0.26381390608317157,0.6147127959605533,0.38721556097690546,0,Z,C
0.7397048014860319,0,0.37064384004857576,0.631672964524027,0.5889485044220327,0,Z,B
0.3437805866152744,0,0.0025792298806464053,0.476229625472263,0.5654135978222843,0,Z,A
0.8076245289259225,0,0.5974627061905953,0.9398118067099425,0.029637349060699814,1,Z,E
0.95763754910175,0,0.14500305437396177,0.9170922963554352,0.15551270581028775,1,X,C
0.27255367345033205,0,0.687897200452446,0.13641545947047173,0.8493652663723223,1,Y,E
0.6112682280519791,0,0.5722035357582832,0.9502545753221591,0.5112695749659427,0,X,E
0.7470922654884812,0,0.8778803511571075,0.8010634966817212,0.35267413393321867,0,Z,D
1.0981648561660435,0,0.10474072946279234,0.17040268198340025,0.9820543869894632,1,Z,B
0.10560991163461364,0,0.843189894154569,0.8307970198723045,0.6830919431710198,0,Y,A
0.4212202691182865,0,0.4394664875383306,0.4613187570569087,0.9378028024593961,1,Z,C
1.1224563232210676,0,0.9337511573752305,0.5573525544456602,0.3040174404971515,1,Y,A
0.9613685972855041,0,0.15185651382810306,0.10108882103513384,0.08618813711247408,1,X,D
0.1286526363606494,0,0.3535420292597842,0.5918830526488538,0.5600980999530858,0,Y,E
0.0757584819273728,0,0.8831094555961949,0.14089506587828193,0.8900752523354679,1,Z,D
0.06735831400163934,0,0.9798176871212747,0.9538633009333246,0.01272368311328187,0,Y,D
1.1234687931274534,0,0.27430692173105087,0.7451525455208986,0.08697978095332659,0,X,D
0.04635570756303243,0,0.23400853678633227,0.7300577894948196,0.05132551709327893,0,Z,E
0.2816959025427761,0,0.6953156448689495,0.7535172276579566,0.7169872889928246,1,Y,A
1.0044202403412203,0,0.8033474259766404,0.9804908203899444,0.3658639704876606,0,X,E
0.4945772251678865,0,0.819818496772927,0.8301504733779738,0.9328181284749495,0,Z,E
0.6350830896903037,0,0.44215621892887125,0.6990161146715136,0.7632305124115824,1,X,C
1.018672945684128,0,0.47368234006796184,0.20400540686483482,0.06324105821633286,0,Z,A
1.0784801207771466,0,0.6311421749877513,0.5784544025907904,0.230071040149333,0,Y,C
1.1071685209107724,0,0.41944935337468525,0.9485188612221627,0.11802453128459656,0,X,D
1.0533963508814452,0,0.42548244261773216,0.8316141640239646,0.9867673604767728,0,Y,E
1.0629498089069274,0,0.8125718514012862,0.6402113461520472,0.7626304916487795,0,Z,D
0.6650533673612378,0,0.9873856690128036,0.3925669617517661,0.5881366036962916,0,X,A
1.0317763717530464,0,0.026929812945035714,0.4850923322208154,0.7811146102030795,0,Y,A
0.6814826514201011,0,0.6081204214133681,0.09212240637902636,0.8356265992503435,0,X,E
0.5613307983870371,0,0.6369826851104843,0.8969337912989819,0.986410128793587,1,X,D
1.1216992249896576,0,0.5664280962515734,0.20253233210943955,0.47601684451088344,0,X,D
0.6985136554947442,0,0.7936298496780076,0.92822720062324,0.6377228528355102,1,Z,A
0.052592554731346323,0,0.7093142701531914,0.7641776259052822,0.23164484241758387,1,Z,C
1.1212671259114868,0,0.44939464351711567,0.3617836348926685,0.6757041451079829,0,Z,E
1.0649888444573592,1,0.0007399737475504153,0.11379231994609895,0.26914100595952595,0,X,E
0.5207235157550026,1,0.8545625150343692,0.10024916993692523,0.684531711098115,0,Z,D
0.01802854430792445,1,0.36018704428832504,0.034868386309203414,0.47874929562507285,1,Z,C
0.07251032558653395,1,0.455422401065127,0.8847640252917796,0.15085324317775461,0,X,E
0.3791832732705363,1,0.06407801848437478,0.055705415338929254,0.5767389762662553,1,Y,A
0.25004276938971953,1,0.4633335509522316,0.9376523342368468,0.6205266152571327,1,Z,E
0.5210805641884201,1,0.5279867576437717,0.5261989392425648,0.8457940960528731,1,X,C
0.08600836822057495,1,0.5720962457770415,0.3943288703509925,0.5694084974128123,0,X,A
0.1996785415221585,1,0.7219622542137438,0.48400996379979244,0.7570672490699855,0,X,E
0.6658748866739438,1,0.17293186400790195,0.49568867749499734,0.1901969782400582,0,Z,C
0.05721665994029257,1,0.39691894678556316,0.680556848914694,0.5281411619715608,0,Y,C
0.13751736138665485,1,0.01827920884946277,0.08151271351441003,0.9911986226236219,0,X,A
0.28413856053466907,1,0.14673494899720751,0.2939468894171614,0.5056655207267458,1,Y,E
0.8172141059843554,1,0.6625566204882927,0.704394619161297,0.10213743233875305,0,Z,A
0.4292115664907357,1,0.6726720319506329,0.9023561048116975,0.8820213432288165,1,Y,E
0.059301465922323715,1,0.6796109466230162,0.813537870700631,0.7090081403273617,0,Z,D
0.24847301460776727,1,0.706925606025798,0.09550975126616112,0.7619177603038465,0,Z,B
0.7824882446575515,1,0.6830810781015254,0.8452250102028603,0.48209749630399124,1,Z,D
0.23344835814896592,1,0.5118274989777762,0.5300368243581401,0.42595693781462085,0,Y,A
0.44173331969343244,1,0.21207161923125306,0.8306834409238978,0.059680592633000296,1,Y,C
0.3972570234083247,1,0.26314641387678506,0.35187688364209346,0.14847998972269616,0,X,B
0.3589391661458814,1,0.28059181888879337,0.4441475358637952,0.941654231153127,0,Y,E
0.07724656524207926,1,0.8058552289998074,0.24900302920433381,0.47978300316036415,0,Z,E
0.04518158061689781,1,0.946119194952612,0.2333523014655945,0.8530723614727468,0,X,B
0.0015899058075391406,1,0.5048644109950307,0.15749998300926737,0.24100962964748318,1,Z,C
0.06081068219853161,1,0.865300050948684,0.36040522167921685,0.7311025397954285,1,Z,B
0.6851825750494301,1,0.6136354598603022,0.5951345534204849,0.6935707684869286,1,Z,E
0.5700177871006432,1,0.13574038635437458,0.6607473558304046,0.9231283366895053,1,Z,C
0.5702028912148895,1,0.9778056112080074,0.5155645465046337,0.9398030831054294,1,Z,B
0.22626909423464156,1,0.4729788794381409,0.8263340829054289,0.7889480793004825,1,Z,E
0.3682925822983752,1,0.6286114236470575,0.00880816022317521,0.6800599907592094,1,Y,B
0.4119935935402023,1,0.22360918388655882,0.168187090996896,0.4709330448304645,1,X,E
0.24183023323228722,1,0.07425061334683247,0.4850431176519642,0.061012115582894766,0,Z,E
0.42153353627135687,1,0.30102501558106953,0.6716933631338995,0.5655903531553803,0,Z,D
0.3938010430896537,1,0.9946707848486057,0.45822689039280207,0.5610774922721739,0,Y,B
0.31859145321667487,1,0.8026375079130234,0.7442648469232219,0.4549695446578831,0,Z,E
0.150053962633737,1,0.46800456253484246,0.7102186042349273,0.7533183478594316,1,Z,E
0.2832462652207409,1,0.8475129376233754,0.33988807773273866,0.5550670428631191,0,Y,B
0.23427701391542063,1,0.08935976386040378,0.5086211106950692,0.513417754287748,1,Z,E
0.18595837260948436,1,0.9827161935137569,0.8449413906550372,0.43503809738841126,0,Y,C
0.8161718643332372,1,0.5296519058548916,0.09083826735180056,0.8496397185110977,1,X,A
0.6624193143256947,1,0.3718917612284116,0.11228990705514841,0.677408897080727,1,Z,C
0.8322043808477203,1,0.3313466023888302,0.10246580747710154,0.7552011892469594,1,Z,A
0.21003225403285267,1,0.8333124327872625,0.9077387620556198,0.18214023516044875,1,Z,C
0.016414144216409087,1,0.119673496091386,0.9188060408105564,0.9869602923819943,0,Y,E
0.3127022047815748,1,0.22075861053263557,0.8585326107714196,0.3554302844443149,1,X,B
0.14263885491812867,1,0.5320834753582067,0.04778711455427398,0.8169628558802795,0,Z,B
0.2743873497189548,1,0.030829705281795072,0.5317058530896827,0.5311392266509614,0,Y,A
0.5841402290225546,1,0.7892989105957882,0.08088067471620541,0.14745920859220807,1,X,D
1.0286221370945396,1,0.3507710537536737,0.27993639839945916,0.41258823930430644,0,Z,B
1.1233054158450952,0,0.41964819913488904,0.837055209765855,0.14522719657637229,1,Z,D
0.3757342565908922,0,0.5208044345089452,0.2961878655659703,0.7659551824878995,0,X,B
0.8544221864861332,0,0.46105233107209787,0.10836043703417275,0.3639701960975704,0,X,E
0.742344197402316,0,0.8892338496807469,0.5865814401273527,0.3479673161629301,1,Y,D
0.11110787456841893,0,0.023797948124658297,0.4734871025909564,0.3582494095573564,1,X,C
0.8137985389302802,0,0.1467829655516617,0.6946701952974045,0.30981426580150084,1,Z,E
1.1172063325045303,0,0.4466916051532903,0.5572397070338182,0.9454881707386632,0,X,A
0.9335158721326684,0,0.18110493680698425,0.18313038347217758,0.2680338464781751,0,Y,B
0.12046346513934394,0,0.4907929892937982,0.19495695309342298,0.32561619031784017,0,Z,C
0.34697396608666947,0,0.2611990901676695,0.6155422872237396,0.5290416680195525,0,Z,D
1.1111701128714055,0,0.9317919482196171,0.44550237581190755,0.01774085687587179,1,X,D
0.6161556764075721,0,0.30941958394268054,0.8488996001175579,0.9315925057846853,1,X,E
0.10880738684049956,0,0.13139688680568296,0.22643471892347689,0.6662770651381207,1,X,C
0.8730915930530548,0,0.8223866796666427,0.5238310985022053,0.022244871774121266,0,X,D
1.0441163644645206,0,0.1412352805975977,0.5963718515459486,0.16784592456893188,1,X,A
0.5808428174179057,0,0.6895238250344946,0.571919142622593,0.14336024594222918,0,Z,C
0.9772617321415397,0,0.008581342078377463,0.6778131150189853,0.9157047051762431,1,Z,C
1.121370530990025,0,0.43076152893838715,0.9129219193098816,0.7198812967002106,1,Y,C
1.0241437435342977,0,0.8229494506856679,0.9632757939267361,0.6990598394336679,1,Z,C
0.49707675184376376,0,0.7142967203475683,0.1597327724444394,0.261233372535823,0,X,C
0.9934956923408383,0,0.9541265129519924,0.7353811044324453,0.9670318568647731,1,X,D
1.0842650435841026,0,0.2888815616437539,0.5167099173155407,0.7299344523354855,0,X,B
0.3074204976395573,0,0.8349879125117852,0.41294807927075816,0.7023863866208454,1,Z,C
0.28219546506615334,0,0.8772891502470034,0.3678118462166845,0.1706109356431066,1,Z,D
0.3478259379594374,0,0.16957291272635655,0.3036756939275994,0.014674713862100286,1,Z,E
0.06919849243483808,0,0.7805211873737353,0.5357601570558456,0.6106886287557373,1,Y,D
0.9921845336361335,0,0.6028956119065979,0.5966576176479955,0.26757592441079225,1,X,C
0.09135798827181785,0,0.8198130863993804,0.4191803155288588,0.5203087792534384,1,Y,D
0.5871419229101569,0,0.2457304316103397,0.25191983533470286,0.30262669183505087,0,Y,B
0.3121080719461541,0,0.8506668936585324,0.8021806288015727,0.7195162634953326,0,Y,D
1.0917695457641603,0,0.4580312671790798,0.7200817155410181,0.8109664403883929,1,Y,E
1.0657081375958515,0,0.886581343740088,0.5964694751365086,0.5837889344341148,0,Y,C
0.09368180706929208,0,0.13827087747081013,0.391601413001341,0.44180736116841746,0,Z,C
0.6361479171211373,0,0.5596587282779907,0.32550291267683773,0.6874398104798857,1,X,A
0.7398126384943411,0,0.5490635347450487,0.6856287774035101,0.45009047169832195,1,X,B
0.16804743349971663,0,0.6401878826868078,0.11459219964885936,0.45372675125150586,0,Y,D
0.7094508196434846,0,0.5122691262096168,0.8153394482404412,0.15833199543489684,0,X,C
0.6795807361045274,0,0.2658431612701678,0.6476244301853575,0.41055998759110945,1,X,C
1.1231851313540586,0,0.3689922382756725,0.9156186617238806,0.3292495132393136,0,Y,C
0.9659475334240519,0,0.30152088753578044,0.6661775344239248,0.19774338641568745,0,X,B
0.628231301691303,0,0.41877695822308525,0.1593539839456708,0.36148366242832786,0,Y,D
0.2787143594098047,0,0.6325007255660849,0.23954874967476847,0.6950418371773472,1,Y,E
0.2464832164567105,0,0.32975469076228126,0.3553616654355226,0.666912745176081,0,Y,A
0.32372872444617895,0,0.8656568082437273,0.458160155799187,0.7418519609538541,0,Y,E
0.41726026884792805,0,0.195332302811576,0.46015433634369396,0.5711230720889806,0,X,E
0.6754941141021054,0,0.3632145401823418,0.027188634009185586,0.311577444759084,1,Z,D
0.11001501430518865,0,0.05719883098498968,0.8024403371607531,0.33664622044430637,1,X,C
1.0272109338759148,0,0.3216283181654789,0.10782892255941767,0.1831770832807249,0,Z,B
0.8583575103074973,0,0.5625657628665472,0.7361029492915157,0.41641033241262404,0,X,C
1.0694074417874504,0,0.8104729994909068,0.22461321563251935,0.42755282426196495,1,Y,A
0.7399991955675168,1,0.09581264062913297,0.10745856888960836,0.27773678969488724,0,X,C
0.8436599454017801,1,0.5760147861221295,0.6089980079119426,0.34839769832401724,0,X,B
0.027055221007423937,1,0.3033694324178766,0.49779568945349784,0.8984549217939871,0,Y,A
0.6876332911953426,1,0.7919527557546733,0.849548747692151,0.8403351035771823,1,Y,A
0.19593219099714657,1,0.48180984400975035,0.1554056260923784,0.48138028954174317,1,Y,B
0.2123366424431417,1,0.033064346609897544,0.6347311272937675,0.21583621521887097,0,Y,D
0.3778587086584129,1,0.16401318770431372,0.835210658797356,0.6045801786131624,1,Y,C
0.4326217428390468,1,0.33593680062221176,0.7625664339844193,0.9604838852929601,0,X,B
0.28019740170721336,1,0.016009121138761184,0.30750574726410673,0.9725868991341614,0,Y,A
0.8246580497887636,1,0.6586772275844747,0.5506123796883264,0.7555294965610239,0,Z,E
0.2400657338372604,1,0.30605808576764737,0.12304353237945476,0.9816676844305292,1,Y,C
0.5512074474941169,1,0.35918672405011565,0.004356052409191236,0.18207807202164505,1,X,D
0.21619458899938804,1,0.19109612221346461,0.6377358094019479,0.8426882258786751,1,X,C
0.7080585475397175,1,0.3554122854326007,0.34521977605355947,0.08922924787812492,1,Z,A
0.47119499775244034,1,0.864364190784783,0.7375978286228603,0.3102848466616943,0,Y,C
0.18735660097298742,1,0.9641349965320819,0.038751444325846096,0.9224076752736023,0,Z,E
0.4192983541155603,1,0.6160550003430051,0.022785112274206543,0.06432450178369686,1,Y,C
0.35000776925437205,1,0.8714242000599365,0.7759823068589766,0.17958666839271142,1,Z,E
0.6437519467191486,1,0.47757644468754945,0.09388649778167513,0.8092599507218142,1,X,E
0.008385178200514924,1,0.9124444890069039,0.09867127043529511,0.6099506094867218,1,Y,D
0.5991583778312525,1,0.8255301315117264,0.7795572102217461,0.7570032886821305,1,Z,C
0.8203687694998122,1,0.14906525971834128,0.7356203795413321,0.4600034260629221,1,X,D
0.45806812102978217,1,0.6088720642105708,0.6221551338886474,0.4367909581800091,1,X,B
0.2221710904335417,1,0.3222746549776564,0.36300170418865696,0.2892964656884436,1,Z,E
0.15501093975725774,1,0.532117819815171,0.5513580917420516,0.9021661834391863,0,Z,C
0.09948816658166304,1,0.7278427701860715,0.1857845721311664,0.6874091761572773,1,X,E
0.1434363686631366,1,0.4135137598869626,0.9619221988963376,0.7330993658943621,0,Z,E
0.46353388034745857,1,0.3481257175083271,0.9381329052804329,0.7497707375427398,1,Y,A
0.5697750728425919,1,0.7338294226779192,0.2580027315433726,0.29868061051995953,0,Y,E
0.3059683066306337,1,0.605319037244905,0.6149237153678755,0.7348479386098026,1,Y,B
0.1461522421320259,1,0.7341223021711719,0.6303563007631032,0.6370483275497714,0,Z,A
0.8369813809615958,1,0.7935088872518072,0.1940728511620795,0.10411635636262051,0,Y,D
0.3710910110996116,1,0.953376816593836,0.02496966192598682,0.907489265164792,0,Y,B
0.8589097140010327,1,0.502421242322252,0.554641233367576,0.46223896211103876,1,Y,B
0.14528332092541776,1,0.817788475336071,0.9973612817270242,0.984857982006061,0,X,B
0.15366907985503028,1,0.6634316911771581,0.33846621369544383,0.8505959414230981,1,Z,A
0.1474338618635131,1,0.35683884511549235,0.49758166404184756,0.5573431052747577,1,Y,E
0.11881764279696215,1,0.8662200464672999,0.11866793127606878,0.5261400513360597,0,Y,C
0.43131746795533543,1,0.6788603130672752,0.21214655110225433,0.5245146944185064,1,Y,B
0.10964097650397277,1,0.9309359905621487,0.851176067057783,0.6934912410788304,1,X,B
0.3283452457282158,1,0.7291229407266838,0.4876546167961858,0.12206135437963384,1,Z,D
1.0413820015278967,1,0.011363098475923872,0.40478628432730024,0.5431768481654174,1,Y,B
0.14505280813760793,1,0.868517987110314,0.9154767393105705,0.4106517748774088,1,Y,B
0.180961545073253,1,0.22719698212264217,0.30225730743754764,0.8512275218784661,1,Y,D
0.0406794295445866,1,0.6623552250643527,0.8792493434718566,0.6167492930941074,1,Y,C
0.4482366151275825,1,0.37148183367405485,0.34582468261729093,0.6788853191789785,1,X,A
0.4588461011856888,1,0.4354429238299118,0.5828658537624444,0.3531540839750831,1,Y,B
0.1535690922173128,1,0.6381674844856197,0.466813163687943,0.25297025421408104,0,X,D
0.3165349724740516,1,0.8715152963909009,0.8401853665038815,0.7599720151744515,1,X,D
0.4295252216868568,1,0.9673668424458198,0.11820029888073702,0.34453023027873175,0,Z,B
1.1218335172692002,0,0.1260247969742775,0.12319083232656336,0.2741028699469117,0,Y,C
0.22405771849462025,0,0.8121594583494873,0.20546104961130907,0.09971069002510635,0,Y,D
0.32983723558684924,0,0.16575337232774834,0.7604326831616713,0.9163528208288335,0,Y,E
0.08147840734519209,0,0.9413142396636526,0.1272149104238509,0.6614951599474551,0,Z,D
0.5554732512345516,0,0.12291445300807169,0.016402714171010024,0.7407981939716766,0,Z,D
0.6613007576076873,0,0.09713761375883312,0.6130015314296965,0.2184902211795976,1,X,A
0.30707268250338937,0,0.24689077815310634,0.6462654106608735,0.4975547753118573,0,Y,E
0.2730016482644736,0,0.4768814460309003,0.1690144669104614,0.8644225106793609,0,Y,E
1.089524913808806,0,0.8379398912942471,0.5529669991778674,0.6259703301149318,1,Y,B
1.0724028381385688,0,0.9117966275184168,0.7887849628842247,0.6128556076616035,1,Z,A
0.7369036946788008,0,0.03874972903790663,0.10953698836585013,0.33483449363784246,0,Z,A
0.20404918836605024,0,0.09588022409099461,0.7398204407060797,0.8285394837207526,1,Z,E
0.36732506884366783,0,0.4568174642413867,0.15382774925378706,0.4056239829288443,1,Y,B
0.6058365874446856,0,0.8352828187172987,0.960884560665223,0.8027055362572301,0,Y,A
0.03390214709556983,0,0.05440583113988928,0.584107875196711,0.09970773409838052,0,X,B
0.6003611493338779,0,0.2833861513604693,0.7144400708229383,0.8139856621791897,0,X,B
0.9443875635365482,0,0.22036166638713917,0.6841561407593699,0.9908494447454228,1,Y,B
0.8275484357736194,0,0.2978734959987751,0.08800618043938457,0.07104018384198241,1,X,A
0.2357187153894566,0,0.48684914573116067,0.6907316481932113,0.0709339562127318,0,X,A
1.1193069477106894,0,0.8763616813706858,0.6303809996198083,0.9930546056801599,0,X,B
1.072066631341715,0,0.016740529723431097,0.913169689194066,0.4846621149053466,0,Z,E
0.5573751359821173,0,0.14648962718891245,0.6305352473373567,0.03662914064694123,1,X,B
1.0277629548327945,0,0.41680666347855055,0.2671945302795853,0.9558549799463846,0,Z,B
0.5255509132535253,0,0.9668841261221591,0.26229137552534576,0.4483874364108642,1,Z,B
0.03100375328608693,0,0.604310794481418,0.49624801743999203,0.4682761751831577,0,Z,C
0.6103137438219657,0,0.043535210647317024,0.24220831517152386,0.9786228464294275,1,X,E
1.1126758192045045,0,0.826939894485956,0.8008752506816695,0.9431261872315984,1,X,E
0.231653500631368,0,0.18998431509585878,0.23135573805831067,0.618669736715591,1,Y,E
1.1201994811819789,0,0.26723220225978095,0.3791042094372674,0.8494171285465857,1,X,A
1.1182226636978898,0,0.16836907235470733,0.8461840712167011,0.3507459074200191,1,X,B
0.14094180389438188,0,0.4816934668792724,0.9982169175561324,0.1700154140308755,0,Y,C
0.6244218916794858,0,0.06580260559713802,0.6718340080240144,0.15897726499871445,1,Y,A
0.7860266627779301,0,0.4363564369356505,0.21761299154160307,0.46579772753195725,0,Z,A
0.1860165806403905,0,0.48793196323287746,0.3832108307123985,0.4547406077143151,1,Z,A
1.0563680375388445,0,0.3638651782869692,0.5577712500550231,0.5200259911044701,0,Z,E
1.0112184318409436,0,0.9681376143087337,0.5206032757428602,0.6020232834458755,0,X,E
0.85190403410474,0,0.37989646990247816,0.6983765478914531,0.03425490395622044,1,Z,E
0.6305388378556616,0,0.8883379285328484,0.8621894966816543,0.08498272769541482,1,Z,E
1.0700470572153042,0,0.07464629352453533,0.6772476543032866,0.11842612647382011,0,X,E
0.2885872975253339,0,0.30127229669574884,0.6708561385933318,0.9160880413687552,1,Z,E
0.3959078171216755,0,0.7556239382951874,0.058558835234417184,0.8948768265405367,0,Z,E
0.9654442379985275,0,0.640411873319097,0.10089554034384707,0.727918582909754,0,Z,D
0.8534966200970074,0,0.09272908463834384,0.30798883799230836,0.04095578799187716,0,X,D
0.73813771778203,0,0.3738027447939475,0.09713353636226973,0.3149897635293799,0,X,C
0.4204729582148651,0,0.48558941794480637,0.5989121218173026,0.46295470018622153,0,Y,E
1.102609707050394,0,0.2836909962304166,0.45826256942068055,0.5273647316911453,0,Z,A
0.7142998624751015,0,0.7591459182591657,0.15921006170999663,0.22062572132196834,0,Y,D
0.42331200441361344,0,0.6975484962757513,0.021786609786145883,0.2822372350505441,0,Z,A
0.8869343813483282,0,0.8417291572092763,0.8450635210162157,0.22670138555049135,1,Z,B
0.38557214400671364,0,0.6286650362952486,0.6505503583454496,0.5631011755369932,1,Y,A
0.05666806685776323,1,0.09528770818401489,0.3827499093348905,0.6109453921615448,0,Y,C
0.08992488544483797,1,0.76913978410213,0.8226055353590744,0.3348367293539012,0,Z,B
0.40738734565017937,1,0.9032774117258343,0.019991660921924614,0.26508510921057893,1,Y,B
0.1366291276824995,1,0.3929232515809715,0.6551732764425454,0.6395799634084398,0,X,A
0.3390725055644498,1,0.3249162913607513,0.7376530785723866,0.29573036857266666,0,X,B
0.38316747126496703,1,0.4115814620294451,0.3096695877315412,0.046882313460609004,0,Z,B
0.07344099670467341,1,0.4471128308816692,0.929531384858448,0.2458550023298427,0,Z,A
0.5676585205818963,1,0.8197539609588965,0.24713219344931647,0.6638261801253879,0,X,A
0.6844735943562865,1,0.25529160199698275,0.5199529660153202,0.2224389397680463,0,Y,B
0.0379005592886637,1,0.034325023181551284,0.31323891089735045,0.38727659429401406,0,Y,E
0.013601910137388335,1,0.9142471802093862,0.16907649291781002,0.5337449228107409,0,X,C
0.6263554248114315,1,0.12405938071071154,0.28971706377545725,0.9692889976722975,1,X,A
0.1780883402469983,1,0.9042198761763479,0.5088662594202548,0.57637883378038,0,Y,A
0.3351715647001352,1,0.38416398677687047,0.35455708388964224,0.543659240649553,1,X,A
0.311571310248731,1,0.2528853668079333,0.5115199024220424,0.6990462143741585,0,X,B
0.48199758507767404,1,0.904342867022922,0.849405272529895,0.19816025492292078,0,Y,A
0.13504381231759058,1,0.5195554180897517,0.8422575961908157,0.9129303326102937,0,X,E
0.5198148448468888,1,0.6508246225949392,0.9064180605827806,0.004310312692727747,1,Y,A
0.545536564431882,1,0.31697416066714335,0.3146245844738118,0.6171868419549221,0,Z,A
0.32402677106065125,1,0.04342397219699179,0.7020807975821224,0.8510125859760296,0,X,E
0.7190807447083576,1,0.497825684731908,0.940362345531474,0.6882105777537862,1,Y,E
0.1575847175351885,1,0.5101923708915843,0.3076575885720506,0.19023849353365707,0,X,C
0.06321165038626576,1,0.09296388429630198,0.025264829996065163,0.08352124229521751,0,Y,D
0.7247443817663108,1,0.867289987387027,0.995729625059825,0.29708919043370086,0,Z,A
1.0030361698259391,1,0.048267097709351225,0.6821951751408588,0.6497046035939009,0,Y,D
0.0427069143858284,1,0.9779037583921313,0.15757466417551313,0.3667788320142281,1,Y,E
0.4092285597681769,1,0.12246422118414713,0.11621856368756323,0.3935544674656608,0,Y,B
0.16151998337655085,1,0.12164965178965792,0.2577590276825077,0.8227059017571212,0,Y,E
0.2191144000457757,1,0.9432311197242428,0.8207533861153264,0.9459152966391813,1,X,D
0.13157658107475642,1,0.1513349428955716,0.9858608955815348,0.5534577837261189,1,X,E
0.35543775457316756,1,0.29954993686095943,0.4679942421949902,0.7217326775039513,0,Z,B
0.3551051652524155,1,0.8080382343684751,0.8342412038831106,0.43893450557671576,1,X,A
0.8643704349686411,1,0.16315015041324676,0.5727680937850065,0.4766581572905215,0,Z,C
0.11851800813343219,1,0.441467443915459,0.5313016047678727,0.46376378420433506,0,Y,A
1.047923127654856,1,0.20171392061735227,0.3497149215494907,0.4565153685853115,0,Z,D
0.20905173067483926,1,0.9399976691724159,0.2734854839392833,0.26831037676453684,0,Z,C
0.02404631008544209,1,0.9989744290509142,0.10404189957560339,0.6748209507850738,1,X,E
0.03153900695677768,1,0.538752610964457,0.2474786799270413,0.5286560292108436,1,Y,A
0.04746722583617113,1,0.7733797927167705,0.4273930559764003,0.500816294059198,0,Z,E
0.29716648357018943,1,0.7952329588460759,0.43460978659518623,0.5224624857648319,0,X,B
0.5868408040704115,1,0.03015020511898092,0.013786665104149831,0.7032801315576116,1,Z,E
0.03820386521344029,1,0.20931487976289065,0.33191319436496525,0.28483840009923644,1,X,B
0.07192702800213101,1,0.5909006926817938,0.7789439739928745,0.40264126635413355,1,Z,C
0.25457780233087157,1,0.5196263469409661,0.4613203940870141,0.26624269361052544,1,Z,E
0.4837316098661868,1,0.1907197167842941,0.5002634244772572,0.6661717232608269,1,Z,A
0.6607550381471387,1,0.6145139450295449,0.3004437221727828,0.10823975108469486,0,Z,B
0.2544195418689351,1,0.012157124818568121,0.7363999890128893,0.6614002354541443,1,Y,E
0.43935985493410545,1,0.6978993693177132,0.636955829617121,0.010334220648904324,0,Z,D
0.0004291508251481112,1,0.9540034716946487,0.3665377843635539,0.7395028123997385,1,Z,D
0.5634498547257024,1,0.39417020228502886,0.3993486124477609,0.6330361229260797,0,Z,C
1.033088252817671,0,0.35769447800261533,0.6236281834890887,0.25587663503484337,1,Y,D
0.19968862288321712,0,0.8193235544984048,0.2671926882145771,0.4467022253473,1,Z,E
0.3928517179164166,0,0.5969085871502767,0.3368303859826385,0.5331131840021897,1,Z,B
0.045459339592820606,0,0.7212537295361918,0.9508243181023657,0.5685635266738678,1,Y,B
1.1179740738637791,0,0.3287375041976136,0.12054321486655262,0.32662085188441736,0,X,A
0.8383899797509198,0,0.43447477077416974,0.4258293941148722,0.09879690852802436,1,Z,C
0.5626031147830637,0,0.6060954722598749,0.8764165578796133,0.4221787736610453,1,Y,C
0.15287686629578912,0,0.29053325618182335,0.9057303468278072,0.5092475616353709,0,X,B
0.7993769586615165,0,0.968541068914189,0.4355563908204737,0.0940341381958063,1,Z,D
0.143153745696406,0,0.9240757258614692,0.13499403305037072,0.49712956100635697,0,Y,C
0.8865887553340712,0,0.6546731899960438,0.8141088624980712,0.012903609792747961,1,Z,D
0.013200379167656321,0,0.2646173767274995,0.4970248958702046,0.9246107898989167,0,Z,C
0.24480893421806144,0,0.4196894292511959,0.2256905051238205,0.8098535229273571,0,Z,E
0.15179651135998587,0,0.8263188451737832,0.5089913879335206,0.3984951869497645,1,Y,E
0.22535946551554226,0,0.0389153292530523,0.42376525744244586,0.6433776888615125,1,Z,A
1.102901545635598,0,0.7442322025484732,0.9064065596735662,0.7132454123109891,1,Z,C
0.9005982217112659,0,0.16100660767934927,0.5878072857353464,0.7173019507868746,0,X,C
0.00920193930296085,0,0.557906886767492,0.6659802520601071,0.5972733039914859,1,X,A
0.025628513454349924,0,0.7320275438435063,0.597907200120037,0.687698300233439,0,Z,D
1.0988184037511697,0,0.9042007862504694,0.6809861926534874,0.2618782680220706,0,Z,A
0.7342244421160954,0,0.2991157484747834,0.0011844838953537495,0.016182661629207118,0,Y,B
0.06610225037139136,0,0.9760554518160548,0.9823482184941787,0.6754974801555002,0,Z,A
0.06401578324573592,0,0.4419904967444124,0.7619366161910428,0.7003082598468376,0,Z,A
1.123706278387631,0,0.3217158834031869,0.015270615298529355,0.7965934124949814,0,Y,D
0.967008471715813,0,0.10918593945824884,0.5490515622210099,0.9617691001637292,0,Z,E
1.0939180433377385,0,0.9389128449302812,0.4986709905891138,0.3377167302835785,0,Z,D
0.7976211499065563,0,0.7606568956147345,0.9192709332366713,0.3239114397340257,0,X,C
0.8822756535929174,0,0.460252391839753,0.14966683355760435,0.2227554978782229,1,Y,B
1.04213105204331,0,0.14029927852508928,0.1632583766922885,0.17917704483187435,0,Z,D
0.6014514005768095,0,0.24292587431062984,0.296628497803191,0.6833942478594406,0,Z,D
0.43882131571993965,0,0.5484425812563851,0.18602175082824146,0.7933133712479771,0,Y,C
1.0996802749538732,0,0.07413067289879194,0.8199172023594874,0.9577632188242823,1,X,B
0.02462674949370756,0,0.7553739331310756,0.5990192582300313,0.19976217324663037,1,X,E
0.14904850699083236,0,0.04177657199044593,0.6839716960129911,0.09038638928790499,0,Z,B
0.0074400156569448045,0,0.48344884966079615,0.13813201161413458,0.7800956726154268,0,Y,B
0.8746295635894864,0,0.21691669392658697,0.8585573281270342,0.4666278500587878,0,Z,D
0.10627167544987122,0,0.7722705064129259,0.18850678294991463,0.08846319698556326,1,X,C
0.21401242239077967,0,0.6555571076188338,0.9440227898643679,0.707021503842687,0,X,D
1.1167866356275804,0,0.9484776146945659,0.5346054365988161,0.7675854078748621,0,X,D
0.7847754739178705,0,0.23488237744437657,0.19282295428449603,0.018369736469081688,1,Z,E
0.11677357968020703,0,0.6684864336829283,0.6587431679638879,0.8210567150535892,0,Z,C
0.9587469331089209,0,0.4635285281081132,0.4784633595810255,0.4140532374066732,0,X,E
0.2836814109477831,0,0.582949560760785,0.6271999764951763,0.07232964107057693,1,Z,C
0.6477637021643888,0,0.5899656939983698,0.6939888578713825,0.803934020475951,0,Z,C
0.1115897234520468,0,0.9991835372726199,0.7122136678527654,0.8731604257092428,0,Y,C
0.24159801685305687,0,0.8113787103574234,0.9729156298866023,0.9771436693130031,1,Z,B
0.02439972807557187,0,0.63570554500102,0.7580170449634771,0.10956324352072067,0,Z,D
0.7061625158349422,0,0.573773058641468,0.09681532952032312,0.7836088456725577,0,Y,C
0.48876933913676807,0,0.6259791634073713,0.10390125288698837,0.17025433093655906,1,X,D
0.9346670755969695,0,0.3121422457208667,0.618115897222627,0.45403381477551485,1,Y,C
0.5864096750153223,1,0.05699004214404502,0.30190364271106596,0.3510658380607018,0,X,D
0.07320347319034705,1,0.9999364612289873,0.31597169788861235,0.5471285708958885,0,Z,B
0.2024636645999503,1,0.6650155852512047,0.6979422623085351,0.766332732626796,0,Y,E
0.005563164445890653,1,0.8056619878680895,0.40901932815589337,0.20292410617617618,0,X,B
0.2928062956979024,1,0.27685468964024207,0.34503262254720124,0.005422192092863876,1,Y,E
0.2578632142068841,1,0.5407311293247178,0.3283260615036333,0.383784616623036,1,X,E
0.011357185327950735,1,0.1652341362173263,0.62087955936607,0.08623829560448149,0,Z,B
0.16301759149102663,1,0.5294330921749477,0.2216567498513129,0.907073834466136,0,X,C
0.5095092199573181,1,0.6657401493970269,0.0950605009856037,0.7364199003012125,1,Y,B
0.17102949013269098,1,0.6191573623514695,0.20750462078825205,0.3543907592739627,0,Z,D
0.048328479168523286,1,0.33651637398567014,0.8200411668012386,0.12105558592661203,0,Z,B
0.21092864546062084,1,0.5358278815792067,0.4275750466145106,0.6632996070215536,1,Z,B
0.23865869729615108,1,0.8565310937987294,0.43846476336010065,0.7333748899963669,1,Y,A
0.45259709641393575,1,0.1946950714343787,0.4441136373839375,0.0858547773306888,0,Z,C
0.3331755462358399,1,0.2543444664453667,0.47343885519682216,0.1820041138192845,1,X,E
0.000519197385988674,1,0.04289715226795199,0.9831618590853592,0.9147895614270344,1,Y,E
0.061866193587440964,1,0.6044537760465212,0.8138795540486656,0.9070613131101881,0,Y,C
0.19759057475880706,1,0.7658479987656348,0.7743255219124785,0.517333022350779,1,X,A
0.2843437257790976,1,0.8191893193132473,0.15780958266692346,0.3643980356039196,1,X,B
0.4292234372028397,1,0.4925548388389708,0.510367633939191,0.15050162979825032,0,X,B
0.1223638161773935,1,0.8326182829674905,0.5502787019549455,0.41260335725137764,0,X,D
0.04022070782659817,1,0.1105339508184795,0.16584084257603837,0.6604831565384155,1,Y,A
0.3341030613363798,1,0.06714287058091628,0.20719853605935656,0.06570853777775076,0,X,B
0.27165060377373024,1,0.05635959732168061,0.40643104808483155,0.6433442090883134,0,X,B
0.05398980645281271,1,0.31770069878993146,0.86119268609557,0.4157345935172254,0,Y,A
0.01673554233785083,1,0.882707169178683,0.333954460311246,0.4955522686291449,1,X,C
0.009426704863851585,1,0.4572159408675761,0.15842884712770533,0.7381839724696624,0,X,B
0.1195127928680509,1,0.8132193790130663,0.7083750016549131,0.7636533216436936,1,X,A
0.7601666120401965,1,0.7195136971066981,0.776282282498871,0.34241104265445566,1,Y,C
0.22445118592455843,1,0.9715633342816444,0.674671174950418,0.3714648494466406,0,X,B
0.20960429764217195,1,0.5896094114154724,0.8109086819861522,0.6604526446575582,0,X,B
0.16314931373795258,1,0.600245443863378,0.8965401296374417,0.6763472243916689,0,Z,C
0.2884798782725894,1,0.07585029469235349,0.29484866854481195,0.7806779604282965,0,X,B
0.08745543730213248,1,0.7959734877869565,0.8027938064570881,0.19550018055917506,1,Z,B
1.0366661659968444,1,0.4386654363569005,0.9819756777274167,0.7094675504318313,0,Z,A
0.6653021511367918,1,0.8163870522962838,0.494250053419927,0.2803284438935033,0,Z,E
0.5793274705221662,1,0.01457733464715727,0.3889605249401632,0.3188728572408537,1,Y,C
0.30599543559615755,1,0.5078539977175155,0.5537728397399486,0.637620811655444,0,X,A
0.24990064142164894,1,0.7869852879195451,0.7217807330120082,0.09114040824643332,0,X,B
0.4487689236467496,1,0.9408803878879198,0.05562720323850512,0.9195087813841667,0,Z,B
0.3327241393079786,1,0.6629066411729196,0.059439898875651154,0.45641068881770297,0,X,D
0.29572711160826165,1,0.4179055051863668,0.5872855318545431,0.9573340361202765,1,X,A
0.45135046583259897,1,0.7047755115491404,0.8870020331219546,0.38126376948090324,1,Z,C
0.5924709665241943,1,0.5937218967137914,0.6786223900358243,0.6500908891600632,0,Y,A
0.5981749126231339,1,0.07788241578145794,0.704425526893194,0.07941418230869168,0,X,D
0.2580254679809937,1,0.4476263263915282,0.13870787372844884,0.8729839921857417,1,X,D
0.20903797759079562,1,0.6664687786297726,0.364744524680222,0.35931836998606126,1,X,E
0.08252582532092932,1,0.2690768772017811,0.049942942994185,0.6361706038742189,0,Z,A
0.34335348152894146,1,0.6245319542898708,0.79406219469094,0.26997620788131105,0,Y,B
0.01646226976189994,1,0.38547808327570654,0.8143898934150556,0.41990453563967556,1,Y,A
0.35708545345056647,0,0.23345327639601976,0.9882592071784799,0.42855655806327964,1,Z,E
0.3245273882289922,0,0.36890329410381506,0.9970120275785574,0.27545629349018586,0,Y,D
0.9525930179043328,0,0.9830444884685958,0.4845195848831282,0.042488392227615246,0,Z,E
1.008993654106639,0,0.3458897042250114,0.1621036348575533,0.27073248740831757,1,Z,E
1.0561983473857754,0,0.9691204664564134,0.604908477610094,0.9638325768760478,1,Y,A
0.28178040261828874,0,0.4181253029702148,0.9934231522825937,0.502605873522941,1,Z,C
0.5984323369204055,0,0.9627266742980614,0.802865813703828,0.4148469205508135,0,Z,D
1.0878200735959564,0,0.04140655145993766,0.47119085754368206,0.3690916653142752,1,X,A
1.1009916526279002,0,0.5386591636893732,0.5062042697273199,0.3483044546530816,1,Y,B
1.109266222507583,0,0.6651842971978232,0.6177028664582697,0.8293412830230729,1,X,B
0.6963758675152882,0,0.45512627581165566,0.04715919839517557,0.6020782798242539,0,Z,C
1.0828893903013104,0,0.17983075688456063,0.5900710508136071,0.2772918042772329,1,Z,B
1.094575833069356,0,0.23845498151319766,0.1838391812964022,0.29324763850529645,0,Z,E
0.6543243563211754,0,0.15155465748670205,0.4594416341809954,0.34138057309252445,1,X,A
0.6170513317586718,0,0.0364522424300151,1.0636580710210453e-05,0.07624780774374407,0,Y,E
0.6369887205919699,0,0.35238106345335507,0.5030761721757663,0.5048594493303106,0,Y,A
1.0319842679118993,0,0.3013280276184682,0.9503517865800767,0.4228371481891233,0,X,C
0.3018966609528202,0,0.2540451550085767,0.34197637897000477,0.4723320192150494,0,Z,B
0.708726478820214,0,0.09931429143124093,0.7029804488358263,0.355233673840481,1,Y,A
0.3990730087844907,0,0.50229614573627,0.6526305038639206,0.4477864032656277,1,Y,A
1.1107142572164517,0,0.33475723428040594,0.8773899117940069,0.09967846224655053,1,Y,A
0.19969172178052685,0,0.35120496709339477,0.39142630984525084,0.8840467945318039,0,Y,E
1.1123691583388886,0,0.3970327320780306,0.6957409585462092,0.6953697759495023,0,Z,C
0.02362337663689896,0,0.5431588168585231,0.13465063060103633,0.9608685373176361,1,Z,B
0.9766738658675976,0,0.7406793080935709,0.7873145997665073,0.7724868300713856,0,X,E
0.21012794172061672,0,0.17164038060657327,0.16209081430180228,0.6884328923082526,1,Z,D
0.465768845596311,0,0.3578343461065657,0.05800629851724037,0.4029080177936817,0,Y,E
1.0569546905835672,0,0.039422076315803745,0.7773503802347314,0.4551547884407763,0,X,A
0.7488704210473455,0,0.5536710001308431,0.9938267101192313,0.2781587484847966,1,Y,C
1.0638610843264635,0,0.8321085473810254,0.9445387870909341,0.2002483009830266,1,Z,C
0.7821055009858691,0,0.710543746390377,0.5118468709633323,0.3588394839883393,1,Y,D
0.7833567771453839,0,0.9078178098035231,0.4068300844917936,0.8965571750955528,0,X,B
0.29246392519618064,0,0.4342182605545557,0.41950410975421804,0.11485688324790222,1,Z,A
0.26591505415202626,0,0.7024222806848777,0.904907324702231,0.4870136955737858,1,Z,D
0.3737174071087199,0,0.4122390518730772,0.7665291433321461,0.3839769635937976,1,Z,A
0.7090393531752175,0,0.5899439660732332,0.7020165279567593,0.5307742704353315,1,Y,D
1.0400103274514296,0,0.44515625811388926,0.836132108109513,0.3230034284687615,1,Y,C
0.42475946599647746,0,0.9253115600532534,0.8017823221262763,0.31864598159911717,1,Z,B
0.07363769080171936,0,0.7515075807909147,0.5434021838211165,0.889597924228147,0,Y,A
0.5911506403466343,0,0.31454903879630036,0.4578746389932207,0.536686895860726,1,Y,E
0.6365671620778359,0,0.4268178606443438,0.7304481634236659,0.8858364522261085,1,X,D
0.5755086239685744,0,0.486866956973821,0.14777203692130658,0.7031615193057145,0,Y,B
1.1070990982870057,0,0.33121077718355874,0.9720106908207851,0.025413873504704476,1,Y,A
0.8650485320078133,0,0.44191835262027834,0.5142950331421047,0.09088331231518576,0,Z,E
1.0929000316321842,0,0.8494500879599345,0.5363358923623283,0.1296256350180196,1,Y,D
0.34867447298513204,0,0.8503585623921744,0.9442841105736388,0.5867779750132053,0,Y,B
0.33252889126572244,0,0.7091816375007459,0.24623736418833653,0.20131261110052057,0,Y,C
1.1023790252303256,0,0.2252013336970402,0.7125344764103723,0.1288961077746983,1,Z,E
0.22293161865589325,0,0.2731339752280152,0.09587820816871562,0.46713776904674575,0,X,D
0.8070069701142331,0,0.5403422684403245,0.7452872223285927,0.917675453058809,0,Y,D
0.1831242347186563,1,0.012055404616962528,0.10869368073249064,0.005627361621725169,1,Z,E
0.2397468757733795,1,0.6754785717391085,0.19571474314130244,0.09525647111867985,0,X,E
0.29099794696250897,1,0.7256299912014178,0.0654637342791049,0.8072969359904909,0,Z,A
0.4038862856589786,1,0.5670350845070049,0.2517789914867712,0.014625322264612883,0,X,C
0.18141571128954836,1,0.5645153318436752,0.13105328695351526,0.4504280252525552,0,Z,C
0.39062157551522414,1,0.5958269795604542,0.3511642432508535,0.988649186145458,1,X,B
0.6026473183007283,1,0.3376979817246012,0.2612215166509164,0.39773084826243565,1,Y,E
0.0532374823795681,1,0.04909284800924274,0.9670424242612689,0.66488628085616,1,Z,A
0.3793781011760238,1,0.5950396166367994,0.9027602074972249,0.5956595383245744,0,Z,D
0.0254955797424982,1,0.5926192311661488,0.44134612902971215,0.2669323802046003,0,Z,B
0.6987975790081213,1,0.18006673820033514,0.8558484114151272,0.4548407903579468,0,X,B
0.03384746099888347,1,0.8644373295224689,0.9001872086249005,0.11082025059679901,1,Z,B
0.024015242048705532,1,0.7305037744916352,0.19456591508414556,0.8444712978200912,1,X,E
0.2133735510120971,1,0.14954984401702132,0.1549430898606715,0.8554400900614487,0,Z,D
0.6138956516315927,1,0.9634000693025316,0.9374246408192768,0.10018970802870741,1,Y,D
0.14616110739713267,1,0.038314437254361566,0.304359321904793,0.7932990360175991,0,Z,E
0.5892232198894904,1,0.37073016583315366,0.718112235624933,0.5186382337780459,1,Z,E
0.34019104635409614,1,0.6777114056846547,0.4829096994901978,0.40915126725867856,1,Z,C
0.41312291477007773,1,0.4560236370747439,0.7509648627849927,0.8720313462067337,0,Z,A
0.38512266847053606,1,0.06960368399788808,0.08714903545985331,0.47567818131942285,1,Z,A
0.0125517609491588,1,0.04450824772243733,0.28702538271976785,0.8931237869493501,0,Z,C
0.6586182783706527,1,0.7050410049291325,0.23766525766235191,0.9794706136050977,0,X,B
0.22183840709392685,1,0.10317586350900332,0.8336184354693085,0.411033530906909,0,Y,E
0.479340107207042,1,0.22497327497037367,0.7741110440351497,0.1994257731541218,1,Z,D
0.9649160725265041,1,0.3375467372258061,0.42653850096820434,0.46916280717866776,1,Y,B
0.283300551450478,1,0.3731914390931831,0.17746283108717964,0.5797876725825774,1,X,B
0.08510251768903418,1,0.5219677005573822,0.02968915227971136,0.7542400860754738,0,Y,C
0.3107156656415188,1,0.6166669624750046,0.3963612133725364,0.24963681794558945,0,X,B
0.07703990899307978,1,0.7365831033056641,0.3782275525153054,0.5680668057577835,0,Y,B
0.20948355466030444,1,0.8169589408385364,0.04144669463831885,0.45904947801741103,0,X,D
0.5440913620950264,1,0.25338040570343834,0.836647501776963,0.1497541667246276,0,Z,C
0.5679381254025881,1,0.5329467450200431,0.18384566767220567,0.3246505392351837,0,Y,D
0.0026189668599844616,1,0.9359229038601229,0.11928073725614641,0.8897766160598324,1,X,D
0.5442544513155242,1,0.015280862189914646,0.6496249402525117,0.5046483413326709,1,Z,A
0.02978985971196962,1,0.7155250581927072,0.5589518957770552,0.8655297053629025,0,Y,A
0.10928464155636043,1,0.13091421894762612,0.05825349481675235,0.5650735858568326,1,Z,C
0.7902367347275241,1,0.11437000013149512,0.3092179066033337,0.7112465787542311,1,Z,C
0.17255263846884103,1,0.7313443650638225,0.6463025914710389,0.4192925941131286,0,X,B
0.5525107304041725,1,0.37481697364223965,0.44025384193540384,0.2697229045883437,0,X,D
0.2571640519846129,1,0.09558041471676282,0.17563187626168042,0.49946416356754386,1,Z,B
0.15111330941783666,1,0.593299230133813,0.24623619389171192,0.4119148552786479,0,Z,D
0.09597986841617881,1,0.5759083467319569,0.9329555466330363,0.6136717869917143,1,Y,E
0.23119407999913633,1,0.7194444450487364,0.5128550945257221,0.8338413261612109,1,X,B
0.3085651776530112,1,0.814843915293938,0.584915942929919,0.11959473918401953,1,Y,E
0.44292157729350495,1,0.08088412161904779,0.772463165391965,0.8465023376687889,1,Y,B
0.20140625953763344,1,0.599899687507751,0.4041822076961208,0.04480573165017998,1,X,A
0.6288327401429172,1,0.6151711082122183,0.6466901687602462,0.8135189535583963,1,X,A
0.6406109055033543,1,0.7507389488012675,0.9429244804722215,0.39262396062084737,0,X,C
0.21657950615643817,1,0.5783741812186124,0.4090600843676837,0.23383905035358699,1,Z,C
0.04292412242000393,1,0.8243761524424471,0.9285186715870836,0.4113776599250927,1,Z,A
0.9072257455779253,0,0.2517106120286734,0.8031636254644056,0.7591556493961972,0,Z,D
0.3586968505625154,0,0.5185165005153758,0.7370061076607122,0.8006010489146848,1,Z,E
0.5504062777551881,0,0.8938488786259952,0.6380949334729314,0.8434581991452627,1,X,C
0.21316625882285364,0,0.8573939759915449,0.9271317784970214,0.7837182863264361,1,Y,E
1.0099209697303142,0,0.3006257741787425,0.5701757469443375,0.1477633601852868,0,Y,E
0.29409140545056656,0,0.8348615819826053,0.7592640288555494,0.792451202573597,0,Z,C
0.774609641097171,0,0.9294360251184842,0.9282468393858142,0.8974897639947589,0,X,B
0.36825646272976653,0,0.42093723977673503,0.7403473625348083,0.5281652744886123,0,X,D
0.002606891919667403,0,0.5613755309169558,0.1735968194676093,0.11796433474883361,1,Y,B
0.004473921595256429,0,0.9303962664607012,0.34283643795799423,0.3188573342871388,1,Z,C
0.43477763770981803,0,0.6991313186683048,0.9881438566620099,0.9313695342541137,0,X,E
0.8572536883193812,0,0.2423308625837738,0.45069422920986824,0.5145520478150855,1,Z,C
0.5532812782734169,0,0.8048286536239813,0.8639562725259488,0.6173635790714834,1,X,C
0.48222156082185946,0,0.31692651878864164,0.7041215558392542,0.8955238290140459,1,Y,D
0.34473371928625185,0,0.9109467352999904,0.8585943840265188,0.22741138011766848,0,Z,D
0.7803356118234874,0,0.09727385831667412,0.9794942352465973,0.7990263102294318,1,X,C
1.0895838637881832,0,0.5403920656752351,0.8689117200377904,0.5542685058160519,0,Y,B
1.1216075626494597,0,0.3154580899164594,0.37593458688419923,0.29542219241668766,0,Z,D
1.0538117523888493,0,0.7180446881846275,0.9708392911061626,0.4597774650693799,1,Y,C
1.0300073997750852,0,0.8140837065176284,0.2671878253359088,0.9044316126721431,0,Y,B
0.004238317582966515,0,0.5994323503380473,0.8979995698277327,0.5952643076069946,0,Z,B
0.8778666226734947,0,0.5193838853576008,0.3350060935139465,0.05819144532877041,0,X,E
0.5084016545340221,0,0.6526758216981795,0.9233188587134344,0.24379889253978815,1,Y,B
0.025461083536764233,0,0.6338794737599409,0.5288586933369822,0.09000455728642776,0,Z,D
0.07142738591231453,0,0.9866817253545281,0.9167944072497888,0.8185564072704626,0,Z,B
1.1120079588516605,0,0.24312142210038923,0.6864944578377735,0.4349850718909668,1,Y,B
0.4069186689324769,0,0.8800946035323232,0.606302925483081,0.35746479192123304,1,Y,B
0.48262668337442466,0,0.279175857845263,0.33150464663216095,0.43094367006572654,1,Z,C
0.8002024756197702,0,0.14568384577375404,0.00035769810150887427,0.7707927737736349,0,X,B
1.0514767042285817,0,0.7556192758315734,0.8201638742337327,0.6772892243286367,1,Z,D
1.1118318068321118,0,0.21395499850038668,0.6831380703494628,0.8969918223276184,0,Y,D
0.7775107672094214,0,0.33550813820123715,0.7355962554699512,0.8403088084482131,1,Z,D
0.48467760163981755,0,0.8466689393476765,0.22409194060473836,0.5148565515241705,1,Y,D
1.0935180643024232,0,0.2145960638664396,0.5824003297614725,0.7008551212240015,0,Z,E
0.6445323435847156,0,0.9237892468156916,0.4655210167884518,0.06682367283390012,0,Z,D
0.01033609134723973,0,0.08518737426978606,0.9986233159247346,0.7000896949579108,1,Z,B
1.0453544240741028,0,0.8169439390891091,0.925919511958417,0.1395955861097038,1,X,A
1.12329807910824,0,0.13027136009567897,0.20615266269082877,0.9577029093662898,1,X,A
1.016645817627416,0,0.12570104481868627,0.7850699243348306,0.41362023944961346,1,Y,A
0.7184799428609923,0,0.8669408306040951,0.1234399837336504,0.20942103004538937,0,Y,D
0.19167053344370086,0,0.3860591248002564,0.6055646423552535,0.8954278363898229,0,X,D
0.8789679701147833,0,0.04698366133809673,0.9133264986039104,0.4905092604224126,1,Y,D
0.07430437865557174,0,0.17525101769800588,0.5756587311479542,0.049161356357306896,0,Z,C
0.7080094792866429,0,0.056460897153727374,0.700553108029732,0.2911754433402677,1,X,B
1.1234725702820938,0,0.9972597464439044,0.4924009009280962,0.4648533329620407,0,Y,B
0.4063352490673314,0,0.47086105927830124,0.18483180606438632,0.028241936248554422,0,Z,C
0.582718809181835,0,0.04646588269525764,0.7709161122655255,0.8963312591385816,0,Y,D
0.26650421779364936,0,0.7390790879975663,0.7155699766935454,0.2542247684518544,1,Z,A
1.1235669988851034,0,0.16660813734803714,0.980901910352358,0.5299581969886844,0,X,C
1.1125467769669344,0,0.7176490656158422,0.9874616193451271,0.8873715652565467,0,X,D
0.00846030864768065,1,0.3393481095830665,0.5042331724287085,0.2557534153429928,0,X,C
0.09065309714807403,1,0.9765771494383567,0.49930460200031923,0.5735420095688636,0,X,D
0.5122636202631632,1,0.9810018198496314,0.3335483401152949,0.20842791660228877,0,Y,A
0.06907817095590527,1,0.34854275796150813,0.43418729208680007,0.32485818864672367,0,Y,B
0.03710291364727918,1,0.8453530634680297,0.3994525722479664,0.05268614205966338,0,X,E
0.6081401881339819,1,0.5273824155435499,0.3595509662314881,0.8440795807996782,0,X,A
0.588149728695954,1,0.2791356802192716,0.10689485677948918,0.6890297823237571,0,Z,D
0.464671161145028,1,0.7352303717315558,0.45688186994978586,0.9753410803780358,0,Y,A
0.13556001110015858,1,0.7326201871736291,0.27000515464315733,0.5492676594592204,1,X,B
0.8865141764265111,1,0.4355770347778174,0.9190444535867647,0.8900354867984434,0,Y,B
0.27038917740681667,1,0.9877959886374637,0.4669157550194686,0.6632977104431558,0,X,B
0.6770970451867776,1,0.17088109756031478,0.06552629533178189,0.6971400058180517,1,Z,A
0.09491801921721917,1,0.6570675113042678,0.8248265591187166,0.3380027279947281,0,Z,C
0.11743138597427484,1,0.14837754609871456,0.6262789721278202,0.5489889253768707,1,X,E
0.5804242309353945,1,0.8354099525652495,0.31176687315240714,0.926913997276798,1,Y,B
0.8611697189051977,1,0.005036087891748364,0.776735480165363,0.8720531892261083,0,Z,B
0.0004345794220758176,1,0.07977334130851188,0.5634123148894973,0.6441475710849704,1,Y,E
0.3199318509714765,1,0.8633622814407891,0.3107965178935431,0.8293763113556804,1,Z,B
0.24980458258380622,1,0.5214291398199414,0.6807791230285498,0.7970891711660271,1,Y,C
0.07649715537461398,1,0.8138915140692465,0.4947226118904866,0.4602831813544185,1,X,D
1.0416486022479212,1,0.6368732032034532,0.7601112431790817,0.27164006676260577,1,Y,D
0.1954405099656114,1,0.4487997654927208,0.5380487711812038,0.44818962695526243,0,Y,E
0.7547668614173891,1,0.5361843022595152,0.7435230450193537,0.8575767467889203,1,Y,B
0.6585046891771765,1,0.3789492258109708,0.5887760998674445,0.9701935635702706,1,Y,E
0.6124959430418305,1,0.640078287671938,0.7169219353718186,0.40989720802494045,0,Y,A
0.6105159765839936,1,0.783266945086741,0.20535012001372221,0.9999532667386439,1,X,B
0.40521775661555365,1,0.9041112546439903,0.017554099658886435,0.2697042704925193,1,X,C
0.04141580450070207,1,0.9365931153997196,0.0011619378326689356,0.5121377770282185,1,Z,E
0.24915756856263227,1,0.7548432139805981,0.3565594062772428,0.7315471745848179,0,X,A
0.46048629420221077,1,0.9233492942533732,0.37932273368551883,0.969131233217118,1,Z,B
0.2256943440388536,1,0.35773615162618655,0.12772307150126316,0.3113674451475701,1,Z,B
0.36091132745918664,1,0.5615536582850321,0.040577825677996726,0.06605466454591646,1,X,C
0.5349400525006528,1,0.29225602335899126,0.7835152516823277,0.7168781884107776,1,X,D
0.01833860307572492,1,0.24036102574469176,0.8948263944669756,0.27316612428895437,0,X,E
0.11729205057791281,1,0.00954860177005401,0.1520067346173578,0.44180942619196084,1,Z,D
0.23150072736651123,1,0.912555729269201,0.19199562858009278,0.26236056859688806,0,Y,C
0.463561186647627,1,0.445874005998499,0.3639004430587601,0.5137651815858695,0,Y,A
0.04917593273685383,1,0.41206894345863665,0.3303999030752157,0.542692496710629,0,Y,A
0.22565122104218527,1,0.02177856173040682,0.4760971001444989,0.7169911487114865,1,X,B
0.33028497918694216,1,0.6014274299342918,0.6765035609905155,0.44779404588346494,1,Z,B
0.0722814697054951,1,0.813456393652934,0.5880243856277177,0.0298973214322793,0,Y,C
0.9323718840954638,1,0.27919395332822694,0.32949497466227085,0.7311669950422468,0,Z,E
0.26470474723669074,1,0.9018765305132983,0.7660446320089378,0.5598044428145331,1,X,A
0.4066303186562781,1,0.8665923884099775,0.3453193031845191,0.7064162777884047,1,Z,E
0.04010533654593861,1,0.808524839517683,0.7360124379659506,0.03335435380465923,1,Z,A
0.29071287914592125,1,0.6409628768520902,0.16472256774835914,0.8205456382373754,0,X,E
0.08195375273472043,1,0.4986452614628175,0.49277153073857294,0.2933786275752637,1,Z,B
0.5938192331689728,1,0.9557267733705863,0.4858318174957308,0.31903535466949284,1,Z,B
0.037696031683535,1,0.8024247590417501,0.5858193747348246,0.7231330776433802,0,Z,A
0.19341661967881846,1,0.808307004149551,0.2505441538120795,0.38328309311446973,1,Z,B
0.08018486116469875,0,0.5489791495600215,0.007944350814021228,0.3503597915764006,0,X,A
1.1186784391472167,0,0.5162376852744978,0.6696518595553623,0.9989399776069016,1,Z,B
0.44365860302949145,0,0.3202566879640425,0.7579023689416202,0.4192821544344453,1,Z,B
1.0350880807739447,0,0.19381968779737468,0.16300871358989866,0.2498782186343519,0,X,D
1.1140476133891524,0,0.18544457221841504,0.9264926900180032,0.30343596457241795,1,Y,C
0.02919139806266276,0,0.13106337335513674,0.4846360015208825,0.522913618407715,0,Y,A
0.4231773314633559,0,0.4476317804724197,0.641261171092823,0.9881343795318733,1,Z,D
0.584098516362171,0,0.7445946389075244,0.16611231447015196,0.8908634994617605,1,X,D
1.1232634794743488,0,0.5149259358936816,0.6197103407859492,0.6142829453050522,1,Y,A
0.637944116284863,0,0.07442066240061762,0.7415517241858562,0.7131537666482163,1,Z,D
0.8282612084071641,0,0.5344845094344111,0.9040061323822854,0.3278938396158647,1,Y,E
0.8000530478818718,0,0.1470790480172519,0.014189541065097289,0.035624701256615765,1,Y,A
0.4995605937517828,0,0.26681368054707,0.3193660984847285,0.48354538281939785,1,X,E
1.1159358256837506,0,0.3971638608955065,0.7006990602994988,0.41797578551108727,0,Z,D
0.3954229623065416,0,0.19288437958779647,0.3176085180508402,0.3017902779658035,1,Y,A
1.0714873827233264,0,0.7919354118893782,0.3191064499468165,0.12878947279875985,0,X,C
0.7960314103286547,0,0.7030474755141718,0.7591250133453166,0.1602905842437614,0,Y,B
0.1438723067663597,0,0.9274481488138037,0.49668622951537333,0.9115930334899626,0,Y,B
0.6574752417581489,0,0.7251068146036654,0.9578702305675466,0.38369467316511563,0,Y,A
0.1538114694436043,0,0.7959218337660888,0.05568675307391391,0.140967431597673,0,X,D
1.043550787866902,0,0.6769623447897776,0.7942283952588473,0.007689737540879649,0,Z,C
1.1137354810263578,0,0.5200120495528915,0.6235741517600286,0.09789325726261533,0,Y,B
1.1088467276401803,0,0.7921660876700942,0.8798969935573957,0.5245956906566137,1,Y,C
0.0647020461388898,0,0.6917613774777359,0.5205937058812673,0.6300712919050656,1,Z,D
0.8281393082599916,0,0.9373477014917136,0.4671896581268056,0.14337999852309014,1,X,B
0.16021532175502448,0,0.8891092838344813,0.7556308653903248,0.16110736320781183,0,X,D
1.1236032825215043,0,0.11278241623423946,0.5280514857454863,0.27997286963814183,0,Y,C
0.05992363716440576,0,0.9653323583018287,0.14917145190175352,0.6981406592975674,1,X,A
0.3908719712855915,0,0.46735666961081646,0.69601769540685,0.4696834080425586,0,Y,B
0.9162646683627486,0,0.9546285443653587,0.6094959792280855,0.015278132467132721,0,Y,E
1.106218465791789,0,0.3984697150714037,0.7553774990067054,0.020639493626583905,1,Y,D
1.0862067997526532,0,0.3994753139200514,0.08664101984277073,0.8443714426434116,1,Y,B
1.1179087196990571,0,0.7062710698886056,0.48448267409462975,0.14712153744367118,1,Z,E
1.0741411858078254,0,0.4991282275199086,0.19315162983625633,0.0930382864559709,1,X,D
1.103002273499259,0,0.9777412455876563,0.11738744126372336,0.5722598998530487,0,Y,C
0.27687144785853146,0,0.217439001503256,0.9438791918612669,0.03218627651502037,0,Z,B
0.22785043112757883,0,0.01878041766527061,0.505432700928393,0.928549954819236,1,Y,B
0.9315418296538567,0,0.33072845864801637,0.5544672306853995,0.8671683255295249,0,Y,E
0.43085547701298166,0,0.06017910615097766,0.0017814319344702234,0.24357813610329893,1,X,A
0.6674620976270144,0,0.8404336918383751,0.8807973942062352,0.8160788084015188,0,Z,B
0.8454132501061381,0,0.21921531760147628,0.5839577621649159,0.5187439838312771,1,Y,E
0.7727444618419765,0,0.19346836787937116,0.048103675288776127,0.5378757983080222,1,Z,E
1.0245276017434788,0,0.6484269673433339,0.713386498726578,0.6786710260702916,0,Y,B
0.42489257022085886,0,0.2209207526130802,0.5508478622728101,0.7969275751414062,1,X,D
0.3874106780458207,0,0.16347887011869577,0.9851537654313046,0.19963576101119185,1,Y,B
0.9242594974745828,0,0.6128807786771473,0.8668104513365057,0.682585555057095,0,Z,C
1.073585655925299,0,0.6619223968261387,0.8254150204635979,0.22009984846742003,1,Y,E
0.78798134664346,0,0.3013855415919172,0.33274523964246416,0.9657705864365798,1,Y,B
0.21747234547212954,0,0.29107374411824727,0.6281096181185094,0.5510123040444138,0,X,E
1.0212490665714724,0,0.6017736346763174,0.8704068947192779,0.6130324096922627,1,Z,B
0.2630226728916444,1,0.21755972385043854,0.42036926578948686,0.7300901835262921,0,Y,A
0.4604729289378076,1,0.43216739866962983,0.19088331712461515,0.8147664313591356,1,Z,B
0.42180221821913966,1,0.06928978234319128,0.2428034019477795,0.423539960339684,1,Z,D
0.3122186735741315,1,0.7801592400004816,0.9083939483784871,0.3484618359912319,0,Y,C
0.37469533722546605,1,0.5601849920748223,0.2925802863972905,0.09198497021659457,1,Y,A
0.22309866117233787,1,0.5005840777086953,0.5233695727070271,0.9082146490336759,1,Y,B
0.3520087392088871,1,0.3483796844054411,0.8215618010098112,0.3278015996364254,0,Z,A
0.673953038188582,1,0.2805104096520311,0.5428893680111925,0.5037692515808421,0,X,D
0.30107389784655114,1,0.6901019687452334,0.47484525265106536,0.8062219884451544,1,Y,D
0.009661304104709055,1,0.7313112540480095,0.36532071474684624,0.7693812839934192,0,X,E
0.32123576677909704,1,0.9621279355409212,0.6760405448964127,0.8480682762728825,0,Y,B
0.30637757654793246,1,0.1984431595690166,0.2542451024161352,0.38092770694176803,1,X,A
0.5699647454568191,1,0.0595024862271899,0.8404211812322224,0.6401044411450381,0,X,E
0.6778930692121493,1,0.35106919031652484,0.8448897399901009,0.9222525526557879,1,X,D
0.5800556447804532,1,0.028016022384002026,0.47485508782069596,0.9395069552676628,1,Y,B
1.0223267132636757,1,0.012759460411227885,0.4002894764767154,0.18696909154106012,0,X,D
0.040069182788472844,1,0.9168330906119108,0.3427082734327478,0.9963561307724866,0,X,B
0.13905040069496588,1,0.3042008071152398,0.7759282924610927,0.5314510739031751,0,Z,D
0.011348797547762213,1,0.6599639864390301,0.42534905750276863,0.38898235991504415,1,X,B
0.3102810419621539,1,0.32671183685249494,0.4007352012398455,0.418221160493753,0,X,C
0.3267027180197044,1,0.13731367500271074,0.8214893302633802,0.9200008559931286,0,X,D
0.02432257904167295,1,0.595356136982045,0.24627100636657628,0.47535135048859023,1,Z,B
0.037091866075884994,1,0.9094968970940471,0.2684365211675219,0.5523598464816994,0,X,E
0.05873833384356568,1,0.2132017933352498,0.29189967385852267,0.3140409928038602,1,Y,A
0.014151626257819768,1,0.8529196459528601,0.21285163952617947,0.12126763781855932,1,Y,C
0.017274284390176926,1,0.33563963425276366,0.6136407377721862,0.29402406384071644,0,Y,D
0.8010604729008788,1,0.3044851011048497,0.3102519239639865,0.5277792313827854,1,X,A
0.15439324597479687,1,0.002097057823142734,0.30925032610354397,0.18272655479283595,0,Y,A
0.006551270848327625,1,0.11524840072559928,0.20231715845120857,0.4849378682333044,0,Y,A
0.2904325794937863,1,0.5226678360596474,0.5642864693233228,0.903261249897446,1,X,D
0.023224847387384957,1,0.5618372378292773,0.13341371456345452,0.7181682992788039,1,Y,B
0.6083830774108706,1,0.8496160822649199,0.5009890266756455,0.7049788554616938,0,X,D
0.19270685434755483,1,0.46270326309692733,0.7124264479731239,0.1360392574027215,1,X,E
0.1678674378797025,1,0.6532548364899107,0.47443905123473906,0.5512377065959183,1,X,C
0.19033296328363697,1,0.4085700920692338,0.22065578015808884,0.6589290215515279,0,Y,E
0.14378209698026456,1,0.7976519101888028,0.9526020745630229,0.1645176725861368,1,Y,D
0.28785566346091906,1,0.7646453947881738,0.7246139056394193,0.03824623120540516,1,Y,D
0.615885400317878,1,0.422271782971247,0.7116761302393323,0.21348222829295194,1,Z,E
0.6326574837629713,1,0.8106618102982067,0.09451759475797517,0.377367500303707,0,X,C
0.6888500331974603,1,0.741325302952336,0.13797529541161146,0.39318279115861343,0,Z,D
0.43152767253763175,1,0.5723008621842383,0.10581631877900854,0.40535393730922764,0,Y,B
0.1386348561813248,1,0.3414915157797309,0.9797328149430419,0.45692981057120574,1,Z,D
0.11955591414125605,1,0.24721308054956193,0.7776115869220663,0.9194125750613491,0,X,E
0.4251306716265777,1,0.34933673625428463,0.7291611153905505,0.6035983617452667,1,Y,C
0.32958139598672054,1,0.5105523432703752,0.7235816543390934,0.810956204997271,0,Y,A
0.12958799397740686,1,0.486139643262271,0.16246368560792523,0.06075979766604089,1,Z,E
0.6693468454843413,1,0.9041442890642595,0.9026194435141214,0.9412010167480471,1,Y,E
0.48715715675591176,1,0.463934457232957,0.036062510277408144,0.38444172173401003,0,Z,E
0.6694179952925865,1,0.9814876535471202,0.14263961595512653,0.9681775470656835,0,X,C
0.7312559573371836,1,0.6505768926551382,0.812812730980775,0.28224490859867535,1,Y,D
1.122803168503687,0,0.5819343133992054,0.47612859604246793,0.6876411849173668,0,Y,E
0.16459529140685022,0,0.07092824594486447,0.7683954380438501,0.12620450169599462,0,Z,E
0.5457478625161294,0,0.35094887830193966,0.2802248295783617,0.013587235435948308,1,Z,B
0.17676137066519754,0,0.9335674714684015,0.6569173376710528,0.828902254330004,1,X,A
1.1096918377956702,0,0.6909628700209135,0.46327110487784307,0.12855877009328331,1,X,D
0.9797174232726671,0,0.1155478297719339,0.8655642926394157,0.5278194545306067,0,Y,C
1.1182202868757825,0,0.08555025614163547,0.3779010459741716,0.4426601412017699,0,Z,E
0.2972017528023863,0,0.9623509976790326,0.8531781085774649,0.01472369370885318,0,Z,D
0.962787234899496,0,0.35483177918859954,0.4051349506243427,0.44116436190631725,0,Y,C
0.02654755404950117,0,0.26967085431176285,0.0356098903704507,0.6952785052883086,1,Y,D
0.675079395098368,0,0.7478666910930282,0.3166210197444017,0.05330908154805769,1,X,D
0.5647054391794906,0,0.36493255425531734,0.2641907266114052,0.14493924442320227,1,Z,B
0.43361762037502105,0,0.9757820854246971,0.023530956284975257,0.1614895774067775,1,Z,B
0.5053919876034062,0,0.16126361938216938,0.8410856482373424,0.9102677517389427,1,Z,B
0.7553072226072773,0,0.2640613925079709,0.16508216986555546,0.6381450172676821,0,Y,B
0.06882256391426751,0,0.40081737137273366,0.04930463565311649,0.7012401068996007,1,Z,C
1.03400193144844,0,0.6853191236995818,0.06339406673344461,0.71479173791299,1,X,D
0.13353008637019811,0,0.17415959419311822,0.10991027344287674,0.7886150261344812,1,Y,E
0.12578551955354977,0,0.48707949612634505,0.6394472803373614,0.8628270926178642,1,Y,D
0.9482027700596604,0,0.22136506408691514,0.7898101984449626,0.8533907758092534,1,Y,E
0.41883863039787367,0,0.1509866971351399,0.9536841405296632,0.6089512787003438,1,Y,D
0.4449908242781037,0,0.19531335099384917,0.9692541556893497,0.08563726465552113,0,Y,A
0.2648639190853841,0,0.4519184003117078,0.8002679901507369,0.16972182505894684,1,X,B
0.29101519225929584,0,0.6303629771989963,0.9863043652580868,0.25473819463419234,0,Z,C
1.1185061396724092,0,0.1198047815714619,0.7022923886975686,0.7720041303860824,1,Z,D
0.4634437209483321,0,0.940281054196185,0.6921271077171078,0.19528280607564907,0,X,B
0.9588707900996254,0,0.6388937217682202,0.9271591150399543,0.9581182003898452,0,Z,A
0.9369335927174971,0,0.13012917573986382,0.18096341843319919,0.18814096996693108,1,Y,E
0.8176651458254285,0,0.7409259317373792,0.6641630507248669,0.9293691644914412,0,Z,E
0.2801416770791629,0,0.32489412558590514,0.0614581498510165,0.09279732243571559,0,Z,B
0.3297278616618174,0,0.23306422192558984,0.10505858216615394,0.8066600362242379,0,X,A
0.9031792607889851,0,0.9175109556781014,0.7555657847748559,0.6132856477180171,1,X,D
1.0637409156461939,0,0.33451155317781145,0.2372889062122131,0.1186799137538187,0,X,B
0.5578181147827806,0,0.19016195511470413,0.4364585492351798,0.5675330558894941,0,Z,E
0.8846852520111149,0,0.272637855543726,0.3608225254551546,0.01944293240098316,1,Y,C
0.9594519525416976,0,0.4358316611732076,0.5155436283481912,0.8221314662326554,1,X,B
1.096328914713309,0,0.08713151779090977,0.10431116589374445,0.8909580435566704,0,X,B
0.19314468781714828,0,0.35024182310116403,0.6519553575881455,0.5185444985325192,1,X,D
0.06393762747887813,0,0.37472000460890376,0.0024767839981649775,0.21277233925299055,1,Y,B
0.7970045749966385,0,0.8599657642912518,0.46554707165580256,0.1974001932335232,0,Z,B
0.8760504052923692,0,0.5804807429394879,0.6761603697253739,0.21868723749380514,0,X,D
1.0939386975942802,0,0.7355522529058819,0.8982983727759107,0.3137562407439748,1,X,B
0.9311554961702714,0,0.5698827559532829,0.93009492058742,0.3434969757812415,1,X,E
0.6153871230202262,0,0.8778228219394812,0.6473935484436885,0.9908997985568941,0,Y,C
0.15619273854268695,0,0.09475888408619249,0.08046002006755071,0.4992387485011791,1,X,D
0.005387735512703793,0,0.3732867305286012,0.652215369356805,0.48235562018368605,1,Z,A
0.6325857410100623,0,0.6593566927803007,0.6101987780393532,0.44710675889963547,0,X,A
0.3911296355994814,0,0.7781298258684726,0.5982587665443346,0.27373513663298743,0,Y,D
0.286644811358611,0,0.6995367598938597,0.76536394650411,0.9588980055436653,0,Z,D
1.0735955673085855,0,0.9086100136067095,0.5422461039127269,0.9709668172023593,1,Y,A
0.277514258842718,1,0.7339092560507562,0.5169592929927254,0.723024469987086,0,X,E
0.08336980951137883,1,0.9160336050894109,0.5851762903314304,0.9379445156629356,0,X,C
0.9865323343332438,1,0.15253633209435025,0.12102604199394407,0.30304171286210346,0,Z,D
0.04334139474881664,1,0.4047493041046798,0.512210439327257,0.747180061330632,0,X,A
0.6960205311631256,1,0.8881193833710002,0.11060520629085235,0.23372764672762236,0,Y,A
0.10118522372072276,1,0.8763345297691323,0.2976590737419005,0.6306429838725819,0,X,D
0.2124176375994588,1,0.15976383302041797,0.36169391656510785,0.6415462341732326,0,X,E
0.96869495308621,1,0.1370344698038075,0.519187021883521,0.7754330133428906,1,X,E
0.7649377387233651,1,0.20388829050802393,0.43501730865142185,0.8859657820464101,1,Y,E
0.6215072545987901,1,0.04169774002138382,0.03212711374885435,0.8976761705675859,0,Z,D
0.2824359072664666,1,0.5867762770030452,0.7813281268774549,0.794552611498377,1,Z,E
0.1274519802152977,1,0.6741269240880099,0.3954537130199548,0.9367334328501377,0,X,E
0.30140921432398665,1,0.521663121331065,0.351485453168936,0.819494865555025,1,X,B
0.3217694320168065,1,0.12117720523444253,0.9680900280516959,0.7256132879299924,1,X,D
0.4744215392904924,1,0.10464577837479239,0.3201874307241863,0.9165841940312411,1,Y,E
0.656414005656706,1,0.6650521334333755,0.12001778557909104,0.8587369245095091,0,X,D
0.08977556704541975,1,0.6690305060147937,0.43687862830060353,0.6731476541012467,0,Y,E
0.4388697770208275,1,0.46400538464419383,0.1159033331511411,0.26406184207181604,0,Z,A
0.157660468581158,1,0.7386373691838473,0.9396446702958464,0.8547245129254869,0,X,E
1.0193725863181573,1,0.6379924952681413,0.1573326727574591,0.1461340968625494,1,Z,A
0.51191299470296,1,0.1952055187858185,0.6930547851072406,0.4994290699784718,0,Z,C
0.021495909942837555,1,0.10797971282706653,0.23434297717562658,0.82368077686011,1,X,A
0.31717861522126145,1,0.40838780982617195,0.622315012658202,0.017687144249302622,1,Y,A
0.4062917072972115,1,0.9303474769637585,0.6011464443095024,0.686707953306314,0,X,D
0.6994827120805357,1,0.5836814775673835,0.47662320334434227,0.6818148582900586,1,X,B
0.0010195866663575595,1,0.6139417686953886,0.1591642942086774,0.40428916545993987,0,X,E
0.6608228344519648,1,0.31927536389004296,0.5865974521096099,0.12124907897297077,0,Z,E
0.39733380324046874,1,0.7764644616112543,0.12788744663265683,0.8225417641556415,1,Y,D
0.4698083975601205,1,0.45896528106127354,0.3449581228842453,0.7004058930477632,1,Z,C
0.7858473924120534,1,0.9022130313018036,0.47368486490530093,0.7571313119636764,1,Y,B
0.22325520217932926,1,0.36914946820770544,0.010329758627056984,0.7502410240850771,0,Y,C
0.20743150158515883,1,0.4412996571384157,0.6866747570927583,0.1862929439665142,1,Z,C
0.11410681702769981,1,0.7661960041662914,0.006059331453005523,0.5335806196315865,0,Y,B
0.2946619137353277,1,0.08463584685533876,0.2250366521773074,0.6310550969846673,0,Z,A
0.1307826494160485,1,0.618840383846718,0.5122226106027565,0.8142797481727154,0,Y,E
0.058088344408266455,1,0.469598793215783,0.6947175016491959,0.9704604057637817,0,X,E
0.005139445783496626,1,0.6595550644434008,0.05166406722119332,0.9963335744596703,1,Z,C
0.6338192353851169,1,0.7797231618393768,0.01678688166655662,0.39481201532353105,1,Z,B
0.34612257541438535,1,0.5238791682826391,0.3799240551557844,0.3855061686211848,1,X,E
0.029841980469483713,1,0.3382865353408767,0.7800167746173939,0.5435582907464357,1,X,A
0.3067540370005482,1,0.4398307174107441,0.0829413450752644,0.9710200120577442,1,X,C
0.05724871036800086,1,0.6163689016290217,0.5297473612594584,0.6777003006471584,1,Y,A
0.1866726904764038,1,0.7985805105849781,0.25030629552752104,0.31875955435299574,0,Y,C
0.8439244684105986,1,0.005875865885749176,0.5896216616705161,0.49309896769666517,0,X,C
0.5526405279278439,1,0.6102255086590064,0.2626383076416682,0.718075139093264,0,Y,D
0.18858613986260497,1,0.4807305398257049,0.028361968804366144,0.7235595694399044,0,Y,D
0.7730059519270672,1,0.26351640955481226,0.03477483167927231,0.14313148079859772,0,X,D
0.2403720226874176,1,0.24426470823537716,0.5483120047176288,0.0713066329862787,1,Y,B
0.09556173499472388,1,0.5086149528298624,0.2943109261653236,0.8645378029600844,0,Y,E
0.2656353061199108,1,0.9017981119122518,0.7923502295394974,0.6220232738236684,1,Y,C
1.020567295664561,0,0.41402121502345524,0.8162263888312573,0.07842232951578443,1,Y,B
0.7434614619925298,0,0.5130742145338761,0.9845426949677968,0.7983718344532,0,Z,C
0.5677988824957699,0,0.4754235456686675,0.8667191223101237,0.6035917458822503,1,X,A
0.9262539651000073,0,0.4392427442279446,0.8798136239330157,0.28383098478641844,1,Y,E
0.6532176573003882,0,0.05216962001720671,0.948642291874853,0.9931021232291385,1,X,C
0.45162081554467426,0,0.012325433937466101,0.0937849317701378,0.8756652254353333,0,Y,E
0.4126153763186362,0,0.3894085119866323,0.7633662706058254,0.6281627315187083,0,Y,E
0.6596435869077305,0,0.809179506278047,0.5428137796743335,0.7442506084639524,0,Z,A
0.9069328927708056,0,0.43673261007566755,0.5549698766007147,0.4641195372998721,0,Y,A
0.6460226323311954,0,0.14002217931013905,0.2549321074255235,0.47106906622653566,1,Y,A
1.0683956681073763,0,0.3073963925716322,0.2613985167160008,0.00519303450692532,1,Z,A
0.6972045428793301,0,0.00742358645104968,0.8615143013033218,0.6185612096376967,0,X,A
0.26742112956916797,0,0.5503612525515622,0.6536311756072914,0.8047075321670666,0,Z,B
1.12358083794854,0,0.9350120901876057,0.5959905580709576,0.061000302545002105,1,X,E
0.8728047010490557,0,0.3335427958990179,0.9839111836909802,0.9771156287291973,0,X,B
1.1010572994029666,0,0.42068525197431983,0.8666787500747056,0.7145402335239103,1,X,C
0.6495226608945043,0,0.7974827865175392,0.4531771477642278,0.06659533675536555,0,Z,B
0.005655572643061983,0,0.4926857451140082,0.747004223352476,0.05205266226429084,0,X,C
0.4775943578754321,0,0.13455516413418755,0.28177073457587043,0.28592256789576664,0,X,A
1.1035235180217753,0,0.41717221340330113,0.8028646849633279,0.2320806030739262,0,Y,B
1.1232997448430326,0,0.5593884317907964,0.21422658852196275,0.08801128664591573,0,X,D
0.7377293344902399,0,0.7659566573039507,0.10269924819036913,0.07712504959628763,0,Y,E
0.9791612432327513,0,0.12833501851062146,0.5627940954794648,0.8371523435658699,0,X,D
0.4184143079352359,0,0.45222043923215605,0.6774994810161188,0.6452101556898544,0,Y,A
0.24912187699226904,0,0.8198863594477965,0.3141714832798884,0.919707143795956,1,X,D
1.1142074350460835,0,0.21846093016634371,0.9843685832173398,0.32180805719930594,0,Z,D
0.7547563713707057,0,0.5814390042377049,0.538425238318295,0.19215061633372432,1,Y,A
1.0907771726138482,0,0.1314887607567239,0.13914841010114432,0.4995515302694845,1,Z,B
1.1188768908294993,0,0.7368474192650413,0.4146235814049749,0.17389527134124205,1,Z,D
0.12126380277553005,0,0.633192110632057,0.1365041346141631,0.8232185965810758,0,Z,A
0.691716773259927,0,0.5147783496818988,0.8346796989114661,0.30039134749642193,0,X,A
0.5909767315618789,0,0.6745692911613242,0.17164624144291452,0.5993236063387384,0,Y,C
1.123478505971739,0,0.7880409311961322,0.5439158091910494,0.5803564447876807,1,X,D
0.8125939544497435,0,0.615632760614548,0.6857035793781426,0.06444007857996703,0,Z,D
0.9830456146782187,0,0.3274029666932716,0.935420356028997,0.28976085889859604,1,X,C
1.1236192418687834,0,0.1292611293626963,0.24152313205526277,0.5391597080373269,0,X,A
0.9193345309683585,0,0.7868316236022577,0.39319234160614847,0.488886585235928,0,X,D
1.0854165610822926,0,0.5399928921673627,0.39415553463378517,0.7619472216309354,1,Z,D
1.0027606451124782,0,0.6525443222401748,0.8181996892687952,0.4351097588891619,0,Y,B
0.42321194883152297,0,0.6985278086362537,0.5927642547893665,0.5661609514561611,0,Z,E
0.39069191371312045,0,0.47928108787534485,0.22423247673911606,0.4513355234934233,0,Y,B
0.8663255150466737,0,0.5920984687698612,0.15305615009611617,0.23943583726239392,1,Y,B
0.20378535080201685,0,0.9855720912780643,0.31279782026217784,0.3529572114077202,0,X,B
0.045504959131055824,0,0.7440740891965051,0.48427949716078855,0.20797643731400972,1,Y,E
1.099387945200919,0,0.652898605859289,0.9769066486247308,0.9294764279762614,1,Z,E
0.77837117463567,0,0.6843323036646034,0.6066173656748918,0.47425520430696755,1,Y,B
0.13154108011444307,0,0.6278442337420868,0.9058319137868363,0.024626607745867002,1,Z,C
0.4587506858529651,0,0.12569993834602178,0.7649438379734738,0.449456133887818,0,Z,B
0.40066548099777144,0,0.7696859732146794,0.40945991145798644,0.5463752923593799,1,Y,C
1.010469965977744,0,0.70087752667948,0.6927966634290261,0.8689160435466967,1,Y,D
