time,event,F0,F1,F2,F3,F4,F5
2.6238200293345284,1,0.9320351058663102,0.6001245223008709,0.7091487401992185,0,Y,C
1.6940633519157529,1,0.06745994672112343,0.15862794880699405,0.5278507088179635,1,Y,E
0.020785795577712717,1,0.5619223232482778,0.3728992035530224,0.06546434506904042,0,Y,E
1.8630727595914869,1,0.35169739590218196,0.965163126892648,0.8268558987953729,0,Z,B
0.8572220012922472,1,0.4175999238554715,0.8887988742360357,0.5244073257172852,1,Z,D
0.28692053493664776,1,0.23289867107047446,0.03969926957906589,0.08099119648433584,0,Z,D
0.8103636779203671,1,0.21602376178982163,0.34429349573061896,0.6352275915070574,0,Z,D
1.7157403682307313,1,0.5950663788057624,0.8527708197435484,0.8549061510728722,1,Y,B
0.9307084500037399,1,0.409719668481463,0.7053163649488476,0.8936250319589286,1,Z,D
0.5979692240573333,1,0.796279532219303,0.3011937485849303,0.7504396412229493,1,X,A
1.551278628782221,1,0.3420227600839527,0.5943555355241512,0.6370109300754411,1,Z,C
0.13970736193271657,1,0.5185522461980534,0.8165277263677729,0.9959466945110669,1,Y,B
0.2719609347528695,1,0.20844256285350005,0.3940004567430122,0.6948339025639313,0,Z,C
1.0786842071717448,1,0.10483073215513072,0.4687452415714547,0.5002411151584076,0,X,D
1.5329680750563217,1,0.45781407169756083,0.6598081651871328,0.20207697934032387,1,Z,A
1.7864835923864422,1,0.03379929913331714,0.13926564938811592,0.48233029076326306,0,Y,B
0.7502370893366763,1,0.37910573254224345,0.5719350792546243,0.35147406819668925,1,Z,A
0.5732429126381274,1,0.04358975614902971,0.6980323899437931,0.7109008886658525,1,Z,E
0.2946196723720397,1,0.6299331802835298,0.08421585111885699,0.999406636002101,1,Y,E
0.521072794303336,1,0.4349433558287433,0.906563093637691,0.05519236565292218,1,Y,D
1.2606974360198864,1,0.9396996829239874,0.3372522598346037,0.5891166974686657,0,Z,A
2.663058235052109,1,0.17584902676495462,0.36864521207943857,0.08734856804545088,1,Y,B
0.4182479075141502,1,0.921474108023021,0.05689226003525549,0.8584358344514821,1,Y,E
0.14751824476139994,1,0.5458338420391107,0.023226108437308435,0.026762968579985613,1,X,A
0.4841151337224136,1,0.6483539841441308,0.7728319364739578,0.32341795404757423,0,Y,A
0.8641241509256088,1,0.8660812786999904,0.44982435687403133,0.6406216846079155,0,X,B
0.5650155689981116,1,0.42045238685758013,0.9930351954093519,0.10933306174351565,1,Z,A
0.6190877512542335,1,0.3383272440813153,0.012812728476795265,0.475762499360566,1,Z,D
0.10290644547993252,1,0.35424973769573553,0.4319785788487821,0.7564200001952983,1,Y,C
1.8113357107122345,1,0.8124385678410935,0.8272107768703171,0.3896783343165139,0,X,C
5.714437472464005,1,0.9602286995036113,0.4105346699398288,0.18060850086454538,0,X,D
0.8410316020181526,1,0.4227497854861342,0.09808725054279044,0.37218003958236323,0,Y,E
0.45052676202650305,1,0.3994761478033656,0.41770320148459583,0.9395928233009246,1,X,B
0.07103212854279473,1,0.580510258947856,0.9413470587999432,0.22386551433731938,1,Y,B
0.07732881853701562,1,0.6328004012767992,0.38097130511178456,0.8612897666958209,0,X,D
0.22064833514037918,1,0.7666889370481907,0.9279148357502662,0.822491015289629,0,Z,A
0.9774806607095042,1,0.5214071491959782,0.29696558509126636,0.9665121949803034,0,Y,B
0.5159559555924412,1,0.30533554677533004,0.1867516632149333,0.7847022068527104,1,Y,C
1.1801913213928148,1,0.7504873408027637,0.5859813384635062,0.8295578200820781,1,Y,B
0.26995344004077115,1,0.15418458612169117,0.12655008665329537,0.9265508801072386,1,Z,A
1.4292630763018648,1,0.5329386401299009,0.4340327408942375,0.9516491030674038,0,Y,B
0.4856568623632048,1,0.10067551994557677,0.4665275906504236,0.765775540763843,0,Z,D
0.2349455210531006,1,0.6904738383847938,0.7922460632376911,0.1844724927015241,1,Y,E
2.083403388632644,1,0.6245206903993018,0.9112079814328237,0.37242394419334224,1,X,B
4.019860914190711,1,0.6517117321901617,0.15372766987087572,0.9947791065959927,0,Y,D
0.974108188593729,1,0.055051160232008844,0.26670858975563894,0.8342477660916386,1,Y,C
0.4928294200728017,1,0.3773056458023212,0.7696294880455452,0.22352340015450178,1,Y,E
0.4795249873739196,1,0.2908687723739801,0.5146493144844512,0.663797763764075,1,Z,A
0.5372065865817346,1,0.9235961149670512,0.7381041584174087,0.24272091564573228,1,Z,D
0.7055361181081576,1,0.6629716375648878,0.6637658767673804,0.31527450358635745,1,Y,E
1.058212412337076,1,0.36140234237891045,0.45661334189560787,0.7515917399324002,0,Y,A
0.544594490526827,1,0.4709127694681008,0.9303558937594476,0.650950565185219,1,Z,C
3.4410046869188586,1,0.05133437275292563,0.4296362569945261,0.5855747629742067,1,Z,D
0.2726972877779329,1,0.05773233539199962,0.09696796719739109,0.6739269582362774,1,Y,A
0.2262376039886117,1,0.7281892903002145,0.35144048308871767,0.406357798747939,1,Z,A
0.8002106712499415,1,0.7722842400048604,0.08860732897006485,0.8438050780723139,0,X,D
0.5623532403846593,1,0.474990864408401,0.7280054841555871,0.7702428292517246,1,Z,C
2.4895017339178276,1,0.8260916245824673,0.42820867440855837,0.5505930308263006,1,Z,B
0.10926297177911827,1,0.31802242832811556,0.36515741313192085,0.6946367715126529,1,Y,A
1.1695461825328142,1,0.8116798916404577,0.01706022257018036,0.4416253967204937,0,Y,D
0.15893356718252682,1,0.9379050832663116,0.23875347588898266,0.623903288022085,1,Y,E
0.07476967047443374,1,0.8881894541736542,0.39209418917151095,0.006391342871389205,0,X,C
0.02308317608399907,1,0.6945842509138141,0.9737841304354707,0.04221837074773582,1,Z,B
0.5055493481847495,1,0.13026947349537366,0.7754732781386791,0.2022979037148972,0,Y,C
1.3622812043026564,1,0.4426104239485137,0.5225618088506551,0.6939037072388194,1,Y,B
0.5390864816115302,1,0.2449177136494275,0.5196357729943598,0.8285926087938161,0,Z,E
0.3429959190717866,1,0.13989196116652702,0.006526341225925214,0.8125433766819742,1,Y,B
0.3123300348938914,1,0.5954321117991066,0.19430118702990795,0.22919661038575667,0,Z,D
0.6117595298582061,1,0.10965196907582642,0.06137041484040884,0.1675776848086964,0,Z,D
0.3751696528966594,1,0.28084935676937905,0.8983303080408758,0.16778613619135618,1,Y,C
0.5048684455372379,1,0.06783480799704833,0.29389847511547296,0.698645522693084,1,Z,A
0.09726161277825933,1,0.3747557884948135,0.7593451626160185,0.655266581574258,0,Y,A
0.34346969673592054,1,0.5212937116146252,0.7529421946407607,0.013572481719589025,1,Z,D
0.8700090421654114,1,0.49011489373291106,0.8938128255592168,0.7035423763081663,0,Y,D
0.32153857043130996,1,0.1329569551593086,0.4714516390626319,0.00780556826477441,0,Z,A
0.6381047320328126,1,0.43908286458222356,0.8881136892771095,0.2689796199330533,0,X,C
0.9357791218466643,1,0.06327193857889613,0.410653268218518,0.20824130318438439,1,Y,D
0.17628706693526922,1,0.5085146829497016,0.031175354212892192,0.10482925518790687,0,X,A
0.16827121563557892,1,0.8916533466692599,0.16123444321644909,0.25244377300697174,0,Y,C
0.23372544063101022,1,0.4053784326023788,0.7811450863507094,0.1895999693524405,1,Y,E
0.39891856149606236,1,0.8325862440784744,0.837596943598662,0.35386210194912715,1,X,E
0.017791471658121054,1,0.037580054901567794,0.357685583941478,0.13623925040802887,0,X,D
0.5514621684618091,1,0.5668336600019838,0.8889781004263874,0.09566684789274316,0,X,D
0.2921190024903627,1,0.5727554921438032,0.7108518346285165,0.6754361392755505,0,X,C
0.5407031994234998,1,0.9561176371265714,0.3469859399016395,0.059381721283843336,0,X,E
1.3518772533964933,1,0.7626776351497918,0.6359204438598454,0.7210986726134309,1,Z,B
1.6134409065699045,1,0.5402417999329455,0.628422395367089,0.5806591692630988,1,Z,B
1.3239521230467317,1,0.8809630247863136,0.7376014116863959,0.46907610916940323,0,Y,D
0.6247676457305487,1,0.801086360105998,0.5227308096579109,0.11089992909977542,1,Z,E
1.3734024811931411,1,0.6487349856851806,0.8025861640341054,0.09630293325017758,0,X,A
0.9325837544391555,0,0.18029036664098708,0.15236803521352926,0.32464641782987647,0,Z,D
2.0232221517163524,0,0.8737957098362905,0.5300350530937907,0.010752806773651757,0,X,C
1.3139998703329787,0,0.07594789171868466,0.10900171128096248,0.5648593014506835,1,Y,C
0.6702066008118824,0,0.551090649161103,0.6315550933290187,0.9946785855428195,0,Z,D
1.5044046177597583,0,0.7554469752489318,0.8508612566032802,0.9993707809867969,0,Z,E
1.915995285048651,0,0.4815547660164248,0.7522952096620869,0.9303888512675612,0,Y,B
1.2684522732326575,0,0.7579084567585055,0.19329885462213015,0.7584912557855913,1,Z,A
0.0054485681676359555,0,0.5683591602027168,0.36953004599048245,0.4490219361760285,0,Z,D
0.46083557748747805,0,0.4963791529425331,0.5861631058667761,0.8409585307409809,1,Y,A
6.991028668255634,0,0.3977980344392137,0.24963463978193356,0.3232838296003262,1,Z,D
2.5645350921457113,1,0.4996138525249386,0.7133663515207405,0.8024538172082626,0,X,B
0.10105092696866864,1,0.6467108185152403,0.8719854024531347,0.43492270981864534,1,X,B
0.48224918122882454,1,0.7749709769596757,0.00045308708727320735,0.5126397015908318,0,Z,A
2.0064054114304968,1,0.7999337324430291,0.11145915911791515,0.7408093779867239,0,X,B
1.3265319238506823,1,0.580048251924751,0.38336901020482805,0.07604050228216719,1,X,C
0.34626449654974323,1,0.5906563861556157,0.7123280711360256,0.3930790112005208,0,Z,E
0.08877424239083599,1,0.9129639918088261,0.31205856005014376,0.18380006008741812,1,Z,E
0.3229580781225362,1,0.7186981067878534,0.03478856361914129,0.47411090535948475,1,Y,A
0.24372877035054055,1,0.12257468267556826,0.49176983894122284,0.21465960982295806,0,X,C
0.6870309597194771,1,0.6922581536581147,0.945581560755991,0.37304919276961945,0,X,A
3.9020495889685103,1,0.7322683897328369,0.06682067381962598,0.9410164178134273,0,Z,D
0.609845279487554,1,0.40879651600964884,0.8868441704644375,0.5719801069627356,0,Z,C
0.004286317287574579,1,0.7273887308449504,0.5776171835375349,0.4590011376181533,1,Y,B
2.9410366969124424,1,0.4422667837149463,0.04969121495950135,0.2012556010649761,0,Y,A
2.6891515322955297,1,0.3323516311128826,0.5407281201228544,0.2437844046725567,0,Y,C
0.13147412974327305,1,0.36605066239019135,0.8896923292175172,0.6192980049759474,0,Y,C
0.22018084927590148,1,0.3680417446159244,0.46907146116374754,0.08531412572014785,0,Y,A
2.2780944071067974,1,0.8648358731649538,0.10434939189687709,0.6010908929803639,1,Z,A
0.03197187592624854,1,0.26676645928633247,0.41431455804379325,0.5898018403823742,0,Y,A
0.0017945666248072145,1,0.5862164686828488,0.6044737454482634,0.22295185385628558,1,Z,E
0.18173396433701983,1,0.5471894091652162,0.6375069524463597,0.6929422042224234,1,X,D
1.6406963448487288,1,0.14861869726745336,0.8046394433859921,0.25728084124079953,0,Y,D
1.0803317079910022,1,0.026846011562938754,0.48147414098772545,0.9062743782850626,1,X,B
1.7399240636403857,1,0.5103452186056682,0.9889111893087558,0.8567559317541552,1,X,B
0.325864065272662,1,0.0538601752667337,0.1973538476403388,0.32800835008926155,0,Y,E
0.8460047170362879,1,0.003188411842028893,0.2619566919564591,0.8033698632740118,1,Y,A
1.0055872632086156,1,0.05323935694546844,0.046635902737392376,0.9050731732761195,1,X,E
0.6312712362414201,1,0.7838410491903218,0.9672467257997605,0.6368313289676465,1,X,C
3.4984070681344983,1,0.09306121609163753,0.25168571383408467,0.9559593210632766,1,Z,E
3.058687718985693,1,0.4452847348308724,0.469771191816277,0.05401431421371783,1,Y,D
3.233358481367875,1,0.30256983089953615,0.6683472785075963,0.7457804885399573,0,X,E
0.319894413499591,1,0.6802116280754148,0.7203231719823204,0.8572794738020408,0,X,B
0.21415806822233802,1,0.8660117821266009,0.5281927260295515,0.5443330827751518,1,X,C
1.295095520374732,1,0.06651644754442365,0.2749516143706334,0.04249167622084438,0,Y,E
2.3621831898270016,1,0.769953637760292,0.6456010320734391,0.30268975160974576,1,Y,E
0.19271264820989864,1,0.5097334047611312,0.006924602508930011,0.5903990511491312,0,X,B
0.48597097905371334,1,0.706593657838265,0.33695917226976,0.503612248975584,0,Z,B
0.019382115009882784,1,0.641900076730793,0.6852947707555851,0.007191217801850391,1,Z,C
0.1181301217900118,1,0.6788543146112348,0.5583441984301711,0.03290181920894453,1,X,C
0.8150366857249837,1,0.4628548685587134,0.3757887518184463,0.4702736429506025,0,X,D
1.737567558811022,1,0.10402989608676916,0.19993675234227726,0.4198946219200498,0,X,A
0.4920880132471133,1,0.49755184836161914,0.22902581203434402,0.4273986072520991,1,Z,E
0.3510988882299737,1,0.6443270828780361,0.16077276311121913,0.09386162850378121,0,X,D
0.35005279644900167,1,0.27641891798743967,0.9158371397602972,0.027614177965786135,1,X,E
0.49224091744069526,1,0.6137509772357478,0.2934356449876748,0.7903295963630081,1,Z,A
0.7280929681244821,1,0.8953455734878875,0.3268128333756005,0.07795141060130328,1,X,C
0.28898142013569056,1,0.5499088714744944,0.5282972162798892,0.5411480359384623,1,Z,B
0.5706623680308015,1,0.4474628661223301,0.9116199970104092,0.6092508392499092,0,Z,D
0.6201538064636934,1,0.21581221831365538,0.9740115068823547,0.11365214723394201,0,X,B
1.2060904991803203,1,0.17850007946260904,0.9643950949907116,0.08313723001131501,0,X,B
0.36227976289047364,1,0.6087932731333838,0.02387785552337951,0.25948570567611284,1,X,E
0.7647224434784342,1,0.23307652002676182,0.7963907345844802,0.48469695726468964,1,Z,D
1.308106508152095,1,0.7397936785926998,0.9983640354814725,0.01202081591410109,0,Y,E
0.07950070206847483,1,0.1682384749917667,0.7470226629944623,0.3320183316423254,1,Z,E
1.2929785334403032,1,0.6699157744507196,0.6760728537520807,0.08540520488546466,1,Z,C
1.0466950227872658,1,0.44333429079951303,0.5418732104503654,0.36348511085491453,1,Y,A
0.7814740145397765,1,0.5666386925985681,0.8177852041393859,0.5146736525066207,0,Y,C
0.17676729037802022,1,0.029380131841194368,0.6361328613531233,0.9904184559217747,1,Y,E
0.4833506556074003,1,0.5554344906122258,0.9469274463734798,0.007359636195598318,0,Z,A
0.4519256692738801,1,0.3546995864953839,0.3323621633189997,0.5909464275044604,1,X,D
0.1565764998926843,1,0.01380387512106851,0.5306236016849327,0.42301305231762765,1,X,A
0.8188551218965584,1,0.9768932661629681,0.6225601674279361,0.1292966762890846,0,Y,B
0.3041449203298086,1,0.27321479941654736,0.4090395632146916,0.24010356661716914,0,Y,A
2.335679722040783,1,0.11843303931335969,0.07120517390808911,0.131086990487291,0,X,C
0.13668974168142256,1,0.2712081678720871,0.48279735837465465,0.5864537239298222,1,X,B
0.28432393074295703,1,0.13854675336837718,0.2886651813800185,0.4629051691552487,1,Y,E
0.30742890327414046,1,0.04892832994984264,0.5649772129345539,0.45829739557746774,0,Z,E
0.48463341027314955,1,0.21598111924676544,0.843698105902595,0.8973306774539165,0,Z,D
0.11255930196476627,1,0.9772859676705294,0.15364143572396816,0.9168517789278062,1,X,C
0.5177589961026082,1,0.6084077437400046,0.23877331786316291,0.12121267926671919,0,Y,D
0.10756402701966104,1,0.6115684224360123,0.4921006909787151,0.6914299345662125,0,Z,A
0.013608158655340978,1,0.6243962878794368,0.6680944071281169,0.8426840327412644,1,Y,A
1.0656020454055495,1,0.11261071423482882,0.012600814003155048,0.2871601681590059,1,Y,A
0.21767312114545986,1,0.2626585942007792,0.5911537686536225,0.3853249236537041,0,Y,E
0.3789485955169462,1,0.50554041124632,0.7733189961199578,0.7056144156226665,1,Y,E
0.05529396766597522,1,0.9586793153943143,0.09551167940193617,0.3271732823321367,0,Y,B
3.494807702503878,1,0.8595405125778197,0.9912534298981268,0.33426583312773606,0,Z,A
1.4131807800204934,1,0.04803371525454936,0.7480399244296058,0.8853208127701845,0,Y,E
0.5608550620524858,1,0.09166251229680356,0.8820396964990923,0.5872839259574806,0,Z,C
0.3772173833241438,1,0.7028300113400733,0.7792924602784618,0.9009201420478348,1,X,E
0.2749989542655774,1,0.9709304316957418,0.7559184965893081,0.2592295719603158,1,Z,C
3.722767899992293,1,0.9345308686471581,0.9750495511277094,0.14725427029636795,1,Y,C
0.5602617399765093,1,0.4499587403315338,0.5142155266280624,0.952514236243201,0,Z,A
0.4849720187633203,1,0.034066212380364225,0.7984199393272026,0.5343347231721146,0,Y,C
0.04187589583981262,1,0.3787098715178935,0.6228494851037817,0.3489426919963079,1,Y,E
0.4984988832415473,1,0.17490766758289278,0.5760498660305639,0.280034678566745,0,Z,A
1.6483478280941857,1,0.7843308000914795,0.8806901478626392,0.7616915656280241,1,Z,B
1.283643255191768,1,0.9876443233307952,0.9186489399971507,0.24879425416295486,0,Y,E
0.0023072013274148453,1,0.5544175716229112,0.10852047198928039,0.5994237589714912,0,Z,D
0.0018658070818710763,1,0.10279086594280873,0.4041678758406241,0.3938146496791449,0,Y,B
1.1866183427464678,0,0.8889714916587034,0.7164211049781687,0.2207863358320793,1,X,C
1.3470115288523479,0,0.5904050975798891,0.23905721327277896,0.8806235194517686,0,X,A
1.0289812616952512,0,0.948311533049354,0.6350873045774296,0.8801106105312811,1,Y,D
1.0456196295736062,0,0.9957327155190628,0.3555693014661341,0.13887502619159242,1,Y,B
5.61208254894195,0,0.035158745971878846,0.8319395796063961,0.49184156394308576,0,Y,B
0.09934363089605022,0,0.6976602345320331,0.9959884794903293,0.034773998683630625,1,Z,A
0.5453114443930486,0,0.595094586598247,0.9739125604042294,0.8492342424809224,1,Z,A
0.24255252254904835,0,0.9829693851542561,0.008357529735386726,0.7033942966369313,0,Y,C
0.4657030396307283,0,0.8930407103137723,0.5657735451725312,0.6634120396540382,1,Z,C
0.5504062516677832,0,0.024118881163009198,0.036580331089239304,0.37260765819867736,1,Z,C
1.6725779594868984,1,0.70802460887842,0.6473082868636129,0.3168032588873956,1,Y,E
0.3150154152295715,1,0.18879406338205273,0.26319109548115494,0.2936352420135935,0,Y,B
1.0217079262470297,1,0.8978839193244698,0.5259269658116,0.9684134074086724,0,X,A
0.0028915578432843923,1,0.6327247453336371,0.6954904750551313,0.7362905185625152,1,X,D
0.6685420268496551,1,0.0847833605124012,0.3349766722413139,0.5483039014550153,1,Z,E
4.602428982957204,1,0.9589635816641364,0.7760168027302922,0.26444973528607885,0,X,E
0.9453217843370596,1,0.7081358858213899,0.6653831853265199,0.7477002710484979,0,Y,C
0.20443263824267988,1,0.5348905368297692,0.47871012347700626,0.47251956798926054,1,Z,A
1.4348077448484589,1,0.4421188025278645,0.8938869018077239,0.19089873385301626,0,X,D
1.83442094814885,1,0.06080923583190312,0.07118302494162221,0.01941311855189709,1,Z,A
0.7700721404540183,1,0.10017968320771975,0.17921872814031126,0.959646293289331,1,Z,C
0.006966180793072211,1,0.608100862951442,0.23147926924990114,0.8598936659268828,0,Z,C
1.3495047525944797,1,0.07512226659921684,0.557184555071844,0.41948202344993135,1,Z,B
0.3811673582491972,1,0.8798570239984105,0.3919389098726773,0.9390890428211585,0,Y,E
0.34593250809205783,1,0.12532438858908934,0.07454447425510391,0.34444406895818713,0,X,B
2.6004373223171053,1,0.9387366997437787,0.0869714141542629,0.9614376046846804,1,Z,A
0.870215753712718,1,0.8254664130983607,0.9249160442942926,0.27325281707037696,1,Z,D
1.0454574111762787,1,0.8413657598788751,0.35476696774158667,0.3069663094356566,0,Z,D
0.519642406254192,1,0.38818662264655923,0.46664676011666417,0.20370671771312987,1,Y,D
0.622461411877211,1,0.5368302219578194,0.7040736281681815,0.405665496373837,0,X,C
0.24438992660332712,1,0.8220403561841423,0.45219153970550163,0.2593712454739868,1,Y,B
1.2727643799062047,1,0.4800239682231112,0.3274143717599751,0.8918258674396224,0,Z,A
0.10480757757917036,1,0.2360826886911711,0.1695201923966667,0.044929272297896006,1,Z,B
1.243264238443888,1,0.9940036579855842,0.646743142583826,0.9294633285327266,1,Y,C
0.2924596804289804,1,0.7251481391052975,0.8579843660111002,0.16326474467375174,0,X,B
0.5130771604401192,1,0.6744098796435298,0.810267398188009,0.438563065470011,0,Y,B
1.143196646888316,1,0.0676895692863374,0.9461708810103964,0.495624780419358,0,Y,C
0.3280539748001363,1,0.7137339561460226,0.7952025626759702,0.028339331799222878,1,X,D
0.3188012184904248,1,0.19038513936851398,0.5013254889344918,0.6508528703334282,1,Z,A
0.32992883477713786,1,0.3405871934435434,0.7042185503929932,0.5417120721252,0,Y,A
2.782481268270029,1,0.596003487427853,0.1694510172843402,0.8369162142487039,0,Y,C
0.7113196384166398,1,0.48003692548495747,0.5780007793759873,0.8694373446273432,0,Y,B
0.017214236027852357,1,0.9543617498228854,0.12694782482714662,0.8697661779182054,1,X,A
1.7411813151921773,1,0.22444016137201972,0.11487581483630027,0.20676536696580095,0,X,C
1.4691830360801181,1,0.12551453896694553,0.5941049243176936,0.2411235242419073,0,Z,C
0.10983093774716694,1,0.7352406660298997,0.8435769462015534,0.7030680368652608,1,Y,C
0.48986408880098975,1,0.5637164107591308,0.22201931840560607,0.356890206338795,0,Y,B
0.34269804955753935,1,0.25009879211887076,0.7462020856189486,0.8010079926171773,0,Z,E
0.016051265807431,1,0.19921848476552628,0.5812501631989234,0.749811313021933,1,Z,A
1.6413231990773736,1,0.35828126236133606,0.29121153055701443,0.13311292639357164,1,X,A
0.6544292873177493,1,0.6245367942143112,0.7116028026189843,0.24521154264881262,1,Z,B
1.063391427343106,1,0.3173958733725737,0.6646077702395504,0.5946332572984433,0,Z,B
1.1145464116991763,1,0.6979317748765229,0.922624205521961,0.6880135894496279,1,X,C
1.0833495467335583,1,0.9402322253248583,0.7572112920798014,0.9346641683537885,1,Y,D
2.1882711181066092,1,0.3901341376335319,0.13775731086759924,0.9468293216542597,1,Z,B
3.819242065168427,1,0.6357460248337323,0.05162227881679127,0.5614627283180921,0,X,C
2.603561637512185,1,0.8312694489112201,0.39585395350920694,0.20141580162574046,0,X,B
0.3536016632181581,1,0.6672433243981813,0.8979775227321783,0.9965157897109984,1,Z,E
0.8287634811326396,1,0.3616086244140093,0.3604440917039178,0.22419153707858996,1,Y,C
0.0027373079921174676,1,0.41321845865873896,0.35060598550743993,0.4152292540688082,0,Y,D
0.4703026869246031,1,0.056505750720066694,0.6968007752268351,0.902284574532607,0,Z,C
0.6557744267701222,1,0.05959523317285309,0.782204191286013,0.0314017235517875,1,X,E
3.3028357846354877,1,0.1303713313607615,0.6189371035990594,0.17309118596752116,1,X,B
0.28518294562517105,1,0.20621608572807715,0.7501995594762353,0.3338614379247177,1,X,D
4.530885862366657,1,0.006771040820635732,0.08692562415364724,0.9458515249195161,0,Y,C
3.290902654582734,1,0.7525144948884184,0.6206307491127319,0.9734674275009189,0,X,E
1.1958878089959268e-05,1,0.3631324130659903,0.12068187707760036,0.4160691298012521,1,X,E
0.7755945142203946,1,0.6043260526479354,0.007035040662226599,0.5147244006311108,0,Y,C
0.23727583087391702,1,0.1972537835838244,0.8753288950699863,0.26873238994634874,1,Z,C
0.30844649823895376,1,0.7594344800886625,0.3371738767965061,0.7333207098045619,0,Z,B
1.3550064766875292,1,0.5773453759764754,0.2429729059907858,0.628464841352488,1,Z,B
0.017681505881204127,1,0.2555990848578552,0.7360593799034727,0.2220226070272634,1,Z,A
1.0592868157278699,1,0.31169390255199547,0.9210962845636735,0.8115334708217455,1,Z,B
0.07269780094863273,1,0.2509519855780845,0.6467419711508032,0.28818104893921037,1,X,A
1.3480702723731623,1,0.14085429303818564,0.37745184725202463,0.8790434265123137,0,Y,A
2.3398058202824634,1,0.653345445674099,0.5041568565077617,0.042110130453383854,0,Z,C
0.9013444010115889,1,0.11932993202679676,0.1420049689673476,0.703992748150116,0,Z,A
0.8016355044860701,1,0.8339848940462503,0.4554861268310534,0.6490673717492935,1,Z,A
0.5390524515972311,1,0.3990997230400434,0.5430840321277216,0.4746653272883099,0,X,C
0.9233593867390852,1,0.4143842659608221,0.745625970212887,0.6874354424597764,0,X,B
1.101752129401551,1,0.8756351296262083,0.47336106617937146,0.41907308798829224,0,Z,C
0.47275147724321187,1,0.9200812377680426,0.7559327263852287,0.1282811444046087,1,X,B
0.20993533207322224,1,0.44153433987186597,0.1279440776668691,0.430056142488755,1,Z,E
3.3451319542914324,1,0.9932683537968,0.9168760740861283,0.2413950837706509,0,X,C
2.8287286203068165,1,0.5157106240111812,0.18801393810773803,0.4470408141082708,0,X,B
0.09223816759393315,1,0.19608436416226438,0.7390654410016221,0.850472642329396,0,Z,D
0.4083508726684009,1,0.9903167571669261,0.5246849573634392,0.3556144775494642,1,Y,C
0.2964384849724197,1,0.9396025877662919,0.1379773709776242,0.20069786787880173,1,Y,D
1.7785059370773095,1,0.07580289854981936,0.7953507751987109,0.6333268472288204,0,Y,C
1.2648405283078898,1,0.17711887081311484,0.07020848779365407,0.4794108438168121,0,Y,A
3.8584531124733354,1,0.6563775564865489,0.582671281828998,0.9923953690044736,0,Y,E
1.146313727869542,1,0.14909069346479753,0.9180629822178115,0.5419489076943619,0,Z,E
0.08815814304012466,1,0.6028898297366564,0.3536254194704239,0.1914160783134451,1,Z,D
0.07786575272190155,1,0.19041895216113958,0.7460617439960956,0.8730115926509705,1,X,A
2.0231326567001267,1,0.09869090859081653,0.7737431353272582,0.30948219423396783,1,Y,E
0.6217420693207152,1,0.2979510296160167,0.45780283835805724,0.8600007672641162,1,X,B
0.2991449542762723,1,0.1994226573288176,0.802937983368443,0.8207511617712576,0,Z,A
0.10867539892040655,1,0.5540179352731244,0.7747425702132936,0.1292392518984672,0,Z,C
2.141701505101457,1,0.5567208959975624,0.2893323328797963,0.5945122277315126,1,Y,D
0.07255950201312784,1,0.18054206567203013,0.9704747602478397,0.3568246138660337,1,Y,E
0.3974388478516182,0,0.7444423382796711,0.22816479038811055,0.5850167988271159,0,X,D
1.4663248790150736,0,0.8727374569653722,0.3405676296406984,0.11470250541358684,1,Y,A
1.8100958307824428,0,0.275431288554833,0.16231187116477852,0.09875991589007815,1,Y,B
1.136076998609675,0,0.840283602785508,0.8398626889338634,0.33987514810794817,0,Z,E
0.8029092183467023,0,0.5417533512066401,0.3066234591797413,0.6378345628505194,0,Y,A
0.5368141580103858,0,0.2514628240161133,0.4625946366930559,0.4465785854803145,1,Z,D
0.3851002667497664,0,0.7836238898153748,0.415809222479653,0.927563444814729,0,Z,A
0.3868279415676889,0,0.6385652749816177,0.9561100460415329,0.5592621574116916,0,Z,A
0.0135422309458036,0,0.5078503804607596,0.7372180006014931,0.12305450041563781,0,X,E
0.23091229547238598,0,0.07939397781946722,0.9700827685397722,0.34348358016166347,1,Z,C
0.1774394952336575,1,0.345077194237951,0.8555320294346167,0.806376567251454,1,Z,C
0.20157713974532296,1,0.6845198761290274,0.03436366090925169,0.14312857517389954,1,X,B
0.3696960451442314,1,0.18782827881438324,0.2870014523348424,0.9893776135579162,1,Z,A
0.47261873490591366,1,0.7159446051880362,0.32249059994749574,0.018679781942992912,0,Z,E
1.0759447859079285,1,0.40756225814246927,0.3528952942822755,0.8536814714453599,1,Z,B
0.6012213763766916,1,0.6764784032071941,0.6793220284442685,0.650765364015692,0,Z,A
2.1045328320972363,1,0.5471035709275828,0.32180499484803393,0.3850538174196606,0,X,A
0.6678981454357685,1,0.244383158832431,0.3045455076134964,0.005648876442152062,1,Y,A
0.6080441547186537,1,0.3285382799590567,0.3393541193892702,0.019308974820779423,0,X,D
0.027140801022498117,1,0.22382242191559532,0.9353619736895272,0.8116832786077985,1,Z,E
0.29920514380891006,1,0.5750056270048215,0.41470896106804056,0.10391110602481213,0,Z,C
0.34759992222497377,1,0.1345033169377594,0.4305779092541082,0.042708538131071005,0,X,D
1.1804098074285634,1,0.8834443932507827,0.38675959855234254,0.8014955619840559,1,Z,D
1.122259300580577,1,0.2729566080696125,0.8026028391778613,0.7373994808361332,1,Z,C
0.5420978552059088,1,0.03437375486355321,0.15983742239290544,0.443428726695297,0,Z,C
0.48194819362290936,1,0.3239905544854722,0.5798171900818933,0.02702646642918538,1,Y,A
0.1365815501831237,1,0.7086424039840334,0.39739047010980855,0.2876861107667529,1,Y,C
0.6213281811275794,1,0.3630022280071832,0.5427373485393825,0.06269625866185724,1,Y,E
1.0222873880087089,1,0.421420797751603,0.2331754492981385,0.9911371171952665,1,Z,C
0.23955145061056118,1,0.5618623373223248,0.42571870174358584,0.5827008218181525,0,X,B
0.2683358665575918,1,0.2795398721123389,0.7096981038749598,0.7123609974338824,0,X,D
1.2678815124302258,1,0.1354937810318384,0.9474285244731516,0.3456874069914816,1,Y,A
0.44274686909798655,1,0.9400692026139922,0.020673154595384102,0.4120988575890986,0,Y,A
0.25858906602982246,1,0.5292131990626476,0.41982494157954886,0.8511483026358945,0,X,B
0.8998806069610588,1,0.3770891352441753,0.6699101771560899,0.581196659662098,0,Y,A
0.13395261386280516,1,0.16266261562449946,0.5417171322274482,0.15110484612050512,0,Y,B
0.4559952553407704,1,0.40897423090115814,0.30056060396184847,0.2392069739533712,0,Z,E
1.8481994713048682,1,0.9899551556900026,0.9448694884277795,0.8675452425673705,0,Y,B
1.5947634787873477,1,0.0865691871800014,0.9252078344803605,0.8477083398273701,0,X,C
0.33021145527487983,1,0.8665261025224547,0.20882807199633313,0.023318137467234545,0,Y,E
0.3643290644340363,1,0.45320332307320155,0.34071803032862846,0.6053132908860485,1,Y,B
0.24494988630260506,1,0.1676162273413847,0.8986026919656144,0.324217814438972,0,Y,D
1.2788460308539755,1,0.9459121921148419,0.7431416908490255,0.629875353215643,1,Y,E
3.2658963931648017,1,0.7022316622327548,0.19811658937364818,0.011870521237361653,0,Y,D
0.6536809783028614,1,0.09155847573920761,0.6776223928671008,0.4869577414276045,0,Z,A
1.5417896183654363,1,0.09414705390856914,0.8437324807775051,0.15177660028221973,1,Z,C
2.4720857224044592,1,0.07677510988012481,0.7239242458908521,0.7533005572874516,0,Y,C
0.8393485151444743,1,0.03703012783996129,0.03604675321023132,0.7461170087802826,0,Z,D
0.005515072299478714,1,0.40172426478158185,0.350532350354518,0.3817194022298055,1,Y,E
0.5429696331368047,1,0.24173271644992067,0.2980674530380035,0.8389562071281853,1,X,B
0.24738798627042352,1,0.5362910664076218,0.8133045273958727,0.13068975525354576,1,Y,E
1.3575637914204857,1,0.09697485361505798,0.5155992135311895,0.5332746900185757,0,X,C
0.05889204989500259,1,0.4512913254357438,0.8017922203920905,0.33495471456325865,0,Y,A
0.8805485991552277,1,0.8211845394449996,0.34570016252044755,0.37562849114660146,0,Z,A
3.2410820901364428,1,0.14736827557501908,0.13405266062494314,0.3261322371045382,1,X,C
0.3417029021755853,1,0.8529472306458745,0.6430808359337864,0.45250161403931277,0,Y,B
0.5956055277905801,1,0.8680043706877838,0.24309771637608957,0.7548871389502715,1,Y,D
0.7969530182478014,1,0.39204422732325406,0.4355937389114237,0.47808577785679174,0,Z,E
2.1425236573089554,1,0.7995711388914529,0.28646737476380757,0.33195132180564546,1,X,C
1.316940558997299,1,0.04027382175059735,0.357807418284362,0.976693193597232,0,X,B
0.3206694367522137,1,0.897318229043859,0.8620776840040609,0.9267339517641544,1,Y,E
0.2014502389354747,1,0.120194532104417,0.6590129424470921,0.9266238832095209,1,X,C
5.361029024919721,1,0.03887440052723279,0.28141573234208705,0.5956717067991916,1,Y,C
2.0451688988932792,1,0.14749680501323947,0.6020814544445282,0.9733005570061546,0,Y,C
4.5339249507943595,1,0.5412588696832416,0.31039219803764806,0.16389030732402532,1,X,C
1.781057211710185,1,0.4673076938770018,0.48972187087004104,0.22726883141182364,0,X,A
2.044494542561802,1,0.5733870317940869,0.9829986571295565,0.061339342104656414,1,X,D
0.6395300623519621,1,0.012320887205427677,0.6068064351432129,0.27079571165917204,1,Y,E
0.056231480706562184,1,0.4049942216181842,0.5027191173938892,0.2214374728724683,0,Y,B
0.07833189375150425,1,0.35834008487994695,0.21329393129053698,0.22852588347948555,1,X,E
0.11174585785455425,1,0.7768639043237965,0.10164497907113923,0.6412522597144621,0,Z,E
0.43393964876823127,1,0.1988532348400074,0.592956846312222,0.6441583477798744,0,Z,D
0.027811230223918005,1,0.6865329430717043,0.46620065413833933,0.6317359468700805,0,X,D
0.5260043377979929,1,0.08731328264443339,0.5476777754349246,0.5414460329741335,1,X,D
1.040455967717644,1,0.6372977749261342,0.39432120198922227,0.731476160406997,1,Z,C
0.2798869548539723,1,0.7623685851786018,0.855595231049904,0.536868220844845,1,X,E
4.472896602817307,1,0.07648823871376587,0.957607717101506,0.4544607230880051,1,X,A
0.2954469512612609,1,0.9811965355991992,0.6903155295570195,0.8196538140221002,1,X,E
0.2635952625543502,1,0.5563543831403538,0.15748302360733213,0.4471026986377522,0,X,C
1.315569719241568,1,0.15124348891384976,0.1819532794813522,0.2253956954834715,1,Y,C
2.404231613937406,1,0.5010653201161823,0.1078034926187389,0.7800529700066834,1,Z,C
0.5887538540877484,1,0.6208317640497774,0.7908581348498297,0.32826008526858175,0,Y,E
0.05622437185147387,1,0.1800879612505657,0.9159159025709797,0.401180342044432,1,X,A
2.143605016941359,1,0.8073045071910726,0.5203428521117315,0.040774231413788886,1,Z,C
0.6253505878940125,1,0.2961800353968572,0.5617044053226931,0.3194902533274827,1,X,B
1.9012670303079982,1,0.9020780774842406,0.04647036583303277,0.49828905495064835,1,Z,B
1.4697870729556612,1,0.7252068746709633,0.22710917115208096,0.6958274905670446,1,X,D
0.44417426982915154,1,0.24150797389956968,0.3594190271410814,0.21123878028602994,0,X,C
0.24138067598345214,1,0.46108885209380035,0.39661776809936755,0.4298991885393423,0,X,E
2.589870970545321,1,0.24861467354193134,0.3260920374465278,0.5218916812326481,1,Y,D
1.831123499414138,1,0.9144110771682854,0.9851590447921262,0.7290109296445794,0,Y,E
1.216934615686056,1,0.3301933927911501,0.5824632873137873,0.9898229435480032,0,X,A
0.6500471371552108,1,0.7364466337018066,0.8285562450685543,0.19253071552117496,0,Z,C
0.6655794819627618,1,0.5460314710892246,0.5440539719357247,0.9616435920529076,0,X,C
1.4411381630895406,1,0.6492843411754528,0.383366085726763,0.04191724385950513,0,X,B
0.6486695773353168,1,0.27479023132187264,0.10261743564065129,0.21826440109077228,1,X,B
1.5305155839313,1,0.034251909032438244,0.023719840744799492,0.3860587021532478,1,X,E
0.008135628536106016,1,0.5038403804671537,0.726444589659333,0.30888866570629714,1,Z,B
0.07884861687968017,1,0.6635655258834805,0.6473922692868933,0.8219218743774745,0,X,C
1.3357123013686238,1,0.5347976275018225,0.6648731655353602,0.41300917902008416,0,Y,A
0.07015418834858503,0,0.8723424381873063,0.6510692771064839,0.20822764696407137,0,X,C
1.6517240380210156,0,0.45539841820868354,0.7107155281901244,0.23698520684279334,0,Y,D
7.165322113143281,0,0.1491923653504329,0.9651654337431378,0.4233761565138928,1,Y,A
0.03810059857161322,0,0.4625001655225963,0.6361605116770391,0.5557032801983974,0,Z,D
0.8762141667299788,0,0.5659662940212934,0.17560533812619017,0.5013261841902271,1,X,B
0.34510433051023476,0,0.4017275531678174,0.2779651624341871,0.6737594663595664,1,X,C
6.3416964274643375,0,0.10926403001357998,0.8428159313871456,0.08105745069471793,0,X,B
0.8096962831024528,0,0.3064404337879675,0.578207180071446,0.3562409259407684,1,X,E
1.1033324973225016,0,0.1312181505062362,0.7739478591832437,0.2765769640883996,0,X,C
4.590584983375929,0,0.9078602462448987,0.10270806428623391,0.9520229165698638,1,Y,D
0.005533454530563839,1,0.8697357674808873,0.2099393281681613,0.6079096070972156,0,Y,D
0.25301951788783844,1,0.9568602657908076,0.04420916907202699,0.4356740064726974,1,Z,D
1.8726268996659505,1,0.9446037109375837,0.9821526714297965,0.6339367028136598,0,Y,C
3.174918554657399,1,0.03230312935978352,0.7651770177592279,0.14633701901509188,1,Y,A
0.38676743400354135,1,0.02493700740100513,0.41759724291592026,0.5534717435457364,1,Z,B
0.014653475155089057,1,0.22128703426879492,0.8035801607062801,0.8042914204031484,0,X,C
0.8202815703344722,1,0.7745026451950401,0.2117380457473914,0.7911170428894234,0,X,A
1.849042105651834,1,0.5023193831181724,0.6378236613911211,0.250243580227143,0,Y,A
0.5711954423244294,1,0.2986126129943584,0.14529073170343154,0.8116602896613516,0,Y,C
0.5940207609805611,1,0.33085987477731793,0.11748903507729291,0.08172652473138309,1,Y,D
0.0070850655477511645,1,0.38509597331013423,0.2801600922285856,0.7589430054246158,0,Z,E
1.3840671007717724,1,0.5989055284181308,0.19381499446977724,0.8887449166983048,0,Y,D
0.8444891741957636,1,0.11639534012866692,0.4929627173806507,0.6513527804913505,1,Z,A
3.038213485911629,1,0.2807982072245331,0.32820589469713624,0.8182389687637306,0,X,A
1.7191464095612679,1,0.5289039757559234,0.04695420576403131,0.4179890025390922,0,Y,B
0.9414467178643865,1,0.004089410999448262,0.714079066929509,0.7549477373328807,0,Y,C
0.9016348158733049,1,0.08314732670158453,0.9701270198613996,0.80985080840209,0,Y,C
0.018240822835270766,1,0.6789042046447075,0.3000885963848611,0.2639352276784752,1,Z,E
0.2468349772388067,1,0.6369326144210438,0.6397394660010295,0.2664011479295255,1,Y,A
0.8324369665860782,1,0.8395195578407086,0.0869404094794215,0.12236027247543746,1,Z,D
1.490661165442483,1,0.13708016697543213,0.16905166914609526,0.6808338588929624,1,X,D
1.8041890924335784,1,0.35686327535071016,0.5842358477130127,0.6591155968872605,0,Y,A
0.9521432979057992,1,0.4477561104328748,0.5219303385366093,0.7945516571180237,0,Z,E
3.237845175807786,1,0.031617006530249236,0.22118456165493905,0.45390770615277654,1,Z,C
3.1575194009390772,1,0.3446416668614031,0.49743125678048805,0.4449359908123728,0,Y,D
0.021879656752461677,1,0.8277600288558787,0.2364548455410035,0.1768340285507749,0,Y,E
1.03584397196138,1,0.536216811636592,0.8185439926695437,0.21292547735080425,0,Y,D
0.17964270591378845,1,0.5550799703159174,0.8796920732777772,0.07854953574805001,0,X,C
1.3442420773209334,1,0.059268339707860274,0.8446591024037481,0.586585532518228,1,Z,C
0.6812614386098307,1,0.39655288622541396,0.12539648994892183,0.24781684194576692,0,X,B
2.6326590795452005,1,0.05236689044692655,0.6993448426860825,0.3004691964109084,1,Y,B
0.04580701236534719,1,0.7091970998514484,0.7620839121115093,0.6859429082695315,1,Y,D
0.21753987012041257,1,0.4089444748725237,0.5247733398109845,0.4333333647758576,0,Z,C
0.5503388862078795,1,0.9079004499167259,0.10412823345522593,0.3410229072982581,0,X,E
0.3184154921473188,1,0.8050499244819291,0.7434245913387972,0.5938613232480371,1,Z,A
0.0734489431273049,1,0.2979150624630934,0.26577719374983355,0.08967965711284187,0,X,D
0.11822111681449488,1,0.33996248856289324,0.9414489115981315,0.6100899629114476,1,Z,D
0.8559007175714897,1,0.059725831966193965,0.5467452350722402,0.5015003669192127,0,Y,E
0.3014364522168162,1,0.9153731179411743,0.15035409147049372,0.7486291843616747,0,X,A
0.14166860403542794,1,0.6675731646136476,0.6134441227381965,0.5132668080026206,0,Y,D
0.6497413081758789,1,0.3373214085496309,0.715887741010395,0.652680911450484,0,Z,D
0.022745817469559927,1,0.36874756408865705,0.39996946357210084,0.13909353200953123,0,Z,A
0.049681243407283374,1,0.930122486371235,0.21952796710016187,0.7063459219028787,0,Y,D
0.037597101639812475,1,0.18576535737013022,0.7802269940461835,0.07153517693918254,0,X,E
0.17626916791361052,1,0.7083633483567242,0.24093688624346676,0.02830043384289127,0,Y,E
0.20112732882533807,1,0.3923806231985114,0.24948469732764622,0.3615072038321864,1,X,D
2.231503890888647,1,0.640250378079289,0.34994887990184453,0.31565691173668986,1,Z,C
2.085107450768864,1,0.6889211121336366,0.7885339576516883,0.9736573803516517,0,Z,A
1.2308919983083273,1,0.8998041303946596,0.8883110897212407,0.7804047735027567,1,Z,C
0.3426987799919354,1,0.2056686648439896,0.8304698704844737,0.3110098137010764,0,Y,B
0.39472996301675667,1,0.23603621521376794,0.2299149524470414,0.49464159804533325,0,Y,A
0.31052200745594544,1,0.18666170019244555,0.6522565317494512,0.020896422585095276,0,Z,B
0.16997538426971973,1,0.6422663959790124,0.4392654618063361,0.16371150149602365,0,Y,E
0.07905929232331285,1,0.6197375771279714,0.4579027329199944,0.4097223405548578,1,Z,C
2.300223434527067,1,0.7627803892197557,0.9983076166716432,0.06980655853641082,1,Z,C
2.25701427032785,1,0.6127663964055351,0.2815062519673992,0.41131706418166813,0,Z,D
1.7787771964585912,1,0.5487794492577266,0.8141992457346344,0.5603895911142384,0,Z,D
2.1424481537483424,1,0.058858140112563295,0.5747721700139168,0.11967577724346068,0,X,B
1.1574287151060685,1,0.4723198870608868,0.9673369087141147,0.6947898180058774,0,X,E
0.7795703792564987,1,0.9588573575633128,0.19462347705938743,0.6874490779365261,0,Y,D
0.7733437832893855,1,0.012265238934771494,0.4191715783018979,0.9980033965698816,0,Y,E
0.7198769693929769,1,0.9023365920236682,0.10256584282705361,0.2097908372452223,1,Y,B
1.7208797574759866,1,0.5329444713473525,0.8884067938079813,0.731947156735059,1,Y,B
4.113069810130139,1,0.20988446210521328,0.009096948692026596,0.2722829458736056,1,X,C
1.5526099522518806,1,0.25122086615148576,0.556713171124133,0.42117760291448325,1,X,A
0.32588641771852206,1,0.23113592834439267,0.3583936558958747,0.237411729384014,0,Y,A
0.052690741052588634,1,0.5937962104287581,0.6648146927640829,0.7300293522353796,0,X,C
0.14155735886586518,1,0.31562529673117756,0.5020424806136456,0.0689339597648504,0,Y,E
0.247780470170076,1,0.8943490278050756,0.3234374266866844,0.05233147156298723,0,Z,D
0.46096279533772083,1,0.2056770105805411,0.5126165604833142,0.7705567948208051,1,Z,C
1.2039972126223308,1,0.5436618085314202,0.4781064205331681,0.8689302675663284,0,Y,D
0.3501836800166271,1,0.4091057440817083,0.03458831663972095,0.8668873828910099,1,Z,D
0.055675196706715634,1,0.6485707424537631,0.997744334007448,0.7461998216067044,0,Z,C
0.2693326425234963,1,0.43886028266277766,0.6117691304096059,0.553869909016223,0,Z,A
0.25010963073508125,1,0.9101352508009982,0.11203371191717892,0.9030633482641334,1,Z,E
4.206582760814901,1,0.035084602235329054,0.8048705904236529,0.7722146417155795,1,Y,D
0.49036753681639816,1,0.793915041179355,0.4774103086458268,0.6530987758185991,0,Y,D
0.5094244949273131,1,0.1191521703762275,0.5802412627671558,0.9596953674557975,1,Z,D
4.5010068337512585,1,0.5354756374568997,0.24941351178631144,0.37910142762161425,1,X,D
0.18486919452478623,1,0.2747871439806696,0.3896472025514137,0.004415469427425767,1,Z,B
1.0764180305161042,1,0.1128943404036965,0.7763625364127792,0.8748586191106272,0,Z,C
0.17001677396242781,1,0.16574126026904068,0.3907546344051738,0.6264878020600624,0,X,E
0.12011118101982798,1,0.28543020171650246,0.35915670640896236,0.06793607511802613,1,X,C
0.924995253864149,1,0.2227313065950961,0.9781370684799603,0.05538696462312609,1,Y,C
3.6571207454330232,1,0.9958717738825524,0.7319155404988535,0.6253642262903656,1,Z,B
1.1616639062358083,1,0.45871784063883225,0.06069826562026803,0.4594797074755812,0,Y,B
0.697887821482594,1,0.8963497470001707,0.4333365339491674,0.508163441790968,0,Y,C
1.120409364144985,1,0.03814280944855819,0.8187067224466904,0.09107717413619221,0,Z,A
1.450390661425056,1,0.027939755866845162,0.9777643584725271,0.8752074596169087,0,Y,A
0.40004336449566713,1,0.22370434745086376,0.8576819053150454,0.06908357290308942,0,X,D
2.5851345964096395,0,0.8072813980996385,0.7886788272429756,0.5462852022330523,0,X,B
1.0084829473342738,0,0.39931743610258574,0.08896231045513836,0.46145778092423606,1,Z,A
1.2779043153138492,0,0.8776853303493807,0.6199251846559103,0.994435834370772,0,X,A
0.2652464403786165,0,0.3297984642885482,0.13788507046231613,0.7337572521918511,0,Y,B
1.2127653010437305,0,0.4842896924669382,0.9180866433896698,0.027469470751572134,1,X,B
0.6950440897629362,0,0.01574038672715261,0.38048356100089487,0.21513671773149634,0,Z,A
0.651325610500224,0,0.1586167490148137,0.8527189033556121,0.04053001469703876,0,X,E
0.6302765013627574,0,0.17177897472170922,0.9234260408873066,0.5988271359814676,0,Y,D
5.00400614823422,0,0.8915704737082972,0.7929778050860641,0.6116749881921669,0,Z,C
2.211695592955901,0,0.8554754769711671,0.54783823416966,0.547421828670901,1,Y,D
1.9847558325558332,1,0.09089666814592323,0.2883572380386574,0.00662575340034155,0,X,B
0.6758656327034946,1,0.47623735456773464,0.8292307070000251,0.7262507905543701,1,Z,A
0.3394058046983341,1,0.24375569054953306,0.2648313071987022,0.7247914673039084,1,X,E
1.607919417277196,1,0.42545724991600653,0.12056642971781917,0.8872934607716394,0,X,D
0.18286013694904815,1,0.3076579871082804,0.09012003587733264,0.7045543495726879,1,X,A
0.30366476436739276,1,0.4392029877557678,0.1683528493049984,0.9880772880931646,0,X,B
0.8901224369554881,1,0.6037950516631196,0.22260529848817223,0.23391338816588159,1,Y,D
0.6403587360722336,1,0.8678582943573759,0.023733346863719418,0.9838496914700038,1,Y,A
0.7325704650555964,1,0.9507159734575439,0.8026552146759731,0.9444634389105263,0,X,E
0.6367792734026243,1,0.33888868054443044,0.9788243735475227,0.6428632440013431,1,Z,E
4.31259459314076,1,0.576811156822885,0.09826345400265124,0.6535825662964273,0,Y,A
0.36428814641302604,1,0.7637556155985855,0.08099231771710158,0.8548416919844641,0,X,B
0.14959173546076582,1,0.8625527517049691,0.7385104589108994,0.5116007391488959,1,Z,A
1.9015550845384896,1,0.1337040531939031,0.6299305232678496,0.10718662617173469,0,Z,B
0.5806134783447927,1,0.7708595636393721,0.10607353279872656,0.5045043019233751,1,Z,E
0.3580967266546173,1,0.017147867663841243,0.8049614251768478,0.407701734431125,1,Z,D
0.05554073418889841,1,0.4451394616208386,0.4761931812982064,0.007670241774070385,0,X,E
0.12813276046153657,1,0.5523209483842529,0.38900263478677266,0.6147844008252047,1,Y,A
0.5534506662664934,1,0.6351245687600721,0.16550667718452716,0.28483303432162643,1,X,C
3.3888196262990027,1,0.5875538672641762,0.5571454808807058,0.9343217839122289,1,Z,A
0.025631245622679055,1,0.4819139430856346,0.1384053868439139,0.045589423616622105,1,X,B
1.9109340384948563,1,0.6022141234647775,0.13955333418634475,0.09429235764667487,0,Z,E
0.04937382921546047,1,0.9727793063397899,0.031790757828824345,0.6810617640326827,0,Z,C
0.5428896789157447,1,0.320274214486866,0.933139954029593,0.642290924843279,0,X,B
2.7581237353193626,1,0.043514352062098416,0.4144119533545808,0.1930038460420962,1,Z,B
1.9100021760052575,1,0.9243563363484398,0.5990491499572146,0.9798922988592123,0,Z,B
1.3850265569905775,1,0.8534087038486321,0.1933002561647269,0.15774291325072842,0,X,A
0.19098616722768064,1,0.421028217385099,0.303677507590727,0.5762265975370331,1,Z,C
1.0011310694350442,1,0.9580652817768018,0.8028707106560917,0.8121878166606151,0,Y,C
1.7873888617953853,1,0.5320605843738047,0.2922424045575055,0.054103702116177654,1,X,A
1.0891978247199678,1,0.6692475423529766,0.6160618875882127,0.24376149831449556,1,X,E
0.7224324994972766,1,0.7513506725990025,0.30872471835782755,0.7738761492283331,0,Y,C
0.5906342797820592,1,0.36150381681250576,0.827660941099046,0.4043393435797248,0,Y,C
2.1402075765725512,1,0.0815045257173801,0.5021743807481394,0.3476445731265655,1,X,B
1.4754870021114084,1,0.7412598208473342,0.7223044874714837,0.45127690580479773,1,Y,E
4.67255939746819,1,0.15121552369715696,0.7578078212652422,0.2848234340000826,1,X,B
1.3345316101168363,1,0.4696442432246236,0.06225144010063166,0.38548115907255975,0,X,C
5.339496537501725,1,0.3355040711088253,0.35103775730390885,0.6523659862558839,0,Y,C
0.6471500811869874,1,0.9992589064850785,0.47558983844654146,0.16584249306971532,0,X,C
0.05138341203872681,1,0.751381992916591,0.3735886415673251,0.6797056849494963,1,Z,E
0.62275121762796,1,0.4062233473807958,0.8331858519991059,0.6479389154845465,0,Z,D
0.05237649075361371,1,0.9003786742391636,0.17011570349484972,0.13889901839551488,0,X,A
1.4718505177189198,1,0.2930853099139541,0.5356932924551794,0.1763088184043291,1,Y,E
0.5346137196665429,1,0.32003617624861624,0.5225359256524209,0.7511652453000762,1,X,D
0.6462437904018333,1,0.7955700995691882,0.04162613497801837,0.038220564088747855,0,Z,A
0.013634924323246709,1,0.17387476998333884,0.17914251853044016,0.16344727591196662,1,X,E
1.0982552673408568,1,0.8248520637359257,0.2849904235190257,0.7096598731206525,1,Z,B
0.7561906332301939,1,0.3905789732590035,0.42860556183900733,0.45160108933399035,1,Z,B
0.11558874164526506,1,0.5576360451767983,0.9331444222445828,0.5154918049095838,0,Z,D
1.6607049323485574,1,0.06541274175125833,0.10361595982771632,0.43091696846874805,1,X,A
1.5849048137491346,1,0.015054324378690476,0.9415228270764889,0.510352239340759,1,X,C
0.2034521582699919,1,0.8408080426951677,0.022456359983347496,0.6559956606686722,0,X,A
1.822798190774871,1,0.060038753324319516,0.36468703547494463,0.20510717972437176,0,Y,A
0.6166086740532535,1,0.9450310481474467,0.38148933063850043,0.6787197400866263,0,Z,C
0.5308668223545656,1,0.30843715603522937,0.9712522737849296,0.9726337999375888,0,Z,C
0.30345343612375913,1,0.658390895288955,0.3985493764339936,0.1300803390601556,1,Z,B
4.774491348857133,1,0.010161624414863124,0.7087836687469585,0.713119774049701,1,Z,C
0.40671057020509516,1,0.09948669196136506,0.2835520961133413,0.2379815734030848,0,Y,A
0.44343082695786495,1,0.5735345002388723,0.09089920750866098,0.8664011776599038,0,Z,D
0.5791635943481502,1,0.07706339945542096,0.6164729304648254,0.4837913009347221,1,X,B
0.8868385901929046,1,0.0939603856299649,0.6237631318459448,0.09883179983245904,0,Y,A
1.66951422444051,1,0.47818671591785067,0.8699304002478303,0.046471780396104445,0,Y,E
0.027655685048168822,1,0.3477904237299332,0.18020877302173421,0.5211385683232678,1,Y,E
1.5716054062768874,1,0.42167045065433517,0.8464805708697919,0.9597225290493867,1,Y,A
0.054766344144966506,1,0.768150800875859,0.2765297555710763,0.10376365162733892,1,X,E
0.8076623584833983,1,0.4505831514831914,0.8941807075761635,0.13998369443238456,1,X,A
0.8287333055154129,1,0.6292511765978869,0.2797489660897081,0.5995001553621628,0,Y,C
0.3308569641234418,1,0.19832766286677883,0.6819903818052973,0.3605939762282052,0,Z,E
0.6678844984693477,1,0.546353112476736,0.9300271592619281,0.9042672804323895,1,Y,B
0.9424268613899107,1,0.6419097526240085,0.9196199084476127,0.8782622759851274,1,Y,C
2.4930751679639407,1,0.2686229893924025,0.6063096149401391,0.7602912197723377,1,Y,A
0.8442045662724861,1,0.01284273810818748,0.193620434794618,0.095099472882206,1,Y,D
0.4135138752738495,1,0.899909608364862,0.5240197487023233,0.9165139295115492,0,X,A
5.839684873108015,1,0.7571407260315114,0.8214299508209447,0.0902170967938184,0,Z,B
0.5576328604241501,1,0.01204432284971002,0.9462193596416615,0.953168568535594,0,Z,A
0.036866777784997244,1,0.16779911467663144,0.6077923137261586,0.7797759294447896,0,Y,C
0.35196255248388403,1,0.2625495543522992,0.40223753786191274,0.002882072003966951,0,X,C
0.6430208357644738,1,0.10966575361424669,0.9907352548040317,0.007453562281601767,0,Y,C
0.5023307368483504,1,0.16147224610362798,0.4922430060621764,0.2178578899840925,1,Y,D
0.7879513975896649,1,0.35396368634449804,0.6417725171946269,0.08987742844746394,0,X,E
0.639855137209903,1,0.8843138756053189,0.7865970323068926,0.16156911359341264,1,Z,C
0.32790782103429683,1,0.21389875884790754,0.9288514917292745,0.4463065458507317,1,X,E
0.8631338341979583,1,0.07074983195498608,0.2398173901606654,0.967291990461966,0,Z,A
0.7743698452703103,1,0.20422614502226044,0.1577751048083783,0.10453731379812647,1,Z,D
1.2397489851017127,1,0.8743725743023736,0.8967009831370893,0.78776233757715,0,Z,D
0.7677227688348421,1,0.972827563236094,0.4168788842003661,0.6471648438061144,0,Z,B
1.6031148320397155,1,0.6257366436060777,0.9571125694995709,0.9724374799214619,1,Z,D
0.018803026586963548,1,0.3705396891607323,0.07784832072229886,0.7080489628283153,1,Y,E
2.599618592305869,1,0.34597867207535493,0.1386821589794507,0.7416282455275203,1,Z,A
1.0423995453111214,1,0.5662812285648089,0.4117101445635707,0.7338004692485081,1,X,D
3.7738563013467465,0,0.10278986424432535,0.8629504233184291,0.44254894341016293,0,Z,C
7.191083858847565,0,0.8915737464047692,0.7986713862565281,0.8691468475659044,1,X,D
1.9260565027369252,0,0.1035408384726283,0.5005597495853279,0.01779822756362104,1,Y,E
0.5618195422365304,0,0.419266005393209,0.566919721004222,0.48151827177918805,1,X,E
2.746730360243448,0,0.3211398644229908,0.20766556786821433,0.6431597353310239,1,Z,A
0.5619916443375661,0,0.8863640475991873,0.2812078679977932,0.03787366596487585,1,Y,D
0.36966999270826073,0,0.22161669286005703,0.580922967345501,0.13055038576537037,1,Y,D
1.397726151486121,0,0.6922285006811406,0.15938630296252665,0.9475984223868205,1,Y,D
0.07137820937211216,0,0.9356821020708029,0.013791845543942638,0.7576342162821345,1,Z,E
0.41115719485888286,0,0.11959603208050662,0.30626747729356774,0.4936309476506602,0,Y,C
1.0957402559533678,1,0.27174646575938644,0.9780119071123036,0.9238838264867785,1,Z,C
1.5586127994732941,1,0.6044890911818154,0.719956593690898,0.33980900026644334,1,X,C
2.208739912891756,1,0.049852242465745156,0.1546544214097323,0.34357978508125464,1,Z,A
0.03358180770620018,1,0.2853278582024613,0.4132823183817115,0.9896361759966312,1,X,A
0.1922496017679161,1,0.3904704040099538,0.6580109308561427,0.0463467717705951,0,Z,A
0.025281192843845484,1,0.10389168324043085,0.23382816278643714,0.3656405244608568,0,X,A
0.44655581399784217,1,0.29683896623592265,0.34664480316181767,0.6504385528331522,1,Y,D
0.4995639889983132,1,0.8685618193294733,0.16977324035853425,0.6238031273173623,1,Y,E
0.5454882114938464,1,0.41185141599894426,0.9215444965618899,0.8089446184541843,0,Z,A
0.3036429715950871,1,0.5839501675537011,0.6244564735380238,0.7595601210207696,1,Y,E
0.3850013427470467,1,0.8699917497356876,0.9272021192234445,0.5108668274504723,0,Z,B
0.8321373200349833,1,0.30551991320032057,0.14455041343307762,0.21073048917952275,0,Z,B
0.31408193580814253,1,0.9792476114769513,0.48241874187537304,0.22385745682239921,1,X,B
3.080899725732192,1,0.8151124320444101,0.4548026615895031,0.3652180495740136,0,X,C
0.9874723442956612,1,0.4875875408726241,0.23397125882887937,0.034348360476748496,1,Y,E
1.1033757814178664,1,0.907366149704175,0.6914472471226178,0.5799955931714259,1,Y,C
1.2234613728480215,1,0.813939889984424,0.39867819841795593,0.5939028571954494,0,Z,A
1.072250467817065,1,0.6611217112934366,0.7372622647895754,0.17170072683040893,0,X,E
1.8039789677754627,1,0.42644076090182836,0.6997267971566716,0.513713403159372,1,Y,C
0.4077313706188586,1,0.21432714359369898,0.8668302326206495,0.5472640259447502,0,X,D
1.49807309533211,1,0.5052574724259026,0.011402169187710864,0.06756516024676162,1,Y,C
0.13573836975557482,1,0.5896177903722871,0.031777560085925693,0.49065116742237425,1,Z,A
0.7689642750058068,1,0.7645183909542622,0.5863474440390567,0.81660476458349,0,X,A
0.3331373526164043,1,0.8278312847940752,0.05314171845349924,0.3249040223816412,1,Z,A
0.11813594620491702,1,0.20365429541213065,0.30722629837917204,0.1899878044865253,0,X,D
1.863356036661365,1,0.9407293037147819,0.09093198080239862,0.23347030874147334,0,Y,C
0.6642063915358086,1,0.30181141425437064,0.1063453058213647,0.41677638252020255,0,X,A
0.013019710100735354,1,0.692810580759988,0.7946122513994113,0.4498373167066355,1,X,E
0.3595970177550707,1,0.809311513354956,0.7203050793083311,0.7849007486127388,1,X,A
0.32018300046888426,1,0.07651164753424022,0.9403521185456584,0.49990436416905504,1,Y,A
0.441401622225879,1,0.3332378036927218,0.887719045014552,0.665348482095772,0,Z,C
0.8274864220479077,1,0.13747141191621548,0.3004534053735215,0.4116872322764421,0,Y,B
0.5297773393213523,1,0.24077728708078916,0.41018447907094857,0.6622846351118531,1,Z,E
2.360921624266437,1,0.6043009780805555,0.579972235567666,0.49071007456426496,0,Z,B
0.2698028489577127,1,0.7922079395986997,0.10913348525660149,0.3927058420915899,0,X,E
0.23162348897389648,1,0.918542563711835,0.9666861841529552,0.3746733171200767,0,Y,C
0.19826710091669617,1,0.588041819668233,0.857488718874319,0.8368982223165806,0,X,E
1.7640289240386346,1,0.30798498546836706,0.7473816174427561,0.4093913189804683,0,X,C
0.7063925424378966,1,0.23429502392024992,0.8387543227737598,0.3363655123788448,1,Z,C
0.6774199488415817,1,0.0750281266100784,0.2867243092868016,0.15600991662178654,1,X,E
0.859763157404235,1,0.2993698318868342,0.8708092662283387,0.8980122587269149,0,Y,C
1.7686150000170437,1,0.917278497463464,0.349287595237854,0.46195921487417213,0,X,C
1.0211878806043886,1,0.560277884064082,0.8806049071051945,0.7226337581971758,1,X,C
0.10902917595519974,1,0.6894830500752704,0.9036127259575292,0.5373869449535883,0,Z,C
0.48932063285491884,1,0.49664989468054177,0.7776836239347517,0.8212433655465157,1,X,E
0.11963677116322372,1,0.8455734830189275,0.30219560887811636,0.36935322014161964,1,Y,A
0.4203742506803528,1,0.4714230707512297,0.6706984570566334,0.7861194509059969,1,Y,C
0.6139667286785458,1,0.2418747660242413,0.28498799109318507,0.954941727778946,1,Z,A
0.6201559332739955,1,0.8796217177161643,0.5609077036016715,0.7685554274959757,1,X,C
0.5660730692225421,1,0.9702023252837753,0.0744405521696817,0.20173344569556895,1,Y,D
1.5238875103748566,1,0.027183096306896304,0.7575027536154049,0.8889223602295429,1,Y,E
1.9871365814887074,1,0.30928594280347976,0.5033263440585839,0.28456026442620175,0,Z,A
1.8617906805157949,1,0.10274434346531958,0.2788274915089757,0.6738300744492467,1,X,D
1.5616164338478988,1,0.7037651582075427,0.14891206386634148,0.4513396680896802,1,Y,D
0.6146216883148347,1,0.26521024196058507,0.25665935850271726,0.6817270243857527,0,X,B
0.6967936367546713,1,0.5792993282262726,0.19911013191794413,0.8428710412436188,0,Z,A
1.7051818752453096,1,0.0317099083511293,0.6194630978330126,0.04993152267545642,0,Z,B
0.20718825923390163,1,0.4148284999519488,0.8201124742534517,0.9592762543427795,1,Z,A
0.19889475364996279,1,0.4773043639253344,0.406561776038985,0.829061707712135,1,Y,E
0.9803208011254232,1,0.46872367883271127,0.3501598776465674,0.13999291836984484,0,X,D
0.002186002998234122,1,0.524444491202553,0.9062068561190909,0.7608969840466024,0,X,E
1.0945899018019467,1,0.4293054232571919,0.3627657400855261,0.02754509020252549,0,Y,A
0.9167405611170834,1,0.41034977686766405,0.7572339069213044,0.0033523250161375806,1,Z,C
0.02464712954978235,1,0.4013957739259242,0.34703398496242643,0.9672862989632987,1,Z,E
0.1444401792575137,1,0.07489989463510827,0.09268009621924556,0.14506551896710318,0,X,C
0.31810331075104625,1,0.4418972162517413,0.17822833489707202,0.7570796171466759,1,X,C
3.6063776994250505,1,0.09145746009389621,0.37742532718726984,0.5573157056017186,1,Z,E
0.009135667018246895,1,0.6593346552307611,0.7113950377446205,0.5054312411367118,1,Z,E
1.06069367859342,1,0.3790764641483215,0.5019307993107931,0.44248258202697777,1,Y,B
1.7920140688244155,1,0.518417319416482,0.06915886446930453,0.9181319423279136,0,Z,C
2.083130927645917,1,0.7636459279837754,0.10303339451293902,0.4012666837662533,1,X,D
0.7292480626935203,1,0.3198243715853395,0.8386855255940089,0.5586963717870116,1,X,A
1.3171828395188623,1,0.21702648277604186,0.04331101277433613,0.8543749382933599,0,Y,D
1.7659726830861933,1,0.44700191055754335,0.9233564671978384,0.9660379262168753,0,Z,A
1.0558124444772614,1,0.0693870893071078,0.982344181622343,0.7456855791970501,0,X,C
1.312068078212614,1,0.11846652116266831,0.8878592243326555,0.13527795395062148,1,Y,A
0.7490943799653684,1,0.056582744173172106,0.9777485284330623,0.02339899778483112,1,Y,C
1.0841657434213494,1,0.8914617111802833,0.7684646880901342,0.6147017020331181,1,Y,E
0.3883934821776116,1,0.5308610605146515,0.397006229041597,0.9583308527276797,1,Y,B
6.523783020719168,1,0.5818986492765197,0.08794101847659741,0.31082344108957427,0,X,A
2.807394706133951,1,0.13148399268309718,0.6108922598070096,0.9334841951862041,0,X,C
2.0846192446759075,1,0.013538204668149145,0.19256185911612977,0.37107504031858507,0,Y,E
0.5551899502784445,1,0.34725106087717716,0.46624289506853156,0.016484727602822713,0,X,A
4.988480826515451,1,0.8491688436522784,0.8377124229915994,0.19685535392134046,1,X,E
0.967085052040669,1,0.16247835615559236,0.1865753148274808,0.9884478233589599,1,Z,E
0.04601322289703607,1,0.4847191366988425,0.8513487578184845,0.9213601274926428,1,Y,C
0.8068393795471285,1,0.48902694596304996,0.4607879853596556,0.9547424784422839,1,Z,B
3.442371110688034,1,0.2672732554606013,0.4921546207334412,0.5332224595953681,1,Y,C
0.9404109081970077,1,0.5204712000753731,0.0800930537811596,0.04445225796198882,0,X,D
0.09771843331558237,1,0.6537317791462535,0.7999980256233388,0.6442190684453968,0,X,D
0.11797349983336235,0,0.7365769233275119,0.7678675380253691,0.7657077944989278,0,Z,B
1.4026713795919474,0,0.9222666834552754,0.7880863741247509,0.8555656696501337,1,Z,C
2.1129240067595836,0,0.13810021116044136,0.6533152763444062,0.5503630267276133,1,Z,D
1.8086926864101842,0,0.11923214763839451,0.11634975653236823,0.7458014547669597,0,Z,D
0.17025095614672783,0,0.7168128492190324,0.67601291906426,0.8288387452017364,1,Z,B
0.21547473108211457,0,0.3940400428288402,0.9626625015658177,0.4176408793079085,0,Y,A
0.4775424252651159,0,0.21248425062336662,0.2947306806325328,0.371727652705946,0,Y,B
0.18956031282249494,0,0.5527515278463203,0.08672829740781196,0.6734860557134981,1,Z,C
5.654378514973656,0,0.8684545115926514,0.4693717786766983,0.5486497278140666,1,Z,A
6.265603513661051,0,0.7679716562479572,0.4363677134809061,0.511916570035276,1,Z,D
0.7028910464407145,1,0.5205809588184129,0.9009690667844651,0.5090117237681901,0,Y,D
0.8225692031396156,1,0.40304912640069546,0.9166783734978564,0.6624281268415099,0,Y,B
4.515260576764124,1,0.46247531991982826,0.18949162365687833,0.991194141826471,1,X,B
1.0441813814638545,1,0.05931568301848911,0.37165009521586,0.143839581102975,1,Y,B
0.468020643303127,1,0.8801710738005936,0.7572539616274298,0.8869884300593132,0,Y,B
0.03196794262287734,1,0.060771705821056954,0.0924680888918834,0.128374918430751,1,Z,B
1.0632598828695838,1,0.753715778183039,0.10534080241360566,0.5770194339855227,1,Y,C
3.4974870007430354,1,0.970606063527128,0.5497450439663749,0.4944277301164096,1,Z,B
0.6155964412043594,1,0.6836803069266955,0.2362430895097557,0.687927652518827,1,Y,D
0.7860474335165656,1,0.39626641505830307,0.9793843857766493,0.41511663364493545,1,X,D
0.8443336175931809,1,0.6428966908032262,0.5370674698163345,0.9029890733834488,0,Y,E
1.705140319397279,1,0.8427724634702591,0.6437761166563469,0.9786405310855767,0,Y,C
0.05231341344182508,1,0.015699943194546373,0.5806501772891526,0.3033498135061602,1,X,A
0.863002110627989,1,0.05767426203844539,0.8905765226796342,0.689690987318423,1,X,E
0.04952464942295253,1,0.685696688181742,0.7984834492950958,0.7238816201258886,0,Z,C
0.8483688028386652,1,0.9872938699857655,0.3702485542212226,0.04650656845835821,0,X,B
2.07694465006662,1,0.05076401861375257,0.5967528058266276,0.3102181193182574,1,Y,A
0.5467193034492688,1,0.9774196191865183,0.47597154715606116,0.5741521703707001,1,Y,D
1.0843259597283235,1,0.6836424786183549,0.002859005060187103,0.2680286253167403,1,Z,C
0.8153992577124249,1,0.4259402204502989,0.3811297161697311,0.7700836907157911,1,Z,A
0.35959476087507863,1,0.10390135571587422,0.16763581260745752,0.8562546593132808,0,X,D
5.099138256478126,1,0.42044247434321347,0.07635062536694892,0.7844611255197763,0,X,A
1.9826579440090266,1,0.04002338351407586,0.04173464131608362,0.7002937583356384,1,Y,A
0.3991091014615982,1,0.8498137506117087,0.13957242435199424,0.030753954687755547,1,Y,A
1.2531046273776723,1,0.10026297413659258,0.1958645923728537,0.6876166852028447,0,Y,C
0.1580829828940912,1,0.23482836098780435,0.673061555036896,0.9728782701232118,1,Y,A
1.242087135092535,1,0.5858419123531737,0.9414353142993545,0.737880310530642,1,X,B
0.0625661422190056,1,0.8670025988035296,0.502978835411674,0.9009303084275923,1,Z,E
0.19635093849365295,1,0.8432768419749516,0.5580648878914923,0.45111680501732565,1,Z,A
0.4463334997970455,1,0.5420825976047726,0.7010402588865428,0.05971972716392593,1,Y,C
1.1113472924320789,1,0.5958370806202243,0.5110788152011833,0.5273594869394554,0,Y,A
0.3346231993629595,1,0.6081073490661095,0.35128323557689334,0.11921321946561703,1,Z,A
0.2869678165975837,1,0.8753618010217141,0.03319455085760914,0.40107585100847987,0,X,E
2.787958099422097,1,0.874046377929318,0.07032259450890699,0.23394938917521058,0,X,B
0.3321859396571445,1,0.6945278443579721,0.2594464785687124,0.9146106609606333,0,Y,C
0.41148041988740114,1,0.11440910750274103,0.9542670553880365,0.5753389654515974,0,Z,A
1.9301537739839305,1,0.9078261516174327,0.14539895321535523,0.47790055917391194,1,Z,A
0.020249769394306883,1,0.761456213863024,0.037227240636552694,0.2659074489830564,1,Y,E
0.9620642740405152,1,0.13597242864522652,0.9522045485473983,0.19317029729756685,0,Z,B
0.9577091329948053,1,0.7592127739264076,0.09396966554433617,0.8815923229121186,1,Y,D
2.2628103619201085,1,0.09307574010117015,0.9284204247981875,0.5648678795365996,1,Z,E
0.018259861260914324,1,0.344032065226217,0.4007491148817548,0.967456431721383,1,Y,D
3.9780794548181766,1,0.012897930374558775,0.015359756619235165,0.4492785856095768,0,Z,D
0.009465607498775435,1,0.7443745943228628,0.9790288230765772,0.7342164068938188,1,Z,A
0.4443607556247769,1,0.4850133770736046,0.9418443313418009,0.47450548573469575,0,X,A
0.3855258823544514,1,0.4912085057783231,0.10488731123764472,0.8336632157339613,1,Z,B
0.10194260727712771,1,0.024766995387303425,0.8476820623114432,0.17422951289143118,0,X,B
0.8249930295692145,1,0.04200118824254595,0.807224306005739,0.4724939380585971,0,X,E
1.091647745123357,1,0.7304734037129479,0.03265371745099299,0.9602155625158739,0,Z,C
0.7709143440095343,1,0.6074292182165396,0.03136151051307723,0.8364582060186777,1,Y,E
4.07964294366505,1,0.39184366979401597,0.6505256347060732,0.7773465092447004,0,X,C
0.5633301994476085,1,0.6998604187858171,0.4866729049205274,0.6931301766285616,1,Y,D
1.0931968916648047,1,0.26110760323751303,0.30298266473284496,0.6895321696575747,0,Z,E
3.204502767087518,1,0.5285375207683971,0.6261303325439083,0.12286086500198301,1,Z,B
0.06088157908939584,1,0.7080113601910512,0.12583440420892766,0.2731608708593021,0,Y,D
0.43406587704314126,1,0.09326166605308972,0.8217353583666636,0.9718725832303129,1,Y,D
0.1724003735897213,1,0.8048190160918456,0.9467143792832868,0.9788772370404225,1,Y,A
0.6644686585742496,1,0.4269005900992099,0.6349186280671774,0.7444823559617503,1,Y,E
1.2681908365234098,1,0.008342485391800047,0.6111659093389682,0.8840502340558238,1,Z,D
0.3627811245484192,1,0.05327441843611369,0.6140153558908301,0.4288086571211007,0,X,C
0.15125410552818244,1,0.0686695686880775,0.8666519648631459,0.7451869382905647,1,X,C
0.23318184885514218,1,0.08454987662326297,0.015870074286938984,0.49878816582700924,1,X,A
0.07633359393977115,1,0.6570364003896034,0.15904163914729486,0.718928193812191,1,Z,D
0.49965116856570196,1,0.49076785725648864,0.17153928062061108,0.9496211716782533,1,Z,C
0.1198063894291938,1,0.34306980147800825,0.9929501584104049,0.3125705888828556,0,Y,E
0.05771496224431115,1,0.19988556745780928,0.5730960891385732,0.21575339926234682,1,X,E
1.391944687900912,1,0.760661182439403,0.46891704648113164,0.06495439004057757,1,Y,D
2.228954878764422,1,0.07163167147596117,0.8807687552150237,0.002218038530027444,1,Y,E
0.17995025598339168,1,0.5201070882023896,0.37403635702090166,0.7288993241193348,1,X,E
0.5620219677001912,1,0.8271281795130356,0.4946947856116738,0.09333771112638556,0,Z,A
0.6638078306667999,1,0.661735298896477,0.572177935837976,0.5473906189217644,0,Y,D
0.12480735474338589,1,0.5579927112690222,0.5833761627833324,0.9026705426778505,1,X,B
0.38989130501025615,1,0.4882261057294448,0.8133095637633401,0.5983950739204486,1,Z,E
0.7690166814070625,1,0.45238449871700326,0.7804014317538667,0.8723711254314138,0,Z,A
0.35344994873031177,1,0.4301584042786727,0.38865822159239993,0.6157802967108044,1,Z,E
0.5992062495825231,1,0.31703317734440084,0.8368837979681855,0.1740784716231797,1,Z,B
0.0607949027939221,1,0.6825445856886907,0.8976751979418724,0.5362779631386673,0,Y,E
0.01188287587237268,1,0.9817383788119689,0.29751843190369276,0.49239410842442943,1,Z,C
0.7407695296995794,1,0.12362263012690211,0.8006093961966935,0.5916537431219804,0,X,E
0.12990287978431844,1,0.8275763393253122,0.8067904677851846,0.5004202131952884,1,Y,C
1.1001776508926064,1,0.15155071056189062,0.13155205924614533,0.19728694624433918,0,Y,D
1.6371454564494887,1,0.6071507053141733,0.29090972251451497,0.07757330174138799,1,X,A
0.7064007877367224,1,0.1460816605892562,0.3785438993259763,0.42411101792410877,1,X,A
1.5260832326276503,1,0.10373361324135977,0.44077649775846506,0.6308070083960051,1,X,C
0.21775241333091164,1,0.9745832404570248,0.9957312618755643,0.42430840801198266,1,X,E
1.9224865807700429,1,0.7344974251404649,0.048663193598813326,0.20217879852061038,0,Y,A
1.1347957454509623,1,0.991104368374719,0.9273173946373909,0.021524439636125048,1,X,A
0.2900430246215983,1,0.2522422480857206,0.918602867175066,0.8223287745966469,0,X,C
1.1771350261311173,1,0.2476541929968632,0.9505284376461336,0.1818115744801596,1,Z,C
2.508712047419005,1,0.5340561471334669,0.9914649921089749,0.5959551127747706,1,Y,B
1.0516083202484683,0,0.9670087614005685,0.4271519853684784,0.4365958037608494,1,Z,D
3.2653300788704303,0,0.8014699289613392,0.8769186260437338,0.46626278312061864,1,Y,A
2.3799445710609466,0,0.5120365565908936,0.8661058119408515,0.9650908624169091,1,Y,E
2.88007945287059,0,0.8260350414940265,0.8228153444801745,0.32986107527357744,1,X,E
5.650075838190785,0,0.22586958033753968,0.22048287357951912,0.40369559511288244,1,X,C
0.6192444109027704,0,0.6570859367903609,0.11282841608348726,0.5600222760878633,0,Z,C
1.9572385812390878,0,0.9312193847962731,0.16304409377513263,0.92222503161862,0,X,A
0.06639070120785809,0,0.3532158061458913,0.6533195597912059,0.12208391919355266,0,Z,E
0.31647411370642703,0,0.7552234502794035,0.6664055767727276,0.7352416471643175,1,Z,B
0.33707474899407125,0,0.7356647185550632,0.491869058483112,0.08058795652725148,1,Z,D
0.31718442917544665,1,0.12178587421283249,0.06790007061249614,0.6638005809261823,1,X,E
2.2370035027585624,1,0.43955503245028793,0.023693013855932477,0.9256837315606221,1,Y,D
1.1140046193620263,1,0.9837297052274233,0.36387567315771274,0.3633783777878078,1,X,C
0.0006213656693675061,1,0.9088963290740251,0.31567687231471964,1.4187769007190099e-05,1,Z,E
2.0082763360859555,1,0.3298150798774915,0.9863588670173139,0.9906169302688728,0,Z,A
0.05345969433940977,1,0.10083500726064576,0.5652882393471591,0.9597061488020022,1,Z,B
0.3765079000688157,1,0.20310381223352636,0.5677322259447295,0.09540630242482995,0,Y,A
4.714172779059519,1,0.12059848644347881,0.43063858482165485,0.276805687186091,1,Z,D
0.15365286155783212,1,0.4612634978479355,0.34756930146906406,0.4050342434283649,0,X,E
0.8916265240724901,1,0.5431578117644487,0.2837421651548446,0.8356736529394689,1,X,C
0.03445296418451004,1,0.7237237949970057,0.04164963077429917,0.6123232393604898,0,X,B
0.1841582397816895,1,0.4577678109865134,0.5411022945682461,0.5579035247459426,0,Y,C
0.3349742039364492,1,0.9219528242679308,0.3658773327915915,0.4535086943813913,0,Y,A
0.30691047198866817,1,0.2406769424981503,0.3119670331123673,0.49161965407040775,0,X,D
0.08651429150686708,1,0.6375501791169293,0.7336860480348655,0.8028888137587968,0,Z,D
2.9395882790953634,1,0.7961694258735786,0.3324498870788001,0.6664786568054154,0,Y,A
1.9214711088243381,1,0.4928188477521458,0.1517111071006103,0.02317922163829844,0,Y,E
0.4854673785987316,1,0.991214050958218,0.6344857169426709,0.9604192192843979,1,Y,B
1.3264287918283624,1,0.0062055118363415485,0.725631176415931,0.7412942984064175,0,Z,D
2.2567200606484668,1,0.7503012496243814,0.3104698614175011,0.20023377518533148,0,Z,C
0.22330785726164848,1,0.8730351149894525,0.32182187651994354,0.13636587745732942,1,Y,D
0.6134061344281867,1,0.4100569671516864,0.4190369846728823,0.08050490356885176,1,Y,C
2.2514089362884953,1,0.4593807370569999,0.7370904815833524,0.9867899905137162,0,Z,D
0.28405408040582725,1,0.08598434940653721,0.5300114653556963,0.5378160933208711,0,Z,D
0.4741047975801333,1,0.47589844056910013,0.40114996310955986,0.5781971083918799,0,X,E
2.6024081434556807,1,0.9177614399099451,0.42499426488202685,0.3029560574360175,0,X,D
0.3402689168287309,1,0.4052882375718939,0.6572000747985075,0.9629425177792752,1,Z,E
1.1702372502054108,1,0.7886196211252368,0.8100718735177471,0.7079605595398052,0,Y,E
0.7724267979061884,1,0.7782671435949329,0.7107351844893314,0.5297038653340128,0,Z,B
0.7294917739335505,1,0.4809054267387801,0.05418608596923369,0.7953270970059997,1,X,A
0.06318390294380823,1,0.6446348793303017,0.7555493434473236,0.04196845107833702,1,Y,D
0.9289257737447929,1,0.03095720668477131,0.15189952181104183,0.8711968604137785,1,Y,A
0.3514760207848113,1,0.6455864494673069,0.7447555026538727,0.6779577362246141,1,Z,B
0.5450634473455228,1,0.37816533551583464,0.6514874020153436,0.5293447599392835,0,Y,D
0.6043570715664618,1,0.15198989973085375,0.2594311175192088,0.08096988254051063,1,Y,A
0.1516992603197617,1,0.17486435913296428,0.5052837204748911,0.3063351256304886,1,Z,A
0.7116995434412771,1,0.703520208074799,0.07407662323137154,0.9056756230964816,0,Y,B
0.6083304049342119,1,0.8781705225931683,0.5894980314037235,0.8540868723905157,1,Z,A
4.337808492014508,1,0.028537923778265473,0.5113344559257423,0.14467893832161183,0,Y,C
0.5561104429022719,1,0.43448729084533977,0.47241132368591243,0.21548406263353126,0,X,A
0.5782475407253354,1,0.9769018012847211,0.7458217739472689,0.3629768686079703,0,Y,B
0.8114854175783082,1,0.15271473483139164,0.6617857647638679,0.29848179808346686,0,X,C
2.892109147937819,1,0.20597424127891517,0.1211907879258779,0.3524795379682213,1,Y,C
0.14210758873697726,1,0.46753862582397665,0.320830450578788,0.9274484661240843,1,Z,E
0.3701558596111995,1,0.06532657010479281,0.193936981763992,0.4499175970869591,0,X,D
0.015190239685750732,1,0.9667984313848185,0.1548384441633911,0.49562730664822796,0,X,C
0.29880291010139737,1,0.9184204110900203,0.06867713141351406,0.5202750139651092,0,X,D
0.10094810098511797,1,0.4155361579736353,0.879210491727543,0.6476728249782744,0,Y,C
0.4688107387357608,1,0.14394898637812892,0.842037484668975,0.830817667124113,1,Z,C
0.21879060319691584,1,0.7107778518225774,0.4250672781308581,0.06383768708295567,0,Y,D
0.3209828271488366,1,0.14701579762750028,0.668807674393031,0.6233905224418098,1,Y,E
0.3794054888742807,1,0.6332298117439178,0.7356268074924096,0.2680987336767383,0,Y,B
0.3168163506422293,1,0.4354036506328023,0.9219348395042377,0.32672403840843467,1,Y,E
0.9194967166706178,1,0.21854348054077444,0.06935468029528846,0.5189227164714832,0,X,E
1.4785136715411475,1,0.28223443409704774,0.01705421409674568,0.10312081555194563,0,X,E
1.4592935468719084,1,0.9664307052835418,0.9382102385692052,0.11218131413458954,0,X,A
0.38288279465666664,1,0.6251669705597239,0.5073626957045074,0.23854679301949178,0,X,C
0.14154022730172366,1,0.05224006014291516,0.7981594598885736,0.9030865416537303,1,Z,C
0.4092474641702313,1,0.5945108194675054,0.03800220868626647,0.5236126069527217,1,X,B
0.9912035421491213,1,0.564817799602995,0.9427948419058191,0.40640142119237377,1,Y,C
0.20203116499070134,1,0.5369450201404402,0.12328331379020785,0.36768808112544416,1,Y,D
1.265120385048779,1,0.047344917320281565,0.07680090026175634,0.3746712484130733,1,Z,B
0.27958966737542235,1,0.31786552023330505,0.4215274762207285,0.04848258151539331,1,Y,C
0.8757194601967231,1,0.42302896663505685,0.7885509542740481,0.04131585580827146,0,Z,B
0.06424143931554004,1,0.5431763269716561,0.4187002678246071,0.6732336001390166,1,Z,E
2.15654346258399,1,0.8536517357557827,0.6530602711190141,0.09446525508748005,1,X,D
4.219440551210394,1,0.7994874417520269,0.5665510813477399,0.18678183516834257,0,X,D
0.9727669422575138,1,0.2988112134289782,0.3579105805382705,0.8734461800005164,0,Z,E
1.2997827823685129,1,0.855018520751293,0.44828062434568694,0.5991958990114425,1,X,A
0.38984470761582546,1,0.016004751305998544,0.3552496904366381,0.8316692358028445,1,Z,C
2.156853939339529,1,0.9112862805362402,0.6244954915016723,0.31233288614923604,0,X,B
0.4973335286086225,1,0.9984747283361545,0.1953937754088051,0.4915260843295428,1,Y,C
0.0007595744128689469,1,0.5727189812950237,0.08986124166400677,0.9981684217497288,0,Y,E
0.2859415602435018,1,0.3365144047591454,0.47364312559940824,0.013425127734015052,1,Z,C
0.16500780720526406,1,0.8491712357144191,0.10291080594943891,0.4020606147275254,0,X,D
0.13596672883956273,1,0.5319188889258636,0.437833522974554,0.7058534588187854,0,Z,C
0.5448767464573079,1,0.21331837515509866,0.41927858220917213,0.7118005057606243,0,Z,D
1.7813384828135752,1,0.6043780667675507,0.2563195742441128,0.5943152712376419,1,Z,D
0.28358535994493705,1,0.6929791796496645,0.886047373198988,0.8179726924994468,1,X,C
0.4469285839359102,1,0.7802000709143557,0.21087089919472046,0.5774952880254504,1,Z,D
0.9778867281706305,1,0.5340659668996535,0.4745721352039386,0.5592993107652712,1,X,E
0.4492838273562081,1,0.19685648664698785,0.01670457674361192,0.8667057752673669,1,Y,B
0.41683112136933226,1,0.340112224150507,0.6526497544709433,0.37604910822385273,1,Z,E
0.6516189784757977,1,0.6048296436594851,0.37202498097965897,0.6936630571905936,1,Y,C
0.6140583376686545,1,0.8567243421761589,0.6395785423475445,0.4694494443691366,0,Y,C
0.2634775175593016,1,0.9352322516960364,0.6670547442377699,0.8843166246680269,0,Z,A
0.1429515680432887,1,0.12682469679756447,0.43119158330629703,0.1989719809206556,1,Y,C
0.18713183357779187,1,0.8426055725552406,0.6666128309891617,0.07240236096208186,1,Z,E
0.495342308086457,1,0.2307427951893165,0.6735664592782871,0.838338560714842,1,X,B
0.8374960977217742,1,0.8184719846952507,0.46279621470317145,0.4437763158255681,0,Z,B
1.0304796050713845,0,0.6036508068306089,0.5833428204195007,0.23896586918265406,0,Z,E
2.2767071803837156,0,0.14088749206212958,0.40699083215362697,0.6327496047926591,1,Y,E
0.8934091317743159,0,0.9230616206263563,0.7520199309554518,0.7016100730167284,0,Y,D
1.3521241746954895,0,0.48296432244593357,0.48715047916064924,0.15425367233625564,0,X,A
2.2327725565568466,0,0.7646434318515868,0.29504441707509366,0.4653947248393895,1,X,D
0.333034103952306,0,0.41157611697063345,0.34137891081546445,0.7017542428803335,1,Z,A
0.34692965387013497,0,0.7826821241460793,0.6396963728156717,0.8734891845757122,0,X,D
0.9585110569757541,0,0.010556893412463908,0.13971432465688594,0.6869100157193463,1,Y,E
0.07126577784514813,0,0.7888023641458022,0.7680621819773431,0.5361387077585265,0,Y,B
3.1936568224436828,0,0.7268109061016385,0.2238086930801798,0.17569342809502764,1,Z,D
0.6071607205826173,1,0.6502005311886584,0.6736101446408466,0.17264661171873863,1,X,C
0.8079833844657323,1,0.43461220374963094,0.26315653293707575,0.6890939223392452,1,Y,B
0.8283197167492106,1,0.9699548902278058,0.21647647323296115,0.3120904692050749,0,X,E
0.5023047319021471,1,0.19871497809922412,0.41467488934071595,0.1370198536912921,0,Y,E
2.08731527695366,1,0.8567096339510448,0.7846130679997311,0.10399326233404826,1,Z,E
1.5674278591089434,1,0.19433663805904688,0.42791716647922295,0.5109295303020899,1,X,E
0.10786145491866128,1,0.309190573488205,0.6620636309477776,0.8568069447581383,0,X,E
0.5488015325296219,1,0.4221557313060329,0.6708758097325027,0.05827114042170223,0,Z,A
0.5830574103554553,1,0.7942640224948694,0.09303367672040797,0.9343952319401564,0,X,D
1.3726226325652355,1,0.7479116712031572,0.4868879509979448,0.44986845923371166,1,Y,E
0.08479028912312096,1,0.7565087610996244,0.07979058900227942,0.8891874006026251,1,Z,D
0.13047172520254316,1,0.46974402214920896,0.6930006898754097,0.8309449661479428,0,Y,A
2.450454305979066,1,0.6067518621908333,0.7831291736971908,0.2671612225413549,1,X,E
0.7123824075887917,1,0.46000966260978626,0.701373167510883,0.25915377680721874,0,Y,D
0.8281038107225118,1,0.7006739360747493,0.05588132885608077,0.988549990004133,1,Z,B
1.452457528435604,1,0.4451049836790174,0.163217758174107,0.7757361684462666,1,X,C
1.5192030625144866,1,0.6488171527493267,0.11015042863714597,0.2530186932920824,0,X,D
0.4119010982451148,1,0.9861818057569023,0.6371914172863287,0.8359161585322056,0,Y,C
0.019694451153903145,1,0.3239517866931747,0.2202024248135359,0.24088197490773544,1,Z,B
1.0793163226455662,1,0.7928769357177888,0.841931106476067,0.2068081844413504,1,Z,B
0.4242078634992794,1,0.159070546011431,0.11945741022400158,0.14041452661891995,1,Y,B
5.049279513268933,1,0.6856218996682425,0.0071856479599961,0.4945771006884023,0,X,D
1.9326511905583499,1,0.0818788662513088,0.0019087879668889807,0.9266276293688337,1,X,C
1.192834298832178,1,0.0739576702209318,0.5130017781084056,0.9373022283263922,0,Y,B
0.3115699468018325,1,0.19120812672092136,0.08608449831985476,0.5551517591492738,1,X,C
1.7355795167823025,1,0.8108096364860177,0.4549794522436832,0.1271023581848595,0,Y,D
3.7484613661438457,1,0.13302700867007822,0.9705661912751185,0.014700103800170616,1,X,B
1.4283489544296117,1,0.9572894749290513,0.35561073611881877,0.6097349874543381,0,Z,C
0.4780293513722938,1,0.02120810720571764,0.2226506369680279,0.02598509163802387,1,Z,C
0.7081004587468547,1,0.7698283174877093,0.38270717913159,0.512527131604449,1,X,D
3.7958526742827905,1,0.7185816448103843,0.30545657139919613,0.8558241950357506,0,Z,A
2.02688401288937,1,0.816594043261086,0.3026328503625011,0.06078647368699386,0,Z,E
1.7560479878290343,1,0.8381342688211364,0.4044577334898727,0.011653371473128726,0,Z,B
1.1476070453340512,1,0.9996620681993266,0.5582152971204012,0.37687331152520454,0,Z,A
0.31182922184209616,1,0.3237138785549142,0.3603479440960309,0.4780308236935248,0,X,E
0.8818892442396852,1,0.8316869630523951,0.8104134718895167,0.061742664884381404,1,X,E
2.047780271319989,1,0.16573266367494643,0.12968847639419412,0.11803905836493389,1,X,C
0.16168954434888785,1,0.5898578711608734,0.2512320357478415,0.397128807129258,1,Y,E
1.9615300054589262,1,0.7201452805567706,0.6436817317574131,0.8122761292424324,1,Z,C
0.6726867196904264,1,0.7025872924665083,0.6758417999868487,0.6093080503636711,0,Y,E
2.1256331587481876,1,0.9921042516309242,0.16617217681234464,0.5313575088496229,1,Y,A
1.8666221947137764,1,0.8489166234244234,0.7433145569146814,0.46029197161847424,1,Y,A
0.42209577735570075,1,0.8923550790597391,0.8347299431760606,0.05422318687442784,1,Y,E
0.7677831496096154,1,0.5684220537252278,0.43301262372004534,0.6097506173750272,0,X,A
1.1920647603644527,1,0.449441305007363,0.7347003664165028,0.024197408590528213,1,Y,B
2.0878756589682603,1,0.28810528394948753,0.9642589788657505,0.9203654302579682,1,X,C
0.2886714301976741,1,0.8492829718295171,0.5189208604905662,0.13569197491309104,0,Z,C
0.07408222312603599,1,0.7205169828589746,0.36095505669742756,0.7488165061933675,1,X,B
1.533858493167176,1,0.2102378827306649,0.04752026144661259,0.7266401156513105,0,X,C
0.05788684737886955,1,0.2174972279583024,0.4832038740831949,0.5586569157553829,1,Y,C
0.5438296266804672,1,0.8189160235233227,0.3365331817521433,0.594557789895491,0,Z,E
0.23532790362699701,1,0.9994470405096291,0.2606059064215209,0.5767826983216815,1,Y,C
0.8347806377950063,1,0.8255007018957936,0.18477688996472807,0.9221127044829687,1,X,C
1.6589985727299066,1,0.7365421011799471,0.9386767622523362,0.2324843711412793,0,Y,A
4.083278333623539,1,0.9340856405738619,0.8790285049246972,0.9627550837469657,0,Z,B
0.703510068061664,1,0.25238038963731435,0.4523796372019664,0.39567657298561576,1,Y,B
0.7115343514763214,1,0.3611159300822159,0.692834913820358,0.6643494525408603,1,Y,A
0.5432722247632389,1,0.11103962976075932,0.05646792420789015,0.9217955075041232,0,Z,C
0.5987483813216826,1,0.13902943922247724,0.3549502050038189,0.11431649391383669,1,Y,E
0.08880988418129902,1,0.23214579116745437,0.7619224440586535,0.24220089829216396,1,Z,D
2.4809832669468697,1,0.041132456409450846,0.19404693797399253,0.5915883850429566,1,X,B
0.038014621479113136,1,0.4911469449175251,0.5441083764355029,0.9120791453701119,1,Z,C
0.13452341468306772,1,0.3633150710165559,0.7788726068208462,0.024643621888120748,0,Y,B
2.1977757330927115,1,0.48020483795112767,0.8254512227862796,0.20469329995711671,1,Y,E
0.11754988161904835,1,0.21806751538640612,0.3853715888711162,0.7510709474699501,1,Z,C
2.5684274130841627,1,0.1383991127165919,0.9187563049796601,0.20742021149466872,0,Z,B
2.3392747598345474,1,0.8922345754205733,0.9939516260912513,0.5319654653907033,1,Y,A
0.14388013363971452,1,0.5288535798397409,0.7348190297342567,0.5321706033072665,1,Y,C
0.2372369535254719,1,0.42675495058246116,0.6142794683375017,0.4727757928366221,0,Z,E
2.519548109898594,1,0.7344341664435565,0.45604041839321596,0.9732463076046649,0,Z,C
1.3349236577802255,1,0.19364825967956278,0.24994118758410877,0.6477059311899606,1,Z,B
2.267666292980617,1,0.5499006642920101,0.5291945021624971,0.16364539936290856,1,Z,E
0.38786526920521625,1,0.8500753172473795,0.22166068627164015,0.11841616803015498,1,X,A
0.5663699932445604,1,0.624017270711027,0.31647506976693884,0.5396768452424422,0,X,B
2.052500420328379,1,0.08649589830632998,0.7204347396981975,0.3118671079473757,1,Y,C
0.12383352780907653,1,0.3048815487573615,0.8681337669355139,0.09258449222161691,0,Y,E
1.6793765985398723,1,0.6184931583601148,0.43685991405382496,0.44144317398026356,0,Y,B
1.0298665528730275,1,0.1325095080066626,0.6712301622608817,0.2775295462222215,0,Y,E
1.0699623987853912,1,0.9944156818829549,0.2545430829288142,0.759373115373882,1,X,C
0.27585405117948525,1,0.17520849021242113,0.2484545327027773,0.9929600594377764,0,Z,B
0.052063718018670255,1,0.32381535760614755,0.6174333712813005,0.011365063851869084,1,Z,D
0.4822178691663288,1,0.17770882104165842,0.4610418286011164,0.8544287022397108,1,X,C
0.07270305840417611,1,0.617164849384811,0.8647031851784632,0.0897003327891126,0,Y,C
0.24964135322671305,1,0.8782842686139357,0.6868244738275249,0.374052019240233,0,Z,B
0.10363013957076539,1,0.37530574465843314,0.7939844688469556,0.6536052390742462,1,Z,D
0.4707394044772395,1,0.2234451403700214,0.10770583995264149,0.9679555901258535,1,Y,D
0.9405792888345613,1,0.8953038579507664,0.855795466687359,0.5607129417292691,0,Z,E
1.3981137332937534,1,0.968812147799134,0.3887112055241636,0.6820478462814968,0,Y,A
1.2495469496349743,1,0.3803396198692467,0.028442920666180038,0.07213449678847983,0,Y,B
0.23786563276556824,1,0.9479641652488376,0.6269254919045775,0.2864021062773905,1,Y,D
2.523848643293278,0,0.7817887316476922,0.5057572773100232,0.6838477251513816,0,X,D
0.15345252698061984,0,0.007702856948129777,0.9174582026917092,0.6181338471693302,1,Z,D
0.8251360805771975,0,0.682646940298517,0.47985959908769815,0.45340621647857937,0,Y,B
0.5257481838999806,0,0.5777813571557084,0.17444257294645282,0.7999839520676392,1,Y,C
7.180144168055046,0,0.987951140213009,0.9286498403085801,0.8578023334394466,0,X,B
5.536842730446832,0,0.9839086821220016,0.364993871709547,0.5229573972807353,0,Y,B
0.12206876021296707,0,0.9098757257458868,0.4563698517597681,0.2877317463948801,0,X,E
2.655198006430605,0,0.3843696754894015,0.3008710107803282,0.5417642986875465,0,X,C
3.328191705127834,0,0.8024451302476487,0.26247063497157097,0.38075601267244974,0,Z,A
2.1728156483499586,0,0.6775241554118996,0.8641963395996748,0.22816585488064,0,X,B
