time,event,F0,F1,F2,F3,F4,F5
0.3125734308605479,1,0.3228152759691859,0.7340071200550315,0.19840624471159884,0,Z,C
0.21892830115462178,1,0.7999476226003378,0.10682988409392824,0.7008016207532606,0,Y,B
0.024443691951075833,1,0.7066110137316648,0.044546411761858806,0.4773731658251049,1,Y,C
0.1444163980785444,1,0.7130066878429178,0.9841395554016356,0.2904978058658766,0,Z,E
0.07999395694077861,1,0.943546844742995,0.04569541558390511,0.857624721431681,0,Y,C
0.5365760811998989,1,0.8362725984384964,0.38260934802303315,0.5487167014046802,0,Y,E
0.2788089896405526,1,0.7646577918248377,0.3989864200688942,0.7792623450085048,1,X,D
0.4910437817949163,1,0.798045903683367,0.7617692749925232,0.6650984725356345,1,X,A
0.16973452177847098,1,0.003653745627210103,0.5760187187089019,0.1593596622885276,1,X,D
0.3554049409389555,1,0.5580238417178142,0.18684352501550683,0.429525802256419,0,Y,C
0.9405233018540227,1,0.9383752951119015,0.6898579920555237,0.0673962389215702,1,Y,A
0.00024508038558227553,1,0.7255667915685212,0.6471632341388611,0.9718921394331184,0,X,C
0.3765040071677178,1,0.26599995970042944,0.7190511902695261,0.31503591682014787,1,Y,C
0.0016191271795254877,1,0.4755847240981028,0.8739538281036048,0.9448057828206866,1,Z,D
0.6234842731271507,1,0.8781777444603385,0.629577404179214,0.5420560919086377,0,Z,E
1.1540508580117097,1,0.8356881700644074,0.7840445418970964,0.3101324882457258,0,X,A
0.1381160918730349,1,0.4066823217241191,0.6848936087421166,0.41216141088158065,0,Z,A
0.3047747759617686,1,0.839404815928087,0.8688961553990633,0.44608638434229986,1,Y,A
0.8147007875892152,1,0.736524925102895,0.5761838837412077,0.9982686733837224,1,Z,B
0.5895165928317341,1,0.9549552517950916,0.8364382693068118,0.3798039128656442,1,X,B
0.603934442580274,1,0.7694425859272739,0.40271783148189977,0.6928050648742637,1,Y,D
0.32695400526377566,1,0.9332535810021468,0.37180920411149176,0.6263830252368062,0,Y,D
0.060971215396013294,1,0.35420355753317034,0.17474146796608958,0.4133967382593169,0,Z,A
0.3753316231682494,1,0.1327955300221375,0.36217103705622866,0.08230347771282354,0,Z,D
0.15288127305242347,1,0.2323546216004262,0.2884027418484427,0.036281801585912765,0,X,A
0.4860283877546862,1,0.05048675636883304,0.2427001514322361,0.31889988034851025,1,Y,A
0.3722985759306152,1,0.3754769052550967,0.9002804166587048,0.016689789511377895,1,X,E
0.6266530549586093,1,0.006264724990769244,0.6871627506034124,0.4161606966250868,0,X,B
0.059341800304220864,1,0.03670774326631754,0.9746371468005972,0.036383528386647046,1,Z,D
0.13606432595201007,1,0.3587013371686105,0.7426088120962651,0.15365858947298128,0,Z,E
1.129089737565809,1,0.9756503023242995,0.05373002556198192,0.8129770356837953,1,X,B
0.5036970503217939,1,0.6155510274408462,0.6291828592227903,0.3013316197157472,1,Y,A
0.6963442601979316,1,0.9884650954202711,0.5593171192607327,0.5271542734501939,0,Z,A
0.39402718253394287,1,0.12546665690150272,0.5562234113345724,0.5218913852914684,0,Y,D
0.5154083733288258,1,0.7738017064129471,0.916515623812262,0.2268942364427805,0,Z,B
0.6291419284099593,1,0.6833322251277686,0.1129267155239998,0.5819837649382141,1,Z,C
1.0139819586604113,1,0.4600382875453586,0.5643221571515671,0.9727423367852326,1,Y,B
0.1816881419573525,1,0.46026725480252173,0.29465344677511074,0.42357516552515095,0,Y,C
0.6807294222891237,1,0.523590906763132,0.6840984486876215,0.28456965437209514,0,X,E
0.10245741026805658,1,0.02242137967621516,0.38305816338224397,0.8034127575788339,0,X,A
0.00021817132813274547,1,0.451679988059993,0.4924020208323776,0.9284566897017293,0,Y,C
1.0481483166199116e-05,1,0.5444203103295797,0.8793851613788538,0.8898500830200214,1,X,C
1.079713420202522,1,0.7896828672259749,0.16122835692681226,0.3899035372512517,0,Y,C
0.23189268734743196,1,0.1710563193182173,0.7997620278778685,0.5229501790228553,0,Y,E
0.313341861793934,1,0.08106864432698158,0.6548633391699097,0.10368665687109668,1,X,D
0.055672790928205276,1,0.32261548852070443,0.25704697193078874,0.45240562483390845,1,Y,A
0.015479423853160363,1,0.9131147630306082,0.4381317799466736,0.050004908170100726,0,Y,C
0.18982657863159047,1,0.9637507356114038,0.9902138574970842,0.49749506801460197,1,Y,B
0.01645915907074224,1,0.27191268137289304,0.4252200842258157,0.01287841087363173,1,Z,E
0.6521038428494085,1,0.4324836121250464,0.29676312116313963,0.5721964036254812,1,Y,D
0.7113210308857947,0,0.9113131618957022,0.7871205025040323,0.652695284521924,1,Y,C
0.7061422830462674,0,0.5899258816374251,0.10418117238829849,0.10065227594936277,0,X,E
0.61189443055931,0,0.7802322280886969,0.9965860822569903,0.11766445143641235,0,X,E
0.3613879577394314,0,0.725546787681253,0.12009175110522852,0.8460304869767535,0,Y,E
0.9801253048905435,0,0.874138399123252,0.8390719560517474,0.6519777865676256,1,Y,C
0.3515692419212643,0,0.8729775036477313,0.390940013439655,0.09313686273922084,1,X,A
1.1943632013882948,0,0.5359852603993855,0.5855111629962697,0.023504697075643066,1,Y,E
0.4053279122584949,0,0.47438543128555855,0.3414647108478879,0.4928418520051304,0,X,C
0.7636785882560216,0,0.2603054828157483,0.7361027740982375,0.7746653825334558,0,Z,B
0.41967004304808564,0,0.908251079127159,0.6905781820631114,0.56975543769755,0,Y,D
0.8950525799876897,0,0.9454962686980851,0.818779205588873,0.26570312494748316,0,Y,C
0.5737436647105882,0,0.3950980145136336,0.4583253884829276,0.7346120260966136,0,Z,B
1.212651541551743,0,0.9233521454323795,0.9845788110538133,0.11088300279807839,1,Y,E
0.7964926531640758,0,0.5294046433106674,0.27291236287427545,0.11236187423348032,0,X,E
1.2245453331015412,0,0.03541431230631986,0.21775379366281244,0.302138969080436,0,Y,C
1.2402338686772292,0,0.8148151052722034,0.4885805110322884,0.6423509885013022,0,Y,A
1.2415250678444398,0,0.865112160956054,0.5284170282853415,0.8664667256590219,1,X,D
0.8413752009928889,0,0.05786492120424869,0.8058761445539079,0.6549934711777092,0,Z,C
1.0412357602803968,0,0.9411415837108161,0.5086430577897909,0.7243670600070174,1,X,A
1.1052300384701832,0,0.5869148843729745,0.23143563718706006,0.2897138562085976,1,Y,C
0.6606675549550565,0,0.313587944515589,0.9104297888617512,0.4108469148669741,1,Y,B
0.9074629982665978,0,0.4571677314801099,0.6223416906051061,0.9677930505635323,1,Y,E
0.8852835040750549,0,0.23835464069361068,0.39511085033410276,0.7538638050003246,0,X,C
1.1616548501156236,0,0.5250947763000012,0.9120990527831474,0.5199231583926235,0,X,B
0.5105995723240346,0,0.6918050210060898,0.14392748544626865,0.6149317394872068,1,Y,D
0.6312471708432011,0,0.2641374300988829,0.7753579451289027,0.8363371106914963,1,Y,C
0.2393841836841323,0,0.7242696834202157,0.5459993614028888,0.3741617241232158,1,Y,B
0.2597337412956229,0,0.3028836237955207,0.8281733172595617,0.10464615251643916,1,X,A
0.4334926661877888,0,0.9209718606649488,0.1028483914425663,0.10432959523621521,0,Y,D
0.12876114380203266,0,0.5354866007800999,0.9215705966238951,0.02402472447015358,0,Z,B
0.9464928693595496,0,0.5443500253273559,0.5338972455021567,0.33413543929402956,0,X,B
0.7501870567360228,0,0.8762027512839625,0.6423154442775088,0.7781571998649006,0,X,C
1.1067731866662582,0,0.40852017838720756,0.7388769994669468,0.35701326959109925,0,X,B
0.2646456254604932,0,0.4462444801284855,0.08801342812930035,0.8359025526858338,0,Z,D
0.8715052641597767,0,0.5031400937283383,0.26977745237356454,0.5243262244533979,0,Y,D
0.8173095047918347,0,0.36003274481293923,0.19781285253857495,0.35626315346358184,1,Z,E
1.2206065430986575,0,0.6239780694227195,0.636872558857041,0.5658369857125795,0,X,B
0.6462182393261773,0,0.19636117594622426,0.574012747353793,0.5712129092525299,1,X,D
0.5403122148993659,0,0.6125161569440051,0.7420934275270246,0.3633012326708286,0,X,A
0.11856147828360646,0,0.5519902737515713,0.7804178021672323,0.40707710651466544,1,Z,E
0.5529092907891694,0,0.8016135651837075,0.8657787277163821,0.12860604988706315,1,X,D
0.5474554956434087,0,0.9410205712648814,0.2511388794192041,0.7629071385839749,1,Y,D
1.0282536686411623,0,0.4998272310998684,0.5755540121345784,0.07045014832427565,1,Y,D
0.602740477478662,0,0.03340302205897738,0.5801729534586751,0.6139745397799138,0,Y,B
0.275882189656818,0,0.021909786066036774,0.22229619337043838,0.5675658612379371,0,Y,B
0.10006479997546708,0,0.010407821867218559,0.0317708357931209,0.45697133247794974,1,Y,B
0.8303767974018709,0,0.7311175839885466,0.4396700434050913,0.3064523490393074,1,Y,B
0.277189668795022,0,0.779708706260509,0.22677549544151032,0.27022603374353504,0,Y,A
0.7850446830383169,0,0.9753666687011346,0.6640843525588432,0.9867541619295942,1,Y,B
0.5572781760693424,0,0.36769215734825345,0.45179379511687545,0.6782913889262063,0,Y,E
0.28872356235932845,1,0.032487731583987656,0.714047024472032,0.013639321900656198,1,X,E
0.42082432478285364,1,0.7555945607696735,0.4038988280198724,0.7553910446639239,0,X,B
0.227623939511179,1,0.8999217080032821,0.4245089422249614,0.4609259987584561,0,Z,B
0.0038797111865546694,1,0.9380917821309008,0.69852743528283,0.03455671694219198,0,Z,E
3.4572440676618725e-05,1,0.3367799338809152,0.9529383719227783,0.8361899934352041,0,X,E
0.014884742744957023,1,0.322606860819593,0.09043176665126118,0.8243698642708166,0,Z,C
0.8767425779405692,1,0.18762625452239967,0.6012628030643916,0.8307664153804872,1,Y,D
0.9662810560659505,1,0.4084143494799264,0.9028874019105003,0.12285853650982737,1,Y,E
0.3831866990481044,1,0.7918155030191119,0.8377960416831849,0.7596323132624123,1,Z,D
0.002706399016135402,1,0.09575423105710346,0.8170115798093529,0.9104621973734446,0,X,D
0.03449187587440945,1,0.49317540468817245,0.07880212106509543,0.34949793853833655,0,Y,D
0.738055544782302,1,0.3154605342138651,0.08582552692366163,0.06312457333317589,1,Z,B
0.5487610567884182,1,0.7357308043349398,0.5589079445105034,0.2807096171815693,0,Z,C
0.9864062571384337,1,0.2990880378614391,0.3793151601520811,0.5683279804753777,1,Z,A
0.20957454976546006,1,0.9078274411066465,0.09984883402833078,0.22109780485604857,0,Z,A
0.5836927644126166,1,0.3420492711734512,0.3700630903905687,0.44434507216217545,1,X,E
0.5682254876560506,1,0.5365321037731925,0.9260043330301353,0.957231711039824,1,Y,C
0.45720940378096264,1,0.8425819937438865,0.7166516096986022,0.0703361829636806,1,Y,B
0.0004277074833822071,1,0.17411797968961484,0.45678325523564,0.9382141116390407,1,Z,C
0.5885451190968598,1,0.8425186771318701,0.8522363769227593,0.3341561951335358,1,Z,E
0.8769479611836032,1,0.03486170805626687,0.5199277188368026,0.045915874031321025,0,Z,D
0.7217305595713224,1,0.017997847552404855,0.7388442867794207,0.6769237641164484,0,Z,D
0.5586279470701883,1,0.6218389160940111,0.8703608051917012,0.5963138801208048,0,Z,D
1.1418828839051551,1,0.3224933869013831,0.5660207377278026,0.19485493081844452,1,X,E
0.8485444144837458,1,0.9500116657872391,0.42099985196038403,0.6568275551434944,1,X,B
0.005797970456896553,1,0.5700777541680514,0.9375262936537874,0.0037667682589844764,0,X,A
0.8376387219690118,1,0.15477439453307618,0.6966856201125469,0.28384504164086033,0,Y,D
0.31997090333533224,1,0.10442427045081848,0.4357081004322859,0.3500721540984949,0,X,A
0.4486030961364732,1,0.2957463176355878,0.4178220976291227,0.7491157496374752,0,Z,B
0.2268852538004413,1,0.6147621341626255,0.06303989014016698,0.9310266750828295,0,X,E
0.5905295404309994,1,0.4434507654350437,0.5984306759511658,0.9136163389765994,1,Y,D
1.0416568367323016,1,0.966757766146205,0.5051559575433939,0.7379321533918132,1,Z,B
0.6345419711145222,1,0.6493068294260474,0.0010317132563251175,0.43217623513100223,0,Y,A
0.15499480013186362,1,0.2974055152229964,0.331581102964154,0.9122135358481408,0,Y,C
0.5488891290898065,1,0.06922078220962746,0.4382484168387152,0.11817805540040893,0,Y,A
0.0002189300953836315,1,0.5454684088173084,0.7563461473747909,0.9736308282238232,1,Z,E
0.36784122674624814,1,0.8919592489121515,0.44928023196989586,0.836263627947808,1,Y,C
0.15338300444877856,1,0.5533849595155224,0.2220945505568026,0.2599764138851782,0,Y,A
0.11776880747859184,1,0.7961844295659465,0.7827937943358989,0.27056276377349664,1,X,D
0.5128538270617465,1,0.15406276178866518,0.42783091275821805,0.048391954406572735,0,Y,C
0.9871242288358082,1,0.6828320644114535,0.9428218386286445,0.2596974500590803,0,X,C
0.06825899158652803,1,0.14759519603748805,0.16518631879553014,0.8687491338475839,0,Z,A
0.5965514313452284,1,0.9097721966492212,0.8550630803341815,0.5054335726501304,1,Y,B
0.124649419112112,1,0.8587029349101813,0.46581066774193913,0.1558169768718919,1,Z,E
0.680340218204502,1,0.18620549599442493,0.3053978322653018,0.646596241589511,0,X,D
0.18652396682664277,1,0.4299307146781548,0.14583314951854742,0.6163245811116866,0,Z,A
0.7123821738674064,1,0.04349212231943278,0.8595506735792019,0.5588818503643194,0,Z,E
0.1784525773893572,1,0.41953561530864125,0.42657188514378375,0.17539751462921604,1,Z,D
0.2295996006967563,1,0.8424683690970175,0.8068709469316707,0.9219434748560702,0,Z,E
0.5861163989240455,1,0.9099457823000348,0.024815968716110692,0.2560538362500199,1,Z,E
0.37095933412815385,0,0.8213338573444959,0.748228146103483,0.7503319335347436,0,X,B
0.4353215859986329,0,0.13075208265733096,0.29817627881132347,0.5957228120504897,0,X,C
0.19771001018910103,0,0.9911304194607014,0.4757554008257562,0.2472352726650785,0,Z,D
0.9989555620114788,0,0.9467476032768394,0.5711969945480593,0.423358018552524,0,Y,C
0.07182029864864505,0,0.46324496502045587,0.3072351781493413,0.128671835039197,1,Z,B
0.6676377241987972,0,0.2937511231637947,0.8225180563511783,0.7042711449218277,1,X,B
1.2012065608040912,0,0.3335058654672419,0.34391164117980144,0.7448083034810234,0,Z,E
0.30297858396735783,0,0.7472258324309329,0.7179117782525518,0.8360934902665118,1,Y,C
0.8978195356548514,0,0.004010137934398084,0.06279775985676672,0.6079024658286777,0,Z,C
1.1651138342007727,0,0.466702320405034,0.9116423319770942,0.7733486606158181,1,X,E
1.009436548178282,0,0.24657831385444584,0.43028468685344956,0.6507337049517422,1,X,D
0.9865398449042407,0,0.9420946850030902,0.6581721145640698,0.3082058547277611,1,Z,D
0.3656876746040133,0,0.8549444148432785,0.8882328905340265,0.5931523494566391,0,Z,A
1.2049051384293317,0,0.8607644007228608,0.0031932659951342535,0.9326327867980311,1,Y,D
0.02376671872379429,0,0.7098956133294162,0.7148802698082534,0.3890000335579672,1,Z,E
0.8984421837034483,0,0.43826473065203797,0.5553263909406695,0.6741720859706213,0,Z,B
0.04227030565182395,0,0.9404916253832928,0.6853949782520348,0.5836231258628881,0,Z,C
0.8240893884946245,0,0.9418933049203211,0.36124684282971964,0.3887333600412667,1,Y,D
0.6048898414122545,0,0.40192817821234517,0.975909579729113,0.636153167855089,0,X,C
0.4340396796337512,0,0.12743832558046764,0.001762650160229584,0.15157607607116652,1,Y,D
0.33877207027734496,0,0.43868141588478704,0.40917413931631164,0.17388467769957006,0,Z,C
1.2332098660480204,0,0.021128883585843417,0.5761182904132948,0.13894616044199337,1,Y,A
0.29602427169064827,0,0.38703244787832514,0.5470072090610122,0.44969435804460856,0,X,A
0.3494745082774652,0,0.9529917786777152,0.7797478922775808,0.6794840053295234,1,Z,D
1.028863496294902,0,0.7315935442877595,0.25471488208902615,0.41806320528379937,1,X,C
0.5118540153709986,0,0.957379543705232,0.7461459070404024,0.4322260118527005,0,Y,D
1.1679829270234585,0,0.42427671270577105,0.5773017490285431,0.3735571262702452,1,Z,A
0.46277873277873643,0,0.9668553709120702,0.7442721263699401,0.24174788323917684,1,X,A
1.2081457531248658,0,0.7668934432806754,0.12378927660064287,0.45800831503789785,1,Y,B
0.3871046279820475,0,0.4005609575502459,0.8566425342469859,0.36637350544417435,0,Z,B
0.9527032685364134,0,0.43389250935826273,0.6932597810285139,0.3053502092821926,0,Y,E
0.13376647891100074,0,0.7228467606611403,0.136484144969367,0.21254604023746015,0,X,E
0.13740610523032604,0,0.6191838771057854,0.9435081524052445,0.37446888501741316,1,Z,C
1.2375058495596625,0,0.7523107495650851,0.05765674859866787,0.05362919770130237,1,Y,E
1.2453519539915032,0,0.9994478699657863,0.30422277255302876,0.29681148646297784,1,Z,A
1.182346441704448,0,0.9783330746190158,0.7060265097464169,0.367162165989535,1,X,D
0.23849161704735025,0,0.08280138666389358,0.4703350362084794,0.5233421914071624,0,Z,A
0.9772555309998703,0,0.3490926395306002,0.7609776001260447,0.8129319147259922,1,Z,B
0.03505046229661691,0,0.8383475454955842,0.9574545986559856,0.6662384998400952,0,X,B
0.22251190686522457,0,0.2438493869342674,0.599406594514615,0.3670582563667818,0,Z,D
0.7640392423142081,0,0.01547333219598146,0.33899299674124894,0.6642462420435732,0,Y,B
1.0572214809547031,0,0.02738468057370136,0.6956413402021273,0.61258923429786,1,Z,E
1.2273278311770983,0,0.30601188294086556,0.32276563920816403,0.504524080956423,0,Z,C
1.125366148154404,0,0.5030453518146354,0.3684468775036447,0.5648413833456146,0,Z,A
0.24431265286304044,0,0.6230486470039358,0.5103131585045018,0.621044353037714,0,X,D
1.007884001449678,0,0.9967332210137438,0.394350118573469,0.7674010963500955,1,Y,B
0.9314913552706634,0,0.6260847391126522,0.9199681510966246,0.8673158689470875,1,Y,B
0.558124108930255,0,0.7470172177940797,0.4834728880550192,0.9768158393847609,0,X,D
0.5310562766412993,0,0.6330238189841307,0.7695681709739357,0.6719069894483054,0,X,B
0.11336453493412996,0,0.22111497108805445,0.3232127422113207,0.277541145058241,1,X,E
0.8523302146474676,1,0.5923218008955696,0.14172174986094366,0.5718175817664857,0,Y,C
0.8193640766351754,1,0.17315200292050414,0.34549525794019864,0.7741295826113986,1,Y,E
0.31316000781493464,1,0.35431169120157624,0.28828631075270716,0.6055252903706748,1,X,E
0.5724141305751346,1,0.6903145420411843,0.5429552453217548,0.07413701994506361,0,X,A
0.4179383058450983,1,0.6739983757706866,0.2594700297920153,0.7318618689528719,1,X,A
0.0015918673862398596,1,0.4183504096598146,0.9502203532407337,0.9443829911192152,0,Y,E
0.25275234136987657,1,0.9338556556856545,0.3454978886788188,0.9176032320285324,0,X,E
0.0021245937187421783,1,0.1469773019543209,0.3165380048982128,0.980294004654283,1,X,C
0.036971579313085,1,0.4831690509340133,0.4911742756359935,0.8153405413929845,0,Z,C
0.38115618986041994,1,0.7836210754986519,0.21396667754305532,0.49527561187377656,1,Y,A
0.6672479665140275,1,0.7802450165497012,0.14756606336043487,0.018050689942109455,1,X,E
0.31883833187338023,1,0.8724599403958757,0.6506618686481339,0.7352211632955115,0,Z,A
1.4764612288310953e-06,1,0.945061079294496,0.6278624075725157,0.9803447317832239,0,Z,A
0.18043371888716953,1,0.5651832414730046,0.2654760860932204,0.8066694489920524,1,Y,A
0.8061820155641839,1,0.8774618655159762,0.9276578654729101,0.4199529738007528,0,Z,C
0.5121508958973772,1,0.7873401976984873,0.5278981772728761,0.38205445590344433,0,Y,B
0.1247250262785369,1,0.4846132524610073,0.45280198265477645,0.730273794057003,0,X,C
1.1415432552541223,1,0.3843522901242442,0.7561023072089217,0.040048339087481954,0,Y,E
0.19489248799011402,1,0.9015109028788227,0.8305930440011766,0.7560393368566944,1,X,B
0.1365771139745197,1,0.32415959690971385,0.7666881985795914,0.97275649812457,1,X,D
0.7479900871158474,1,0.4135521540718532,0.19827984430380674,0.9839439814934473,1,Y,E
0.21013194438841842,1,0.9560350580567871,0.5982254561903617,0.9558334813033789,0,Y,E
0.4585980125403193,1,0.922574444973516,0.3476004460698807,0.4951140752199835,0,X,B
0.3786138544673432,1,0.33554046840544516,0.9254669107356112,0.7477329383143425,0,Y,C
0.6216308553177522,1,0.5026682462211238,0.7330507367902793,0.13028375727672648,0,Y,D
0.5594173963585072,1,0.37024883474822734,0.6264814974025612,0.19553478488746545,1,X,A
0.7065162731262297,1,0.012445680848967244,0.7229229665826433,0.604406607077959,0,X,E
2.348875828161659e-08,1,0.4191319216776509,0.4434864423685486,0.9826833639005749,0,Y,B
0.287736019170786,1,0.13837468872246284,0.26106110119695103,0.5996439979020933,1,X,A
0.4115601324883883,1,0.5238756933780726,0.7360710899060114,0.3565866916866325,1,Z,E
0.010022189734329005,1,0.7955035292066462,0.8927244200983404,0.012957714355933847,1,Z,A
0.188639352431571,1,0.9502758389991925,0.15079226457309058,0.9017479491580128,1,Z,B
0.2552234550456533,1,0.6131787782221589,0.059075663368112874,0.688032663715613,1,Y,C
0.49775286357531656,1,0.2909683722046218,0.4429994312450092,0.6472699610465026,1,X,E
0.29017905018858614,1,0.6585562332439634,0.4292182028941409,0.5412705678837234,1,Y,E
0.2969868573585207,1,0.09087816303944951,0.7028030984426391,0.15725681006520054,1,Y,B
0.0005787661836678577,1,0.8288711986068876,0.5229720071377464,0.8285834826823341,0,X,D
0.12633207359747367,1,0.5832437471284332,0.07436750117667179,0.276195087111211,1,Y,E
0.49335620969355554,1,0.7506297172364801,0.407127098199181,0.8488121482793584,1,Z,D
0.00019218135469294747,1,0.9299221589148913,0.2883236003916232,0.95811614385293,0,Y,A
0.7310146792281296,1,0.9813060009399079,0.27507786761353026,0.8619109471012064,1,Y,C
0.1347637953980544,1,0.14750591993472462,0.8562061715879531,0.9832845229553554,0,Y,D
1.0605034074812756,1,0.8049035694621081,0.8413319554155697,0.30338424117328777,0,Z,E
1.0672219947979995,1,0.9731016707839824,0.5843187660906844,0.7993757606643336,0,X,C
0.07995052082365771,1,0.2823109784033567,0.06512002339268308,0.7369685256058371,1,Y,C
1.0714803070140155,1,0.1582672788122621,0.8313766234159794,0.5596827827696305,1,Y,C
0.43195291741853964,1,0.84137636364625,0.42965136804914605,0.5623212537865174,1,X,D
0.0044440608586469,1,0.9726962089277676,0.8651611177618702,0.8062310186192184,0,Z,C
0.29869461884683673,1,0.2623598849753406,0.23532267332413215,0.19685436121390232,0,Y,C
1.2902600528680263e-06,1,0.5093894952209156,0.8307865936803783,0.9961004576878353,0,Y,E
0.14832490786087504,0,0.25360446516941115,0.19052037115330145,0.6971167449190332,0,Z,C
0.2719150357459252,0,0.5309873629474677,0.1893496027921746,0.6970861467161361,0,Y,B
1.112732125803977,0,0.5621333480983254,0.012067894964635673,0.9569965597280635,1,X,D
1.1023626985774917,0,0.01633378802627139,0.5443338105978546,0.071950477871355,1,X,E
1.0099146930545075,0,0.8786481624809971,0.4321951745253769,0.3176311036481493,1,Y,E
1.0706521980162593,0,0.7776412390338469,0.03239169250458063,0.27982557598747226,0,X,D
0.7674592048737796,0,0.3083506364413965,0.4671271728250419,0.4212372236760654,0,X,E
0.62049594593391,0,0.5414056184500834,0.04459957403626735,0.6948893955889546,1,Z,C
0.345394305337888,0,0.5290387489064381,0.9231457778218628,0.2954618786963136,1,Y,C
0.4827868896167476,0,0.99287553364348,0.14010901330297332,0.19550994145599032,0,X,B
0.7305125407971854,0,0.8202157722252177,0.3048946430864198,0.7372651837136742,1,Y,E
0.6947919368179736,0,0.11745072545441781,0.16571347448110252,0.11612075468367733,1,X,B
0.327362710225164,0,0.11674928583849942,0.6165350990361348,0.45510123443552564,1,Z,E
1.2445731689074668,0,0.012783711031465583,0.6403076231338745,0.25168441768926275,0,Z,C
0.7514414425750752,0,0.30435629423703736,0.24752862131595077,0.9161527973552578,0,Y,D
1.07473528681167,0,0.99155889949933,0.7479229055617634,0.23312528116582865,0,X,C
0.37499015078263626,0,0.9298355815854344,0.14681622103960523,0.9592485743104004,1,X,A
1.2018660919211286,0,0.07682340590159797,0.6926512592096513,0.36263147882928004,1,X,E
0.31516851997511536,0,0.6582464739992703,0.21015601854643584,0.7397398428423471,0,Y,E
0.12267000024865761,0,0.3405615086287328,0.933831587568622,0.7678726549844583,0,X,C
0.8907670638012577,0,0.019937265249585834,0.29921842047753133,0.8625912156038826,1,Y,B
0.2726371748803293,0,0.6813402905322623,0.6353165724815054,0.6072327585801555,0,Y,D
1.16991400234117,0,0.7378089095750552,0.14282568231718074,0.2688053930601718,1,X,C
1.1776047408976649,0,0.5948626784933488,0.3213050177051803,0.3798559569942377,0,X,C
1.0883159009469416,0,0.3112658916478842,0.9121642254707953,0.3479378218253436,0,Y,E
0.07628298750933955,0,0.028817283087691936,0.2507220968750469,0.1225164933133166,1,Z,A
0.8181253359113372,0,0.8896318367348045,0.9580309348193772,0.09245868128035561,0,Y,B
0.06676078430223807,0,0.5970999330056521,0.29171028220382156,0.09521585276421163,1,Z,E
1.220055383831378,0,0.09777625491656383,0.29315661926386605,0.16776256783276144,0,Z,B
0.9587999862150426,0,0.27520213890260625,0.5461002326876866,0.38798655990462716,1,Z,B
0.9913129031515826,0,0.67548514581721,0.529847970837857,0.549472407211153,1,X,A
0.12314030345261512,0,0.8615293315836731,0.7164072849775767,0.5372068470362513,0,Y,E
0.7740070676471118,0,0.45183571443466863,0.8180217913095887,0.6559068615099728,1,Z,B
0.784435155548935,0,0.6127185345247272,0.7087829887066777,0.23589101297764603,0,X,D
0.7742711474631678,0,0.38659007723828454,0.03205565130393029,0.13529835294424453,1,Z,E
1.237720877104195,0,0.29103945754386706,0.19285768440009476,0.9640438366712502,0,Y,C
0.6591893136977908,0,0.9332736087027728,0.17791669920303477,0.12203592769262639,1,X,D
0.311499203084149,0,0.8371223930333952,0.3149629598190422,0.3257221379297157,1,Z,D
1.1408994516896198,0,0.43778864081937696,0.3512290760378902,0.441727856733823,0,Y,B
0.9721443017440722,0,0.296516536131331,0.28940725831708625,0.5591533074940771,0,Y,E
1.2032863904536508,0,0.2754831572657209,0.04605642921094366,0.807651996101632,0,Y,D
1.1112857407394836,0,0.6256199959533296,0.7355203850668898,0.27433189868586005,1,X,A
0.35592811886457354,0,0.47886512221035205,0.1999714154647506,0.9906806914482106,0,Z,D
0.2333610520410519,0,0.07923272200234932,0.2541663919270277,0.5560609086797256,0,Z,B
1.245413601343324,0,0.33968968398426713,0.5482723105236341,0.7957194662984223,1,Z,C
0.964002112777196,0,0.6295128989335,0.5668137860274243,0.32913361603040214,1,Z,A
1.2442658495654109,0,0.024455759890961937,0.2454254827125354,0.18790947556354454,1,Y,B
1.17687249870667,0,0.731342810059881,0.9592986967635603,0.3358995283290882,1,Y,E
0.15747964470191236,0,0.938619421161506,0.4905670017081706,0.4487451262087886,1,Z,C
0.4382080213721245,0,0.8468956806443384,0.25298891879887453,0.36627141948036457,1,X,C
0.9185965365569685,1,0.7506269068340029,0.2721098655691252,0.6003838261578914,1,Y,A
0.19402234352222997,1,0.4887088556253426,0.877849090585768,0.20350939394490042,1,Y,D
0.6326831019653658,1,0.5237282746231942,0.05834544217068982,0.367772949255708,0,Y,A
0.012859107324169306,1,0.5171274860961567,0.6108197372464482,0.8417758342357002,1,Z,C
0.10420543128876966,1,0.6980879831120493,0.3218168780413895,0.6462335496410928,0,Y,C
0.36097938160830334,1,0.5657338130175326,0.3225082218203267,0.026313986221382257,1,Y,C
0.2579115950981822,1,0.07951076447169647,0.6523178321048212,0.8713025180810353,0,Y,A
0.10838146712599026,1,0.43489056308757157,0.10304530166799108,0.6113053436287175,0,X,B
0.18722637178907775,1,0.6904595907982664,0.5386758774422521,0.13863654856383434,0,X,E
0.7979596167443155,1,0.789150303551382,0.4652886651868152,0.66037857097462,0,Z,B
0.14745526930825215,1,0.10670086521548283,0.7058283991822223,0.49138467290908383,0,Y,E
0.943978505842978,1,0.44758981901740436,0.07922535248861995,0.9821124127556908,0,X,D
0.7841890068460189,1,0.036709758984291296,0.46906019107116426,0.32283267241116265,1,X,A
0.6620164423527543,1,0.598136804100288,0.835173620538521,0.5169224866138129,0,Y,D
0.0001414483412162582,1,0.3549823737516957,0.846416927277412,0.8746584275798063,0,Z,A
0.44549947776615206,1,0.5528946460829098,0.994129133819861,0.2879956889487033,0,Z,E
0.2742999414979856,1,0.9366464315328238,0.3725329581724601,0.6363039685050055,1,Z,B
0.30526096202982284,1,0.5779569137345125,0.2019009101890662,0.9601058626575977,0,Y,D
0.4232081872018644,1,0.8436702139980545,0.6193937533876246,0.522092587993014,0,Y,D
0.44469322672510453,1,0.5464551672729276,0.08930342219072762,0.7540837245500555,0,Z,E
0.6361331525039826,1,0.7820612481972051,0.18055812452334186,0.6696102627726054,0,Y,C
0.3703727228690399,1,0.558435901873934,0.9636605712509922,0.9910103718220838,0,Y,C
0.7828213431158539,1,0.6955557482636748,0.2720251338746762,0.028880980684993562,0,Z,D
0.8332284693046252,1,0.9979758200796324,0.7460884847229801,0.7159624256186914,1,Y,C
0.019731134935402357,1,0.4691160174928404,0.9390960797069319,0.8414056173723302,0,Y,E
1e-09,1,0.09803088276099081,0.47782515126813174,0.7878505290979504,0,Y,A
0.523637561307377,1,0.817023762341176,0.9861242440669197,0.6238344236000596,0,Z,B
0.33905872109780916,1,0.02862506173305568,0.5616339050710666,0.9529571183086574,0,Y,A
0.5275100503998955,1,0.39192731086054156,0.06028407403593827,0.48869717755916087,1,X,E
0.00031862234433911024,1,0.7283145551126328,0.743798425735648,0.9516384940406662,1,X,A
0.566754816288553,1,0.9947854804656391,0.6886880634332034,0.8774944421597821,1,Y,E
0.5266876930074332,1,0.6546062069359427,0.66100883043552,0.6094644634278479,1,Y,B
0.1747873166679996,1,0.602611012805664,0.45873110755591195,0.882238116827717,1,X,D
0.0016803298013703715,1,0.656338663100261,0.7807438682206578,0.8617519350933627,0,Y,D
0.8864612370622668,1,0.48517183253967855,0.9246491329677525,0.7494133074457059,1,X,B
0.1883339858163402,1,0.08663987654083949,0.013750476120797717,0.85160088482688,1,Y,D
0.3080715803188812,1,0.5053216239343974,0.7562858942536897,0.49593657911364375,0,Y,B
0.7264866540709233,1,0.00286785008584467,0.7637240585245226,0.07941656816450093,0,Y,D
0.06561731730389872,1,0.9390420850872615,0.26252671341996126,0.6799694901055154,1,Y,E
0.8695637584617786,1,0.9241764019900948,0.07218725707717555,0.9398416718918673,0,X,C
0.48576873384483543,1,0.7975948879136459,0.1653514032947302,0.4460083229711507,1,X,C
0.021155764517488948,1,0.6851299074112228,0.30354400522020075,0.4503498192379466,0,Z,E
0.10545072381419487,1,0.5846585454030727,0.15876704146584142,0.31946533515042064,1,Y,E
0.11032621178050786,1,0.5567916427393607,0.3941575868428635,0.2611574987293881,0,Y,C
0.3552550184552673,1,0.3008857302034489,0.9384995623174996,0.847639441343306,0,Z,A
0.4354233129392845,1,0.9852858083835988,0.364146464430006,0.5076789540033786,0,Z,B
0.998330528215615,1,0.7380987191249309,0.6935554333020578,0.2378344667571206,1,X,C
0.6615531281725942,1,0.3799832322830997,0.401490197115696,0.9846826952053174,0,Y,B
0.40772383306701027,1,0.04653500289621937,0.180535227893185,0.6434652343553304,0,X,B
0.12154794899338886,1,0.335691022772996,0.17642430223367545,0.19000135866301937,1,Z,E
0.8918695674951987,0,0.1713966797732417,0.38322279749184607,0.4949161024136729,1,Y,B
0.14215850532037547,0,0.14764011445428438,0.9766062630908261,0.7020222834984767,1,X,B
0.13494596435957876,0,0.5882520524527362,0.7946014973949886,0.1001349902209453,1,Y,B
1.2107531497819692,0,0.25072760551204365,0.9848653380174303,0.8183734722932233,1,Y,C
0.8624282149914027,0,0.4308046773576085,0.05019070744296361,0.6577396075363264,1,Y,E
0.015621712293383072,0,0.24280659119718673,0.1337085615306034,0.9747887468369363,0,Z,C
0.7658187652427335,0,0.11850412722651293,0.5538916750407742,0.604853463325927,0,Y,A
0.8960597871979467,0,0.1190540203162459,0.790032072193193,0.4267646926389501,0,Y,D
1.2170532802898415,0,0.27689966802454435,0.06815105320516968,0.3233237724321947,1,Y,B
0.374330675433369,0,0.6433007815399097,0.6344072714083439,0.606711553122591,1,Z,C
0.5162728190661227,0,0.07617362292739982,0.6181678153825513,0.703529358122104,0,Y,A
0.06714313185583552,0,0.8283372676990652,0.4898300660281427,0.00038429181206522944,1,Z,D
0.3553795403764092,0,0.9973500266513602,0.4788441193242299,0.5442516984083539,0,X,B
0.998576190037629,0,0.806889175247731,0.6574318772917563,0.7184529971832536,1,Z,D
1.0848552881907205,0,0.5418950147100464,0.12610733894066506,0.6990626997266693,0,X,B
0.08678288766896078,0,0.3010672354778814,0.8134451336441704,0.9646150507538744,0,Z,A
0.4175590443928557,0,0.7223887813116223,0.5607262922280262,0.07630041982234592,1,Y,B
0.9063348141133186,0,0.8014644761094937,0.6712314429490566,0.3264549822133104,0,Y,A
0.18097688650769692,0,0.6031343135010995,0.5124167261595047,0.8461414783165965,1,Y,E
1.1768688254187563,0,0.7169439129209156,0.5099888985612722,0.0764635666445117,0,Y,A
0.016856230518988335,0,0.21823920494625615,0.23638944482758817,0.6938177969062836,0,Z,D
1.2425718621909,0,0.01008285158155886,0.06188981249609815,0.6712403956114187,1,Z,D
0.5046061945692357,0,0.9442595454869556,0.5224174848042219,0.4192482624046473,0,Z,E
0.7619236163081757,0,0.7999510278653071,0.2008630471398274,0.9685714021550332,1,X,B
1.2413018068161188,0,0.019788897288352536,0.6732146223913961,0.6391819348252519,1,Y,B
0.7539075573736562,0,0.3049853619339197,0.798786950139534,0.20024111646168496,0,X,C
0.6400173297251266,0,0.74980929712231,0.7572012219297203,0.8300911625213491,1,Y,C
1.1276115000704519,0,0.1693761460077683,0.1808690366374236,0.8249453135901107,1,Z,D
1.2397065949291408,0,0.4679164082952012,0.3762953449405766,0.9245317633504327,0,X,B
0.16573803593297348,0,0.9462882372233844,0.08130514011532208,0.7290664997182686,0,Y,D
0.9324744045918936,0,0.9271679483904537,0.3823034780263954,0.3490397062097239,0,Y,C
1.237824359738618,0,0.26184594376672,0.8984217554570731,0.3498706894949768,1,Y,D
1.2398868390133857,0,0.681721523178244,0.21138504508259692,0.8278403514768098,1,Y,B
1.2456539064322738,0,0.6125779923673976,0.5381291437149959,0.9094001832337264,1,Y,D
0.1776603943219315,0,0.22303733859785946,0.32609663425444024,0.36351044194436,1,Z,C
0.00021612950524147595,0,0.20234507538510638,0.24877435226447653,0.8272176510964862,1,Y,A
0.5810126928262089,0,0.9895994588983952,0.062256388986626554,0.5731297997995619,1,Z,C
0.20980692792907293,0,0.3201902244590711,0.553734699807533,0.5975354994914439,1,Y,D
1.245297727518163,0,0.6855215521937423,0.500701373673672,0.1962094475587688,1,X,E
1.2459741895603762,0,0.5933954745438021,0.902728881984557,0.4093686929321343,0,X,B
1.224717254666039,0,0.4727513514851748,0.0005686670500351099,0.8843127839165551,0,X,E
1.21560756515406,0,0.7001773548129809,0.6532482637642956,0.5634538093146224,1,Z,B
1.1423249106076367,0,0.5923940172178767,0.6441709516729451,0.4640725738119421,0,X,A
0.09899327951335123,0,0.8044229048862731,0.594449392306643,0.1188595988066995,0,Y,E
0.9860994919747416,0,0.035783352208442754,0.06011338616369277,0.6675555389217852,0,X,C
0.007899872644721055,0,0.6904700886390611,0.5884499846380647,0.4324520039760351,1,X,E
0.09308839293488413,0,0.6326022765372655,0.9962691254016103,0.4503846114258021,0,Z,E
1.2429026842157758,0,0.663990129190459,0.06834460178541668,0.6689588972211604,1,Y,C
0.7122847967766102,0,0.9659576727841706,0.3959130744168361,0.684758762985407,0,X,C
1.1206639710491726,0,0.83390793196399,0.373581113018041,0.48336639009429205,0,X,E
0.42386625965524055,1,0.5321941140561276,0.28607329400143366,0.0069900946421148635,0,Y,A
0.21458464230747865,1,0.1963490647674836,0.4694953606275064,0.25921739493255724,1,X,B
0.0009559437131667158,1,0.45346571075862674,0.8705170664453212,0.9024354941137456,0,X,C
0.040722905291793045,1,0.866751914230794,0.9203950776805496,0.9964211901301239,0,Z,E
0.16360037783389395,1,0.09445709476083186,0.04081379002354135,0.28503869117506586,1,Z,B
0.04649115938220007,1,0.8518517699009243,0.16070094168765703,0.08067469655837989,1,Z,D
0.5596834527661368,1,0.47701955116015204,0.9539025630963993,0.9804991677305442,0,Z,C
0.28248785766072676,1,0.4596180400571711,0.49420502420635404,0.8156804838045991,0,Z,C
0.4413581792237218,1,0.4486597764632282,0.60617105659974,0.10363868132078957,0,X,A
0.3516705346869805,1,0.18631501471486067,0.36644747889122087,0.28616339312105155,0,Z,B
0.0335483264669607,1,0.41379650364671006,0.5354656895481151,0.014590920132021346,1,Y,B
0.17661035517300222,1,0.8107235989735806,0.8796615713021111,0.4753574153439487,0,Z,C
0.0041959205135127554,1,0.47159511794517917,0.4319764487619159,0.9291617308168635,1,Z,C
0.05367468434827776,1,0.47932298400639906,0.9990446069964567,0.06085403972667325,0,X,E
1.0410024312198878,1,0.35424511125524083,0.9885688518334099,0.22574013649824065,1,Y,D
6.0658606196044724e-05,1,0.9247213040504614,0.6097289403632559,0.9964499854264124,0,X,A
0.7006675952851188,1,0.6252570829266721,0.3500729894976823,0.2634959103430239,0,Y,C
0.3137873131520903,1,0.7083485193005433,0.7643348983249917,0.30536026422286877,1,Z,B
0.027393670566811936,1,0.3715132229022149,0.2789640909333003,0.8600988414703588,0,Y,A
0.9895191210945847,1,0.3531698621326642,0.8333374807442528,0.9155242392639594,1,Y,B
0.06853749166956319,1,0.5428790620186414,0.5709047941782686,0.706265644320927,1,Z,A
0.6217516868982008,1,0.38256207900413175,0.677516850775384,0.28487591193831163,0,Z,C
0.4262368724433063,1,0.9886673463792378,0.14488325189306583,0.1886945127217997,1,X,E
0.7526837590452635,1,0.03173161507613398,0.12547220277607818,0.8928861145147503,0,X,D
0.32686515105658526,1,0.685817229015632,0.3087995764218665,0.7476295760256993,0,X,C
0.3859424406017147,1,0.7869988310298673,0.21785985572253974,0.6363601470964213,0,Z,B
0.6358655578033289,1,0.4275511910333756,0.407422287444571,0.4603234926291998,0,Y,C
0.013071295454795967,1,0.3318407947549388,0.8537675295803308,0.041525809709391126,0,Z,A
0.30746101865765707,1,0.4141733046304297,0.8886891405759016,0.16083168192216724,1,Y,B
0.45964979840852926,1,0.6405861764912504,0.20590328811937275,0.2910050806387875,0,Z,B
0.2672990831383672,1,0.303064269320245,0.36341890787682907,0.03322136640647011,0,Y,C
0.01805137236269742,1,0.8653802440332224,0.02289997464836313,0.04293385181708864,0,Y,E
1e-09,1,0.37311443888431695,0.31034311677995285,0.96833156758644,0,Y,B
0.4807532642978057,1,0.3571108556154622,0.437270558716502,0.16087262484349152,1,Y,B
0.13866900599951615,1,0.7928867091623312,0.4340044026515365,0.22492541883522876,0,X,D
0.6705104416836791,1,0.8863443435970552,0.22626811493645205,0.00201909291884228,0,X,B
1.0808463400848813,1,0.5636387657716392,0.5823700455055928,0.18841464877228176,1,Z,E
0.5272844380703267,1,0.8020780208233429,0.011334918693339469,0.16893919860122997,1,Y,C
0.035578235957703534,1,0.784522385571479,0.2886096019415203,0.12540087653435716,1,X,D
0.012985095198301929,1,0.8538200248867757,0.5656894133154252,0.034740590262400395,0,Z,C
0.8481478403912247,1,0.7936429798504538,0.5751796544333195,0.5176771871555115,0,Z,B
0.4810888350357023,1,0.7897434586257301,0.8266268545657767,0.10666351826263776,1,Z,C
0.8124936753996121,1,0.021164911900259264,0.07902596324718769,0.11583559243318209,0,X,B
0.03778444565621905,1,0.8820123964210455,0.21872624465266077,0.4351460484927685,1,Z,B
0.023443310832482807,1,0.6663064784913898,0.33477759043127864,0.9193302940709136,1,X,D
1.1270954703492009,1,0.036621627321425265,0.3726190213595473,0.8483618433323601,1,X,A
0.5174388109170291,1,0.9523215334685968,0.4573135230329972,0.7592102151516399,0,Y,E
0.28372600597284414,1,0.018512049422646504,0.27136552928560986,0.9615887572778355,1,Y,D
0.3889929525412741,1,0.133928392259815,0.7223526697371677,0.22230626893410266,1,X,E
0.1338964594288447,1,0.7833621347248598,0.14850651575487772,0.5797674372961754,1,Y,B
1.107675047923672,0,0.09503549647159526,0.2592530922530757,0.0004896313390836404,0,X,E
1.2459188630976201,0,0.15792286322828464,0.15564605350915828,0.1621382610372447,0,Z,D
0.26565353470552044,0,0.351930425235506,0.9171166101700062,0.34549748294987825,1,Y,E
0.8996495871376572,0,0.15920124834217841,0.30785484289849996,0.1278658833252626,1,Y,E
0.6141161853694472,0,0.49437638099387726,0.12269245837692899,0.9510665038900196,1,Z,D
1.111154432078024,0,0.840489230602418,0.12422009140421775,0.05727307598524578,1,X,E
0.764093864719939,0,0.3209638218499433,0.4337847069860926,0.48607415330970316,0,Z,C
0.23548772408355445,0,0.19852615842404775,0.6619863013681765,0.0884999489987831,0,Y,C
0.08500841581421772,0,0.7455293200318812,0.2086934271226305,0.8769482214839421,0,Y,E
0.677740461738299,0,0.3645138075609601,0.17273511612766435,0.07657305177691831,1,Z,D
0.8347485633563317,0,0.9397550977771995,0.6294191020384365,0.4158429054625076,0,Z,E
0.8825531374447235,0,0.6160749307959892,0.10163699396599757,0.1704852409892914,1,X,C
1.0524723231484223,0,0.048216636138908586,0.6359044262955913,0.23367178580664605,1,X,C
0.0774311398444065,0,0.8322701366381267,0.20127743224684524,0.9365895112884293,0,X,E
0.6111861939454373,0,0.18843704059584898,0.10855243113248025,0.2877721518070455,0,Y,D
0.18322804837272497,0,0.46107243809359644,0.14035808109428194,0.9679289761265824,1,Z,C
0.5803618801215378,0,0.9903017849863377,0.6897651824751082,0.7889391524030066,1,Y,A
0.5901831078348626,0,0.6157004269966786,0.022175596982369705,0.6172354531433916,0,Y,D
1.0151619111898162,0,0.9073391724381569,0.9816575911674376,0.46747598876632457,0,X,C
1.2458322694429025,0,0.822042676637502,0.2755910761512337,0.9038321755231088,0,Y,E
1.0397600510161025,0,0.9601847763822695,0.8182380880480594,0.10341025560613593,0,Z,C
0.2881917392835739,0,0.4254943224985457,0.9311929637442171,0.8906537042320953,0,Y,C
0.4302826376769215,0,0.9891628054754358,0.42777342912065086,0.7742990795573482,0,X,B
0.9967112645271975,0,0.9058258603254689,0.09639969455546626,0.34243871180917596,0,Y,C
0.6033555432561823,0,0.6842643883960509,0.3953088433529808,0.766038624304114,1,Y,B
1.1511663792487559,0,0.3301082679751699,0.27111812468123875,0.8027735917616281,1,Y,C
1.088371056018979,0,0.538521253632634,0.05109923933577898,0.322355303523459,1,X,B
0.5144941540493753,0,0.9802957851899268,0.7779426359190611,0.9094980532078579,1,Z,A
0.1868614991596433,0,0.10007910914580131,0.1460587018063384,0.2244313845285021,0,Y,E
0.8573899646766553,0,0.2963860477409982,0.6093119854424816,0.6235354003269871,1,X,E
1.2381899273469394,0,0.6620893998974917,0.6354748836398777,0.7638693919597576,1,Y,E
1.0370002166941727,0,0.27550730099033915,0.8800238627521808,0.11414662529168917,0,X,B
0.8000568239460225,0,0.8549006154124656,0.4249707951087329,0.5270312774184684,0,X,E
0.7317306589933662,0,0.6269624309250751,0.86568441605948,0.7546648230329068,0,X,E
0.3944653409308963,0,0.5898685376031971,0.8138321088253558,0.3418068907035262,1,Y,E
0.3223101395144798,0,0.628802775869358,0.3693383190599744,0.2547823092769189,1,Y,B
0.4350889030269896,0,0.7172372551657785,0.9647666823396819,0.06611575697423322,0,Z,A
0.9970283114711568,0,0.2156212425562356,0.011533127997148895,0.17071763041401278,0,Z,D
0.9770363449798624,0,0.4814538110767732,0.837426418144581,0.3213171367535329,1,Z,D
0.8200870632343402,0,0.7088036342383148,0.014149471577958428,0.463371650418118,0,Z,E
1.2450974695121695,0,0.9357660052340352,0.9110930494309685,0.5437221145691038,1,Y,E
0.6465301970080787,0,0.6001964379780014,0.13787458560507082,0.09516712985095288,0,Z,B
0.09046974709180848,0,0.16576176977057588,0.228173471221234,0.7715698756993093,1,Y,B
1.105818061603635,0,0.7207739193336098,0.492865581873277,0.9272786239515627,1,Y,A
1.2169799951541411,0,0.3175738189558346,0.5569589224110824,0.6993763423021905,1,Y,E
0.2827731944186701,0,0.15379428564098296,0.8514390222629431,0.21943220322671753,0,Y,C
0.9591115384688959,0,0.7617385392604125,0.4571210719685421,0.4066699840028831,0,X,D
1.1616620065600454,0,0.7273764175164411,0.46789480681293083,0.7089005535834868,0,Y,B
0.2941754083820086,0,0.3733673792464782,0.9957482904168625,0.30341634295675135,0,Y,B
1.1401935142348574,0,0.2328689338824398,0.7403783271935696,0.30948689011963026,1,Y,A
0.06750342063250271,1,0.6689972162457926,0.8974092968990465,0.055933097817767674,0,Y,B
0.1723228826994633,1,0.15632954804216515,0.09999200819243292,0.29801120646937884,1,X,B
0.0003347740052343456,1,0.874008378266147,0.1497581337887678,0.3945679507715434,0,Z,B
7.26948927905386e-05,1,0.5749694688336818,0.7681014138242317,0.9804935540794123,0,Y,D
0.061874341550998094,1,0.6744060922334476,0.9143311568485198,0.2338454759526054,0,Z,B
0.0019518355492021589,1,0.6626548356493689,0.6222903784385667,0.8878448668155159,0,X,A
0.2988881375583371,1,0.21010536927067613,0.5722391001676507,0.5282512245126975,0,Z,D
0.9879826406280267,1,0.6635753738261061,0.10071306974363803,0.7700520064902246,0,Z,B
0.49429705938756296,1,0.849119054049385,0.00827753540136611,0.5352011871396888,1,Z,C
0.05642236963520618,1,0.4386817087555024,0.8939612781934277,0.9594073033143096,0,Z,C
1.003861856192532,1,0.30217278450787677,0.16249137181041262,0.6465852769356775,0,Z,D
0.19712779712988118,1,0.5033721947003558,0.5968285885357972,0.3502499290474992,0,Y,D
0.030688980155026496,1,0.54006493235726,0.7151044407699525,0.4973466272470626,1,Z,D
0.7226836246627238,1,0.7499968199449127,0.2207236105755186,0.11543358520528513,0,Z,E
0.07304147021498174,1,0.6961002297173451,0.22862616190776297,0.6094472393087697,0,Z,A
0.3705974989489385,1,0.10831910771296527,0.7849709722651775,0.7764245620388437,1,X,E
0.48388170313383033,1,0.9566258195129793,0.05725464732376784,0.13113434718664252,0,X,A
0.10222599139966473,1,0.9963539066377541,0.5937128178791194,0.9271197209333332,0,X,E
0.0004532159765270928,1,0.22675408839321087,0.8001762927197529,0.9916676052095399,0,Z,A
0.4144261865557109,1,0.31626214259248975,0.17981703690592388,0.13991883213272704,1,X,A
0.21658964975978764,1,0.17828661369861087,0.5941160762094707,0.3061355829408243,0,Y,B
0.0750882628217727,1,0.7393206904836649,0.44534657600370564,0.6477935893944282,0,Z,D
0.00010530496587685779,1,0.766172414193225,0.987398413001327,0.9947977262798172,0,Y,D
0.35170499721899795,1,0.5452816349923956,0.18034209378862265,0.5991064583219895,1,X,E
0.13995600292726995,1,0.1841013506599597,0.9644014405486976,0.040809922000153764,0,X,E
0.6056474986670849,1,0.25772200928769806,0.5367734171553358,0.429454365392793,1,Z,A
0.09872892665652318,1,0.1529877474467931,0.2931453770656255,0.13187327505089286,1,X,D
0.24676213428376825,1,0.3007973683396461,0.2782600949297447,0.04747003354892587,1,Y,B
0.20967261146973692,1,0.2548038259179649,0.265039058077544,0.5285772875874681,1,Z,A
2.0708208341290074e-05,1,0.06874811416089566,0.5010953616831559,0.8736486984516273,1,Z,D
0.7996092306890015,1,0.7822761378062015,0.8168359877922978,0.3644712383892581,0,X,A
0.537370641746187,1,0.7927208965720002,0.17789428583758093,0.5993682613456408,0,Z,D
0.518093742363774,1,0.7122905971677918,0.31739858434066115,0.9715390885220436,0,X,D
0.6107202400395787,1,0.2181834252817595,0.3480303242825785,0.3061514892366284,0,Z,C
0.14338708884219512,1,0.5290648450275396,0.3613021134941319,0.22909315129331076,1,Y,D
0.23352767599265822,1,0.4085441437676536,0.11408498501561093,0.2194837860615082,1,X,B
0.3871590440459948,1,0.06375139036222432,0.8707191719953232,0.19172829700096694,1,Y,B
0.0400547493498886,1,0.18561908439839792,0.36569505043351946,0.8839423492171886,1,X,C
0.03837342139758129,1,0.39544525338344616,0.7379947544904314,0.9158270949769763,0,Y,C
0.7566439663702623,1,0.05047079281844158,0.4031266615579231,0.818723803924601,1,X,C
0.1239572157362278,1,0.831060322667272,0.7949079004538586,0.4088965203729551,1,Z,B
0.9300056660582288,1,0.5135688557571964,0.1899639368352003,0.5211944029170638,1,Z,B
0.36936967155515804,1,0.6388413495392739,0.10742073243509576,0.18081515728276343,1,X,B
0.5966061007151484,1,0.6200990379895417,0.6181953977100436,0.439808978234282,1,Y,C
0.18622672308550894,1,0.13777437492840738,0.3868016294962855,0.17975539605307722,0,Y,C
0.824302345137156,1,0.63556088331699,0.5177860636134588,0.9832056191286407,1,Y,C
0.06609933171545543,1,0.7219431664626285,0.8102676225993894,0.9542694185084637,1,Z,A
0.4767238086565557,1,0.8405632545913853,0.2288845191625425,0.6444678083102122,0,X,A
0.3411962497728087,1,0.9979247581260957,0.35680071136061253,0.32415571313307956,0,Z,E
1.1415649108295374,1,0.5730629209528869,0.6831563732452001,0.39748355816998004,0,Z,D
0.8123471301951527,0,0.5543313282764158,0.10222609669820393,0.06943230136787826,0,Z,D
0.9907618518890586,0,0.051491380877245585,0.8357232155045871,0.206828948273031,1,X,C
0.9286337390217672,0,0.23671488008359365,0.5120785980701648,0.6300125895310148,0,X,B
1.240115296088905,0,0.4903077420777302,0.6596831203092194,0.5757020609233682,0,X,E
1.1216600046154843,0,0.5244057104985391,0.9527234771930276,0.5986009062987653,0,X,B
1.2457956932198997,0,0.9593643879816887,0.656884898606614,0.32452235502953664,0,Y,A
0.5551899099787825,0,0.5260257186648041,0.2236819029494551,0.7369912555740238,0,X,D
1.243870746247158,0,0.35348595928037874,0.8090375970147006,0.6210571240243287,1,Y,B
0.19246434827189607,0,0.6175183136721377,0.735234411731665,0.3950313267421558,0,Z,B
1.2114403389238328,0,0.12793826551204246,0.031933390543817164,0.5419851569215838,0,Y,B
1.2455198239914442,0,0.4699723747270549,0.07209531624090226,0.609039876065114,0,X,E
0.3703776943379529,0,0.9374078954714331,0.45504384375222773,0.6490268356700382,1,X,D
1.1628156243088514,0,0.7634374382632872,0.4656336386470542,0.8628277516406474,1,Y,E
1.22466604449738,0,0.010018679031750688,0.7628377907072609,0.4802816517845345,0,Y,A
1.107696019757844,0,0.5168678710355061,0.8252273971199019,0.447811246736329,1,Y,A
0.7473799965323914,0,0.4476315520403016,0.8270242299157659,0.17194533957643154,1,X,A
0.11055256895459674,0,0.2349307574421624,0.4905328130200225,0.2553252302176515,1,X,C
1.245827179449436,0,0.46436391048176384,0.9858024383053463,0.7923469542912592,1,Y,E
0.1779785502399105,0,0.310232063472212,0.3426303656918285,0.15853280781977552,1,Z,A
0.7410950378034398,0,0.2629108771078995,0.9557684481929731,0.37618173578727043,0,X,A
0.3823114614624752,0,0.42936261441281787,0.028845014756105902,0.4026166649631624,0,X,D
1.192941044343741,0,0.35317527516706715,0.3646574051794048,0.7411855434148351,1,Y,E
0.2952749625167659,0,0.5288348910039503,0.912762196222096,0.7634841652162753,1,Z,B
0.2308018097652203,0,0.3093511238040493,0.802582183465528,0.6791879167174473,1,Y,B
0.5326914811173799,0,0.49214438871996546,0.5290468837549994,0.34138664141468833,0,Y,E
0.23029984218568586,0,0.47169430512188226,0.7275749808066712,0.6848202836408104,0,Y,E
0.26585887583960444,0,0.4336348624959647,0.3409035412165735,0.12040712354655025,1,Z,D
0.5756903671585111,0,0.7365210678781537,0.38912118191835576,0.6135841197240404,1,Z,C
0.7352328522674456,0,0.9744642762929244,0.99430642707782,0.4778874307878813,0,Y,C
0.18139502148514663,0,0.11223681796630758,0.9285404553475108,0.7037685155580702,0,Y,B
1.1638684659808867,0,0.7503661596179496,0.28225032146928297,0.2656272622780834,1,Y,C
1.1998052312379752,0,0.35564521579334285,0.6084698738627577,0.15056642945462562,0,Y,B
0.82775987744212,0,0.371729327234701,0.9464792803495814,0.07866616426419692,0,X,E
0.6454346057374339,0,0.8838131321355871,0.4062855223301388,0.21723980235654317,0,Z,D
1.0785339906087463,0,0.45710098920089604,0.12737486601174985,0.1300702569595329,1,Z,C
0.6390396713497017,0,0.3472747625411672,0.9252966906081578,0.6298474972857165,0,Y,B
0.875444069533374,0,0.4647837853599788,0.5105977545398893,0.42724010422679204,0,Z,D
0.6107265079593693,0,0.6090402626617608,0.03441588446065613,0.33152862135188055,0,Y,D
0.30697749474703984,0,0.17854156264553478,0.2971932726703347,0.21162502244458992,0,X,D
0.7551063696022698,0,0.7946295266873207,0.19080884602089887,0.9470164625907767,0,Z,E
0.5109807476553399,0,0.14584855359894167,0.09318500940807217,0.38208800039082613,1,Z,D
0.984510362404707,0,0.30138223241074313,0.5999479354452797,0.14409784115640134,1,Z,C
0.019142992934082427,0,0.5657322657822229,0.04156863839935887,0.13195462111373968,1,X,E
0.9744582963540899,0,0.8871134594445893,0.623231220908029,0.0895186830505923,0,Y,B
0.04481886452013391,0,0.19967060523044478,0.8556993559553655,0.034668839387830164,1,Y,E
0.28405050359375733,0,0.6803729774912504,0.10277977449288012,0.5136176511659165,1,Y,E
0.4646220284278573,0,0.05996980511433925,0.7582213542435283,0.8117753001425326,1,Z,B
0.8609624463139844,0,0.7440503314837734,0.0929356028653221,0.8581201317503234,1,X,B
1.2350785607279455,0,0.9699719282336444,0.8135805035482506,0.4837670946364421,1,Y,D
1.2374551321240232,0,0.670200806026653,0.4890568318963112,0.21652101849778327,0,Z,A
0.094448043334142,1,0.20334470351998224,0.9544730325770849,0.8194362973238849,0,Y,C
0.09546844052127793,1,0.5236816604806803,0.33985683790096566,0.6409103998387692,1,X,C
0.037683103005642926,1,0.8082648946147086,0.08216745318069363,0.6471442777199555,0,Z,C
0.0741244123719939,1,0.7720757961164986,0.9616219232079251,0.009346047175428529,1,Y,D
0.37483108990226055,1,0.3342327798468887,0.7235888997561666,0.5625514757601503,1,X,C
0.4024179933237445,1,0.8658327731705513,0.8451836848237197,0.3086754971559462,0,X,E
0.07425414866108748,1,0.4468727043994367,0.12962118689483437,0.014227444672029077,0,Z,E
0.7193374096334842,1,0.2503996366941903,0.8263691572924973,0.568655691643444,1,X,E
0.003018865173787816,1,0.26689006247147995,0.29579542933058767,0.21174671747753704,1,Z,B
0.0008511934286777594,1,0.17240412544265193,0.4410592300329974,0.7935272306847114,1,Z,E
0.29882800216801475,1,0.412114638992077,0.9931935434506476,0.5826115719274508,1,X,C
0.3602111560499317,1,0.06393304464600169,0.5135991605032133,0.401923626422807,0,X,D
0.9631326623870056,1,0.5259059723451475,0.6572621969987399,0.668865435780264,0,Y,D
0.17530784811222855,1,0.9090277476717818,0.9196577633968381,0.33125602103665186,1,Y,C
0.31597061492175377,1,0.9539550012372328,0.2993038015244939,0.9713414193352541,0,Z,C
0.3330815094966677,1,0.674825924712712,0.12062478898840157,0.14067902665377807,1,Z,B
0.4413234263405068,1,0.9871874731244085,0.7296381745443205,0.28988994012014624,0,X,C
0.027991459557300813,1,0.5099384049071684,0.04961913385221162,0.8960250585894965,0,X,A
0.20269746511021566,1,0.5450170477621089,0.9883389037582506,0.7170576118603909,1,X,B
0.21036293708025816,1,0.9142836908815098,0.25704172875880327,0.9612977344902114,1,Y,B
0.9633357659170896,1,0.7330772597875569,0.023784361459290304,0.4588545685185672,0,X,E
0.6894698549579528,1,0.9840923545048624,0.6073669348260509,0.5266617279866442,1,Y,B
1.0923953811873663,1,0.6895630685666279,0.8137105505414038,0.6401528323707816,1,Y,E
0.7310417079983689,1,0.9914952765002855,0.7810059446813274,0.4663121994345737,0,Z,C
0.046988151086760965,1,0.5846302195118374,0.014665457014290117,0.007983347023220122,0,Y,B
0.9009634621986243,1,0.18647233466138446,0.6423971834792268,0.1582714803282007,1,Z,E
0.36910038191944006,1,0.5014044572064765,0.5887946861033788,0.1669284682178298,1,Y,E
0.7266024129349051,1,0.540849076152763,0.9990499316352529,0.27395964314369636,0,Z,B
0.01452037349818778,1,0.06137955483674784,0.8153633467927769,0.8071602464284099,0,X,C
0.059602366128139836,1,0.7983208038483434,0.18954094127807763,0.53785325630074,1,Y,A
0.8500115545925128,1,0.4375160116926453,0.19880022456406798,0.4182473414035406,1,X,B
1.133932416859215,1,0.8571668529915273,0.5170678578669115,0.5383354925088417,1,Z,C
0.008707889945498138,1,0.9689829903019369,0.01823037232938396,0.5225734545821739,0,Y,E
0.26485125728440073,1,0.6170865829584607,0.27083913711246155,0.1647752805409638,0,X,A
0.20637340798948964,1,0.8328675730922683,0.5714524855191357,0.4642341965949729,0,Y,C
0.0011116151993454705,1,0.03520181572024017,0.4266282268667093,0.4184319749549572,1,Y,C
0.03456423200082788,1,0.4366608698226998,0.4746887444218759,0.7392353677387441,0,X,A
0.3790656260413144,1,0.905364038001433,0.026703332368957278,0.4854444564724135,0,X,A
0.22108956703362947,1,0.11450194167255867,0.035333005472341195,0.19054559491300838,1,Y,C
0.13122712112517704,1,0.7095240776102019,0.5452221732960516,0.7433401747370106,0,Y,E
0.40620122178460144,1,0.28652698066456894,0.9343780952021862,0.27848779830697123,1,Y,D
0.16258778741303942,1,0.7097619708054046,0.8982559454544529,0.15592058968222378,1,Y,C
0.5327601825187237,1,0.8222449420342718,0.19072161167278567,0.9735735400999017,0,X,D
0.34119507549033845,1,0.3479016316467176,0.40644774873275746,0.6986890702382065,1,Z,C
0.005137317104611885,1,0.22310952915987026,0.49704552045221806,0.9466430958742392,1,Z,A
0.6521092554594697,1,0.6150370819437756,0.4868593307469866,0.9522539520879757,1,X,D
0.5727121150574092,1,0.44952559258002023,0.7687446253155371,0.5193612234065749,0,Y,D
0.08197539537937396,1,0.8904571244637187,0.5469854474649677,0.5844934718739035,1,X,C
0.5076628748310857,1,0.7322322618423069,0.4682382536991675,0.11806340217792222,1,Z,A
0.987546492799232,1,0.3159272360258222,0.633123392420874,0.19028890062909587,1,X,E
0.6237208493291416,0,0.8338022011079462,0.3899237693066261,0.73641473295482,1,X,A
0.30689680213031506,0,0.2541560181311442,0.024451839003946207,0.5082627084201625,1,Y,D
1.0875912913314023,0,0.5940756912385415,0.19848358768194985,0.21184158901337335,0,Z,C
1.0898222302988045,0,0.9590795997067525,0.738833661830594,0.5715760300023288,0,Y,D
0.5142563736612827,0,0.4548399820397454,0.24150629601258866,0.3459023232266455,1,Z,E
0.9606274517696368,0,0.40921005501089747,0.054396369472825334,0.02082168248037153,0,Z,E
0.4049202883464132,0,0.9415086717848247,0.6649958412436885,0.20921101790713048,0,Z,C
0.7395705600492596,0,0.17282449425421986,0.11766240015195617,0.16526810842695738,1,Z,B
0.3824103699449485,0,0.5552635091177972,0.14149206210075338,0.8444233910282707,1,X,E
0.9300726649296598,0,0.5841192589836519,0.015483815264904721,0.006256631628396847,1,Z,B
1.0745780525760238,0,0.4896803421728462,0.41359950012434066,0.5953574154674786,1,Y,D
0.15616452809065975,0,0.4161052087899604,0.9588480360643256,0.5901539340587115,1,Z,C
0.3928797435188931,0,0.00371400852319137,0.22711546651927872,0.870479355953892,1,Y,C
1.0271209052043022,0,0.1456793723953964,0.5386066568248475,0.4027337028130288,0,Z,A
1.2033733707561736,0,0.1718283527156892,0.8374759261074978,0.2614489911842356,0,X,D
1.2305778122271485,0,0.32858249148885743,0.22824891808683867,0.8348955951064412,1,Z,B
1.0178536698777845,0,0.8388793785121238,0.8460537009836917,0.5390680686107251,1,Y,A
0.8362516359041697,0,0.6747640712978271,0.47754036234415587,0.730790691480849,0,Y,D
0.16494543776483395,0,0.3484767281770288,0.1609000443331997,0.10477008962479095,1,X,B
1.1320298222152962,0,0.535319195808599,0.18056435689039219,0.09701974505076116,1,Y,E
0.4257738256137224,0,0.6421006442046298,0.092779482549182,0.4285301472828642,1,Z,C
0.4097999416948594,0,0.012660494631447361,0.400310251474442,0.14114752422700005,0,Z,C
0.3209059432530808,0,0.6792886906053841,0.9896877556190247,0.9150252386775752,0,X,D
0.9791912455780962,0,0.38175035195645934,0.3597134601241456,0.16585719877867222,1,X,E
0.8917828275911699,0,0.5437498500337702,0.7355931522657211,0.21397942867167907,0,X,B
0.6288718694052579,0,0.615106301732073,0.8731039746844494,0.5771763501099547,1,X,E
0.40742355471105446,0,0.40597359836043223,0.10756639156273318,0.4919782283777181,0,Z,D
0.3019059933095869,0,0.9561085697217122,0.5052201244208755,0.3052348007428213,0,X,D
1.1215852617284283,0,0.5936140355070525,0.13283869692880534,0.773754978795676,1,Z,C
0.12534603539948522,0,0.8553595221601173,0.690888843992219,0.013631071811214035,1,Y,E
0.07363690732486061,0,0.14639672004445714,0.599185103443246,0.9485439202057199,1,X,A
0.18266220828052282,0,0.7059842808734358,0.06301913388564606,0.5193960278239305,1,X,E
0.05324691903371879,0,0.03806986207520413,0.11918815536517813,0.12965076791241448,0,Z,A
0.7375422966113655,0,0.6442344707206592,0.6590917814335735,0.41025717084573377,0,Z,E
0.3101305691349467,0,0.9486125439738747,0.1664665104175307,0.9336797706370032,1,Y,C
0.4037950265989487,0,0.9814231856307709,0.4547665562001951,0.477778706067881,0,Y,C
1.23880057452969,0,0.06203607857773563,0.8324717054271078,0.5112980249551237,1,Y,C
0.34071469840590946,0,0.16314428547539916,0.014051571704865706,0.7032861187775928,1,Z,E
1.1736239922568739,0,0.31883990658066486,0.2724560187134468,0.4638239697783135,0,X,D
0.7996832612366414,0,0.8474717162519227,0.7214844033193011,0.95100517504102,1,Y,E
1.167099111674036,0,0.7305852304188344,0.12157821060510399,0.2553233713180797,0,Z,D
0.8109525470725518,0,0.17287976949314032,0.3599991702700638,0.812233647758571,1,Z,E
1.1107688908128177,0,0.9721342479028054,0.5779667053165906,0.26151248005793903,1,Z,D
0.4367116850543488,0,0.8797045313687353,0.3020705235032225,0.9717005180289386,1,Y,B
0.7091439023098403,0,0.29485646072482474,0.7266424484865837,0.5733116075016601,0,Y,D
0.7145704745214271,0,0.9226789478073316,0.7313584336396255,0.10960240603699678,1,Z,C
1.232500559148495,0,0.9572709617703096,0.7880310665039966,0.35999044547587467,1,Y,D
1.2434256627772766,0,0.6369538002694384,0.3342049915700318,0.36072839802003553,1,X,A
1.241673963467825,0,0.22596640526386969,0.7272439269100176,0.6823066909830061,1,X,B
0.8600472402879061,0,0.9029246859848796,0.8982449388632299,0.7125940412724223,0,X,A
0.23205858729923848,1,0.32877190667029965,0.31659768387332066,0.5130133253304118,0,Z,D
0.2514865016362162,1,0.10490925820310104,0.6872952882317471,0.5733652868515301,0,Z,A
0.8462918027594103,1,0.6638665360215483,0.6034921840479756,0.12195677845998654,0,X,C
0.1539234598986969,1,0.9533888621335875,0.07798398539374374,0.545204091541606,0,Z,D
0.41123330085335114,1,0.7201792864548484,0.3025338259146674,0.9159065321458828,1,Z,D
0.7142537161022892,1,0.41317848426477355,0.746238099466154,0.7203437557420058,0,X,D
0.5166706458562537,1,0.5430163997889805,0.34963543152676435,0.4846121534832949,1,Z,A
0.03151513364795356,1,0.07234969122731782,0.786524110411411,0.725071279788949,0,X,B
0.044148196769415685,1,0.9047367953493077,0.5140875738229647,0.8684431865482632,0,Y,C
0.9185142721934422,1,0.42414866954419095,0.5655765368869929,0.3837679942141692,0,Z,C
0.07349831854709218,1,0.27131470647778444,0.7801892925742799,0.3322512470420569,1,Y,A
0.436521901559118,1,0.9147469736987495,0.4945727816721629,0.5952069942543596,0,X,E
0.0247278690507273,1,0.6081345949978119,0.8223736089814594,0.1399484935615729,1,Z,B
0.08661381151560928,1,0.538525934332374,0.655535744402179,0.5808623880752952,1,X,C
0.35002701491702587,1,0.8547984116957684,0.300976252756192,0.7453384683133603,1,Z,C
0.7231781290439269,1,0.8238565685051262,0.048175733060843995,0.8532928625687686,1,Y,D
0.8347002265568733,1,0.9381701987624004,0.8873806592057566,0.0957281931523859,1,X,D
0.15670833213627564,1,0.7193563057105126,0.6437465369823953,0.20609910179500224,0,Z,E
0.8926176125997314,1,0.22441048389354368,0.21391731639731804,0.7330344637205327,0,Z,B
0.47501410913925113,1,0.2850885866425482,0.9483500885418353,0.430447326767195,1,Z,A
0.1833139632393034,1,0.8773217986010978,0.2445414807209585,0.37233736709435494,0,X,A
0.5537184291058883,1,0.7956488793347852,0.23978704691844976,0.26738238463782615,1,X,D
0.027240766083158643,1,0.20311784017846712,0.1137976562903491,0.48584718752198464,0,X,A
1.2250717606973751e-06,1,0.8415525267083107,0.37033898987415326,0.9103115277884336,0,X,C
0.6024109317245308,1,0.2268368246497966,0.40280670227891413,0.43634120993735015,1,X,B
0.6244141244323421,1,0.8153062330372249,0.7455382275604675,0.006233743007593495,0,Y,A
0.512499809994218,1,0.7983037485931973,0.12438681387770079,0.1375062040627898,0,Z,B
0.5660763128255776,1,0.7693319690279279,0.18880651284264927,0.6563121167889969,1,X,B
0.6405432964595227,1,0.4955683063755555,0.5141156542984245,0.4378524730512624,1,Y,E
1.0418006118528318,1,0.4191376225928931,0.9192955963631044,0.6842373388963855,0,Y,C
0.6590702440991332,1,0.5809867798178536,0.4910221216916235,0.9378856311024446,0,Z,A
0.009842537596156367,1,0.878244766676136,0.25058092515935826,0.10397279060878217,0,X,A
0.7873404102725353,1,0.46290335653465176,0.9796398783260585,0.2580640204849646,0,X,B
0.03915684339750131,1,0.8061041170726551,0.2536865659863575,0.4284103783800697,1,Y,B
0.00752250262102711,1,0.640587126037568,0.6080874822202871,0.8968597265579622,0,Y,E
0.07740844709434563,1,0.6190064385278503,0.3768226021090729,0.9189479389019016,0,Y,C
0.30786549051702294,1,0.876217089357081,0.4858846241684919,0.5376259107955971,1,Y,B
0.24022460797148032,1,0.5631789574116494,0.867982340799876,0.8821591004912812,1,Z,E
1.2199245646547758e-05,1,0.9151958985117831,0.7884972193489472,0.8742600723766178,0,Z,E
0.11927493842955325,1,0.9029182246366575,0.5094357254149544,0.99617719289565,1,Z,B
0.3563683435177524,1,0.8016944523145735,0.8403614770124779,0.44772699985901643,0,X,A
0.021700701617958874,1,0.8233828360269364,0.5994981529448278,0.8470440456720575,0,Y,C
0.07611020046354693,1,0.9083600895455747,0.4124213111551229,0.9935039225588013,1,Z,E
0.00653245611080711,1,0.5911367402423153,0.05999778855484639,0.7472238697993111,1,Y,B
0.3173277844909714,1,0.7550285188752786,0.43354052212289573,0.6593843789245143,0,Z,E
0.024356780729922478,1,0.11880852429883115,0.11970700174907611,0.9946628492626336,0,Y,C
0.1150511832205876,1,0.18981037222979846,0.41281909557007646,0.9025666347800836,0,Y,D
0.3901219779301936,1,0.6054915917520611,0.6174324986201338,0.8840272745910123,0,X,D
1.0767239588422015,1,0.520644757383744,0.6362433340867488,0.5300171686569667,0,Y,C
0.5650771442400617,1,0.3069135095799328,0.4205099822193621,0.04640371747995642,0,Y,C
1.2457865600440137,0,0.6944517495055372,0.3561340619174228,0.7292941830407953,0,Y,A
0.919780452870121,0,0.15995670028310438,0.6145355606012851,0.6892804172326966,0,Z,E
0.1561080073098346,0,0.03978093790999726,0.18594637431346228,0.9003287962179801,1,Y,E
0.147226206989963,0,0.5540354813320145,0.3059518056818127,0.994502789752031,0,Y,D
0.342385756430427,0,0.5181536400658822,0.8712290811821145,0.4664491238931042,0,Z,E
0.4811240730189853,0,0.8603235505787233,0.2401467485878902,0.4845505586222175,1,Z,B
0.8597279654666543,0,0.8504014206818017,0.8298410167682334,0.6429419669630928,1,Y,B
0.44353011404522136,0,0.6562262938492249,0.3824823109146849,0.36958237889077916,1,Y,E
0.7366691707956963,0,0.10408174248402324,0.23846842777169697,0.11996906690346276,1,X,B
0.05947210144027169,0,0.22262453106270952,0.04505680493629782,0.32815452538721823,0,Z,C
1.2452403308054076,0,0.5526589080963739,0.11663791321539774,0.9835483222464273,0,Y,D
1.1323545144490794,0,0.6045830655720358,0.1442649980630325,0.2675731060983112,1,Y,E
0.10852612262704481,0,0.24520076430173499,0.5899619578924071,0.564275979605843,1,X,D
0.4992553233246605,0,0.08855068549816691,0.6076020911197396,0.5207104620185873,0,Y,C
0.6810717521754126,0,0.861817415884091,0.47993830798865766,0.16667030423222085,0,Y,D
1.109194662432186,0,0.38343825805229637,0.4097735546623549,0.5034781519539737,0,Y,B
0.5371238325335675,0,0.2782913877887091,0.29011654337407433,0.34961828377209925,0,X,D
1.1961219904209524,0,0.02238072636968047,0.8207378118496305,0.27107910337125884,1,Y,E
0.5072023524391727,0,0.6006217622748945,0.3265313987928745,0.5405843560392858,0,Y,B
1.207716682715157,0,0.3669599928802938,0.5489797257521225,0.6373365576565814,0,Z,A
0.9044344517183789,0,0.7574867073624032,0.023391529114651255,0.14466307415946034,0,Y,A
0.894784572276732,0,0.4250998684222891,0.2496917922011891,0.7887944382695038,0,Z,C
1.1332636740083555,0,0.5902577863565974,0.09583348557634253,0.019648871866505213,0,Y,B
1.0907073996250143,0,0.9036024088460279,0.2827279670898104,0.2464595294464167,0,Z,A
0.5812967019454544,0,0.33274011977202356,0.22269725313731847,0.9490987729343112,1,Z,E
0.010133055920307412,0,0.5089123475186256,0.435436330334787,0.25392838774285165,0,X,D
1.2366756795806206,0,0.7020871236662044,0.8196272734355041,0.6968957207759134,0,Y,A
0.991329918319408,0,0.1695184356152417,0.26897639677927354,0.24743119264960856,0,Z,B
1.0052870586505946,0,0.3641219771564582,0.9214243346176072,0.2708943217421169,1,Y,D
1.2417221101281726,0,0.08745983898397236,0.8388655260334077,0.34335160923955177,1,Y,D
0.6691649614234011,0,0.8111041285632016,0.9125333459293655,0.6752685550063438,0,X,A
0.08268972779167759,0,0.3033713303316693,0.8054096159341241,0.622924578803172,1,X,C
0.2853921311567986,0,0.15590364838205328,0.4488765900852355,0.38182055764455025,1,Z,C
1.2458935041727681,0,0.5121319869923925,0.7200593405675807,0.511098794611094,0,Z,E
1.2050632354976025,0,0.8563342077919448,0.8555496429359781,0.6826655969371158,1,X,C
1.2416913652471882,0,0.4732016895155374,0.5763410608298533,0.5086191124495184,0,X,D
1.155892118891518,0,0.1444179601468859,0.26433869351712724,0.7563441607217042,0,Z,B
1.2385970825680497,0,0.2702378625517553,0.5009315006630433,0.05185492892813981,1,X,C
0.9379486069969836,0,0.5617952474466994,0.12852691760261803,0.6273899927983301,1,Z,A
1.1303866770836493,0,0.3780816381613322,0.7532531134027015,0.01708740196093783,0,Y,C
0.05716027866267902,0,0.19611398397584834,0.6018919342636545,0.6077249704341399,1,Z,E
0.7159745076459874,0,0.44774269353097607,0.5406756390068218,0.5501533501724292,0,Y,E
0.6696341319769604,0,0.8191839544766603,0.4045593463082552,0.16959777917657448,1,Y,A
0.2324029643679347,0,0.5714220487571792,0.32534446097815295,0.31201577438230776,0,X,E
1.2206091624007818,0,0.35583075641301143,0.6289399176951027,0.35682177971583595,1,Y,A
0.3161471880672809,0,0.16877506387788643,0.07955910609770711,0.01054874716394949,0,Z,B
0.3579299602121656,0,0.4101254801211285,0.2651591420939361,0.2225468057609601,1,X,C
1.076990172870168,0,0.9680688348679556,0.5871127563288076,0.4370976773384033,0,Z,B
0.3009356444395918,0,0.850702438378908,0.9298393179735632,0.36902933951388195,1,Z,E
0.8752351403828991,0,0.04941655964581282,0.8239525639514467,0.04648760029842636,0,X,B
0.22848472943091216,1,0.6426886719733187,0.2644170941904954,0.3593635644236427,1,Z,D
0.061190837997870874,1,0.6032255453194738,0.481010920204891,0.49596815085859325,1,Y,C
0.0014969399981531466,1,0.08041365860106697,0.8219703915153118,0.9835901306696954,0,X,B
0.2586108929161448,1,0.8168382998926983,0.7914316471121678,0.886377519022339,1,Z,A
0.0035574259677495805,1,0.7926673883530059,0.7663382946478421,0.8282899840064302,0,Y,A
0.011494179509445186,1,0.8149829219628058,0.16097924460932733,0.0037070249974545666,1,X,D
0.2271187877857527,1,0.38036076501174476,0.27533078794762467,0.8983345284044226,0,X,C
0.7840181705877729,1,0.6951521118803117,0.3259914373838839,0.7334469528931344,1,X,A
6.587004315571105e-05,1,0.23107321565888128,0.6522290918575431,0.9776236436928577,1,Z,A
0.31533649758708726,1,0.05895844025801911,0.9624081306676627,0.6877389400963256,1,Z,A
0.004210642022170432,1,0.6875560921709819,0.711926853080069,0.8536955892495356,0,Z,E
0.07428344340053647,1,0.12825257460830397,0.8260985905695852,0.7444933316665132,1,Z,B
0.06144452047405339,1,0.5274192584724395,0.3265533305443141,0.037057437700921736,1,X,D
0.3384348018184647,1,0.1844165105411797,0.5460187204930065,0.893637750074702,1,X,E
0.15323854259357308,1,0.9948308359778988,0.0638956237902969,0.7686893300935255,1,Z,D
0.28498226665387644,1,0.9623063955048887,0.9162760984723969,0.9968861259067203,1,X,D
0.17120606370867886,1,0.020539240737730058,0.6663803916285702,0.027668919199223763,0,Y,D
0.9069827772245993,1,0.37721522715435796,0.4202354228372134,0.28478632668560977,0,X,E
0.786867911065788,1,0.84350632371225,0.21879930843167317,0.8587935031244075,0,Y,C
0.7458583970539225,1,0.46405593248737964,0.6514557636158923,0.36108881101009693,1,Y,B
0.2792552517489042,1,0.5363171993014494,0.8651622134382589,0.917807177268204,1,Z,D
0.055442176295817845,1,0.9124026970739983,0.12668566809876958,0.21576413918510184,0,Y,D
0.05409281506126948,1,0.9477004469314859,0.832377333904469,0.06005137563282259,0,Z,B
0.6773738823909692,1,0.9734394097734295,0.8575621661336191,0.7503880523151811,0,Y,E
0.03610413211487133,1,0.8422697953793136,0.5118728115568091,0.8167664960408443,0,Z,D
0.4464545354038142,1,0.8030335059828237,0.4069342887246855,0.3505338193290083,0,Y,D
0.8569681550605113,1,0.7492649591594076,0.9889943051282997,0.0985836640337916,1,Y,C
0.025124954311332225,1,0.7880480889318775,0.28156308929484497,0.03226119938218441,0,Z,B
1.036916637825717,1,0.6104432259769779,0.3242864063819001,0.4623843226766613,0,X,C
0.5383261571654276,1,0.10036546997888207,0.7573519053086665,0.763568046459874,0,X,D
1.0343180678275823,1,0.3262761895269446,0.2556887608526912,0.3577903015099423,1,X,D
0.010306389033884868,1,0.5954266732788162,0.37428594644289437,0.8216771678855217,1,Z,A
0.33395697920575973,1,0.23727322850521448,0.14327672827359095,0.01505359672101425,0,Y,C
0.016282638022537797,1,0.015165479408512095,0.7556798581121579,0.8469044677687655,1,Z,D
0.3937342895605097,1,0.7160476125623364,0.10898318243476246,0.6205746772655931,0,Z,E
0.8707982513539579,1,0.4895681140880175,0.8972528620026395,0.10495102485185137,1,Y,A
0.0019549397450149344,1,0.5431296299077107,0.36327892547543394,0.9718412458911494,0,Y,C
0.07757107575646689,1,0.5300132151492175,0.990208164625411,0.177032406552323,1,Z,D
0.0009640339608206351,1,0.3991862676473076,0.48970552039510307,0.9741047698676811,0,Y,E
0.38132256149947946,1,0.5310422861036841,0.20252019895296025,0.06445419978084954,1,Y,E
0.02094212263648901,1,0.9649168886114837,0.9909471994354526,0.8339460499660674,0,Z,A
0.21294403743875112,1,0.12229489105678348,0.8719016208033766,0.8236205305283547,1,Z,D
0.7386090310410619,1,0.5103058757061378,0.3461873605290411,0.19375142321873318,0,X,D
0.4053260871701772,1,0.8216989961321813,0.5295136257748969,0.3626991191570431,0,X,B
0.7994996456919515,1,0.20634640624158218,0.08137669636709666,0.31497623732974966,0,Z,C
0.09570219768122937,1,0.11531229023603806,0.5982818318867353,0.2828018778067424,1,Y,D
0.7173986657535047,1,0.8741743892133808,0.7103370395963035,0.22581922857623316,1,Y,A
0.268120973812498,1,0.8774707887484735,0.17920646469966905,0.40901722113018957,1,Z,D
6.3500998068219116e-06,1,0.2890412712635282,0.5497072714275513,0.82006354188812,0,Z,A
0.8614752386402814,1,0.15889061791546888,0.22038051165711003,0.55658497371861,0,Y,B
0.2396054132602352,0,0.32588777202224095,0.8729108388934006,0.8969465474245022,1,Y,A
1.1863299789286255,0,0.6530442003894872,0.9976284861760135,0.22417776516642862,0,Z,E
0.9643296302631024,0,0.11633332439225696,0.5944158232905489,0.2374491503749887,1,Z,D
0.6133191046290384,0,0.7411736797003136,0.9777805719780508,0.44903911082228287,1,Z,A
0.48960006482067914,0,0.0552856316708118,0.14465426806483273,0.007659017024580939,1,X,B
0.6538144690692157,0,0.13909332628516236,0.3842779564808684,0.5208098763264489,0,X,E
0.5221631578723683,0,0.6700537470976742,0.8541667025847937,0.573055856164928,0,Z,E
1.2118032550966809,0,0.7949629898274452,0.2452217037974186,0.05915841599759608,0,Y,D
1.0749759012022109,0,0.25441750338208,0.040673044139913794,0.016288380215958242,0,X,B
0.18737765506894472,0,0.17459294188761898,0.7116030623162193,0.11274601180234645,0,Y,D
0.7748166707837661,0,0.9619041152062059,0.5334157556787931,0.4399484424610064,1,Y,C
0.6339456925740881,0,0.8180900632846067,0.02408122409636082,0.7014319612686436,1,Y,B
1.2322436245625412,0,0.5941897176865999,0.14209443326037763,0.3794153248651231,1,Z,E
0.6198870748691436,0,0.3419259168163622,0.28424283157048946,0.08650116228333671,0,X,B
1.0916212929176503,0,0.7481792189595847,0.9055451940977428,0.4054243799404037,1,X,B
1.1571700280505441,0,0.6789986242539683,0.7277767687077473,0.38208017661127014,1,X,B
0.9787579756300508,0,0.7560872355984698,0.8761604121374813,0.8611387541017755,1,Z,D
0.20187874867162325,0,0.4085183101480332,0.14839043654038342,0.5223497960548579,1,X,E
0.7668778407153102,0,0.1943922037754101,0.7816186729247683,0.4944624566751299,1,Y,C
1.185531022176217,0,0.19565776484779573,0.5445865687122189,0.7369387073993744,1,Z,D
0.37128298876441584,0,0.283063494455726,0.474417087482254,0.4314265494467995,1,Y,E
0.5276573851610136,0,0.0708770033325633,0.9129786350314917,0.4087930696838601,1,X,A
1.2458152939070877,0,0.7120280023891711,0.8416389254429721,0.9053130895688998,1,Y,A
1.225032085794283,0,0.3789285985087403,0.844658495308866,0.38887813482665945,1,X,D
0.9547855676179953,0,0.6743205453183678,0.0646136923227354,0.4740022313640947,1,Y,A
0.6748890510491433,0,0.724573286530614,0.001573530285862379,0.10347115188124323,0,X,A
0.5228309017460252,0,0.7549055817935856,0.19384701780424218,0.9768727566679251,1,Z,E
0.9798610020744049,0,0.03339864855057084,0.8485287770100872,0.21287179302679604,1,Y,B
1.2034308156875437,0,0.8732688912639907,0.9784561037305378,0.5471131180704514,1,Z,B
0.07646189361388384,0,0.7958897738635349,0.9639854956300989,0.04165947083225541,1,X,C
1.2318351311008644,0,0.9903261773648923,0.33273126056273417,0.5595574555534866,0,Z,B
1.1241117426756557,0,0.1370943359716822,0.4959047190117003,0.7845889288067833,0,Z,A
0.5818741377474433,0,0.9866300837587828,0.6859964143537295,0.6624010885283168,0,X,A
0.9509227898499284,0,0.08826887532217342,0.4394973996561473,0.7634608388857593,1,Y,A
0.7051117988777914,0,0.005778792816495737,0.6850883113819971,0.4991486179665151,0,X,C
1.2426076017226975,0,0.5049241765014838,0.07939469908492014,0.38993944387389257,0,Y,D
0.021631041311231752,0,0.6468186074043294,0.6732246937518066,0.22819338861324234,0,X,E
0.42774666394048627,0,0.015999259028932955,0.34127216849983677,0.6208124019890334,1,X,B
0.4352788438398116,0,0.9338508638721459,0.3584548966964256,0.007311255997911159,1,Y,A
1.152240412560992,0,0.8766963811748456,0.9767384440897698,0.5259922949356032,1,Z,D
1.1458472135817213,0,0.4238964388680362,0.4041405790230912,0.6608978625920562,1,X,D
1.1821962933916927,0,0.8600542833933722,0.8190579286530155,0.5171337818150628,1,Z,E
1.2021553050562799,0,0.4999818758582242,0.639188903228301,0.3869361666343345,1,Z,B
1.2425470526057163,0,0.3518827360383707,0.5510870607517592,0.5110394331061976,1,Y,A
0.4085104531264746,0,0.49670732237518356,0.817679187778014,0.6532176162439387,1,X,C
0.23250453852288827,0,0.6094765643950935,0.9354265542350084,0.05951369413040486,1,Z,B
0.06965546820816096,0,0.6153470178847723,0.2658470080925085,0.723916033447218,1,Y,E
0.4369269096400053,0,0.9894327641289871,0.7733339557703626,0.6155036726872625,1,Y,B
1.225774669700056,0,0.5484690363811741,0.4828685037688497,0.2903183991264443,0,Y,C
0.4676864959221836,0,0.556494958031682,0.19809409407650114,0.9797140126762599,0,Z,D
0.07230581967917911,1,0.6655383227082798,0.9784703687308056,0.9265028631434746,0,Z,C
0.3284505157335107,1,0.1778913399951252,0.4808674975239958,0.42334048436216654,1,X,C
0.7007219092007977,1,0.07085116903249211,0.8993135875129337,0.959837234815432,0,Z,B
0.20628850225700318,1,0.6276477325413822,0.43946408958078964,0.37606041395560275,1,Z,D
0.14647919887964986,1,0.1233205449177377,0.9065985516121126,0.6368909657055273,1,Z,D
0.00067092366183995,1,0.16799259537204003,0.6538036694861229,0.7966192380587093,0,Y,B
0.568706107911583,1,0.9855610205739066,0.11491532414970562,0.7598310021586582,1,Z,A
0.350375139222639,1,0.672861126857511,0.10775233453729915,0.8740446256022554,1,Y,D
0.08820969885255092,1,0.31040722206588856,0.1905659082356299,0.5146828027076111,1,Z,A
0.3292027993002211,1,0.3287240281255178,0.9593330750673902,0.32200983723458665,0,Y,B
0.7415336170439468,1,0.27315861024997035,0.7780569877346488,0.5531727629192893,0,X,E
0.0721031743591984,1,0.7169435902312818,0.33788845248907506,0.016438512417030537,0,X,B
0.12963741890443925,1,0.33856553247472543,0.9474498861529874,0.30411042375536046,0,Z,A
0.318411271522339,1,0.22019915241605315,0.9496575820266726,0.6515785231651994,1,X,E
0.5184906796145567,1,0.6508730960384321,0.6770965997100992,0.6923708570901204,1,X,B
0.20955013860177937,1,0.21052485017195,0.9655344957439173,0.8471817110523239,1,Y,A
0.007537327869831116,1,0.19258409482872918,0.6220780094956987,0.8586237299837209,0,Y,D
0.3882062165528883,1,0.28357239908259546,0.9408855741779747,0.32753217714882177,1,Z,D
0.10079187334476375,1,0.2923846836327404,0.7124815842873455,0.7979068621814818,0,Y,A
0.047171184599269195,1,0.853911547953603,0.18480320248563054,0.3130015085267016,0,Y,C
0.8004418932492726,1,0.011053008989910906,0.9294327518373963,0.05045779669294981,1,X,A
0.3416030393338617,1,0.3587814627594589,0.8004179896182724,0.7667520949435023,1,Z,A
0.0010106842480568242,1,0.620791133371267,0.4000909049567234,0.9513901524344263,1,X,A
0.00011382758886870127,1,0.035179010284743684,0.4351936689982716,0.810916360600651,0,X,E
7.509124596573933e-05,1,0.5467004656230452,0.30570683067968285,0.907944600481271,0,Y,D
1.216571033711455e-06,1,0.6952679633277421,0.4578150222837186,0.9253771045045603,0,Y,C
1e-09,1,0.3303451879074816,0.6494488411125134,0.9638854206459775,1,Z,A
0.0009295669521686692,1,0.10895181102113694,0.8848934783419949,0.8722154061937437,0,Y,B
0.384973616983479,1,0.3289890674704694,0.9345573636690403,0.8960663193630202,1,X,C
0.7181755445331842,1,0.5163959467900484,0.9684414848817992,0.7343888451171321,1,X,E
0.11437788774685487,1,0.21939552311190114,0.9876507491522742,0.09207844262178477,0,X,D
0.4992247937921608,1,0.8252352940279047,0.06309098701417892,0.6247130579455725,1,Z,D
0.8208743186320548,1,0.9725495935476002,0.32204434480175326,0.6590691145336178,0,X,D
0.9978811458036115,1,0.10442283957288656,0.6872355843397406,0.11703808478419042,1,Z,E
0.9575720099949989,1,0.7751411367165787,0.162473684356915,0.3520483668336486,1,X,B
0.786655054625086,1,0.8849291178608347,0.0980447007713966,0.5022577299995139,1,X,D
0.907517204100456,1,0.35768176698198917,0.3248717776487843,0.6955968007851348,0,Y,D
0.5048048499630315,1,0.24436234338168694,0.8453939948453661,0.5115930685832294,0,X,A
0.6261498585555473,1,0.8125519382621215,0.45100412986608873,0.7218471750407798,1,Y,B
0.7485721669729963,1,0.9011177503122821,0.5640286538467619,0.0865746064790256,0,Y,A
0.5560517702104364,1,0.010082979205280895,0.1908140161395797,0.919480396485919,0,Y,D
0.3901696886000266,1,0.3700773415873938,0.37699077779396306,0.5541728805205227,1,X,C
1.0051042140583146,1,0.14480425504459105,0.4215373551773739,0.8864079571849927,1,Z,D
1.075595942283116,1,0.628937574938847,0.6353406865068443,0.9379876191339327,0,Z,D
0.5202064803313834,1,0.7441224559955845,0.8593892937195248,0.26916373490586687,1,Z,B
0.25220187028012747,1,0.3276073275718172,0.5638911920995388,0.811093034889345,1,Z,C
0.98463420066242,1,0.29207101209130526,0.4318315782354524,0.6842055659861662,0,Z,A
0.6393303860622872,1,0.13872601543976648,0.17005787114292237,0.1754274437122587,1,Z,B
0.580718772051756,1,0.3995704052692505,0.39168372063021184,0.08998589129948775,1,Y,A
0.20639587069604665,1,0.2801060587353563,0.43898923484708596,0.08257972646123835,0,Z,B
0.28466535234476337,0,0.24765077682421166,0.7464682669638836,0.8967339017903754,1,X,B
0.24883224305187937,0,0.6511252610452223,0.3604272363886243,0.535588119062302,1,Y,D
1.243431458464211,0,0.5389360507103483,0.8827515028225509,0.12879836999668703,0,Y,B
0.35668866554553014,0,0.6988387856612276,0.9896859877325583,0.6170613200808608,0,Z,C
0.7665843625246829,0,0.33405897279674845,0.8805379370416657,0.5024723967779745,0,Y,E
0.36723223575685576,0,0.013821820481247582,0.9997349808782423,0.6370502396266637,0,X,E
1.218608873135123,0,0.6058946690484329,0.6074145100072426,0.9152327188984153,1,Z,E
0.27423243540027326,0,0.5169588580825755,0.760344880861154,0.10218471156062614,1,Z,E
0.7599168004611347,0,0.6843629568155684,0.24004315553788036,0.5462950615348243,0,Y,D
0.5907184302534738,0,0.7580134587284383,0.18337369327541053,0.9898246038207584,1,Y,E
0.6800645480652033,0,0.1329964374327528,0.6402855661851738,0.21250497631865595,1,Y,B
1.1651967495432312,0,0.24910864500072305,0.5901216229141543,0.23239823158387762,1,Z,B
1.0374922861702596,0,0.07902207312287113,0.6642387266978632,0.12442403213841802,1,Y,A
0.0663508055428531,0,0.3123614502337442,0.9524892909939888,0.31935740574921645,0,X,E
0.10835132342684956,0,0.012667526081721725,0.714191589860734,0.4427562531711503,1,X,C
0.37817321781697105,0,0.9853002300116,0.0033054407593181567,0.43198277154378795,0,Y,A
0.8469117795489953,0,0.6801882603215783,0.8680651209635427,0.03255537467815173,1,Z,D
1.1735355875220843,0,0.43815910130085456,0.09265684305760313,0.8378035495987058,0,X,E
0.20573034832726841,0,0.47787094796853,0.09715789492677285,0.27037710398727377,1,Z,B
1.2286842815873837,0,0.6535002785376296,0.7699830941675042,0.7705761232438993,0,X,A
0.1749360310051762,0,0.9596476194515628,0.4881921757861064,0.41627328255101137,1,X,C
1.1030614179761453,0,0.8182247421437633,0.8863708883972751,0.622214010126124,1,X,C
1.0959129131999852,0,0.4839958954441559,0.39217865026590615,0.6824130624669074,0,Y,E
0.23666147394066556,0,0.987926165573671,0.9915901985963381,0.21974229055040073,1,Z,C
0.21435021291819575,0,0.6834735699266424,0.9973155853193235,0.580493804193108,1,Y,E
0.03888300191550137,0,0.19420519480581022,0.9737164452132443,0.34731389329080664,1,X,E
0.28105900611554,0,0.39210173251097924,0.3016289335816018,0.3515119898131144,0,Z,E
1.0149308977497649,0,0.3895986620646763,0.5190098912499896,0.5063549007680723,1,Z,E
0.32165500092994637,0,0.7746195394077193,0.17794610652531506,0.8875991122812791,1,Y,C
0.029359641032252304,0,0.9533211332964292,0.0215272183358719,0.8919197250168153,1,X,A
0.3681071610031992,0,0.3328566168217596,0.17984924874337405,0.11016220203842508,0,Z,D
0.29341376102496486,0,0.8431799921961982,0.6126745261596042,0.10299278397408551,1,X,A
0.5516826208698159,0,0.1473261622979566,0.03056948531278847,0.6865248056142368,0,Z,E
0.8533219744178647,0,0.2768305056202076,0.8903263763462598,0.08271963745106159,1,X,E
0.6308257288699287,0,0.4201358442244105,0.7685401412637082,0.7302025836889846,0,X,C
1.1325716632756808,0,0.8269083041475225,0.7334401564542066,0.08347772476723614,0,Y,C
1.1906125526709592,0,0.2797286663681201,0.6331845890268573,0.5321426027034906,1,Z,C
0.4163493397886256,0,0.3462318257693664,0.8764905278546554,0.3219013636545228,0,X,C
0.08905092884405269,0,0.501304757093059,0.6486242730813028,0.6193206055467012,1,Z,B
0.16348548158282686,0,0.27344177008181436,0.6966497251578887,0.06308063201163894,0,Z,B
0.035523607068041474,0,0.3994525399993355,0.310039962439133,0.7766139661177566,1,Y,C
1.2322713958924567,0,0.1815070204577155,0.35213574636508627,0.9083635201889153,1,Y,D
1.240029827352097,0,0.20252025405711516,0.904264028525944,0.7625203447453092,1,X,E
0.38467017607678033,0,0.8697254868931331,0.8132037093490996,0.7617465838345123,0,X,A
1.2459771333788783,0,0.7551543860023532,0.460890646287465,0.10496088618234378,0,Y,C
1.1522550451554228,0,0.11905657032021044,0.2856153243499552,0.7422298078671103,1,X,E
0.028624868035136832,0,0.8387704729148461,0.6370206246358033,0.3734323073076746,0,Z,C
1.208961219156499,0,0.14413994260337726,0.5576391631674557,0.06479085112619565,1,Z,B
0.8242961188612891,0,0.16789844435458345,0.14481852362097714,0.19300564307597246,1,Z,D
0.8125901531110485,0,0.4213663237466656,0.07139815093002388,0.06446127054756245,0,Y,E
