time,event,F0,F1,F2,F3,F4,F5
0.11506001264617868,1,0.3864525790902402,0.558849162954288,0.30331669634855063,1,Y,A
0.052783561422817656,1,0.6949229896613336,0.4557096850060067,0.7675135575059372,0,Y,D
0.12311623884719439,1,0.8835994956286091,0.801693510147015,0.9933789228031813,1,X,C
0.12303821157218274,1,0.5622518653829557,0.6411934814426968,0.6793842864628394,0,Z,B
4.069527062291139e-05,1,0.9205497559783415,0.6041775269755666,0.9574152425627327,0,Y,A
0.01028348982856676,1,0.5254732387371962,0.30397434656341826,0.27514073995275945,0,Y,A
0.0777605688154887,1,0.7535023377347696,0.9765052297691234,0.26619279601743184,1,Z,A
0.022672698336068508,1,0.1583298252800589,0.916542112172358,0.5692776023652092,0,Y,D
0.10089974694853618,1,0.4233812911944078,0.7516817963674762,0.4521033155814669,1,Y,E
0.012725490171208378,1,0.18457696052155226,0.8043453251376462,0.1628607699374317,0,Z,D
0.16261319868612684,1,0.9403411691553446,0.30041291326875985,0.031219369662771945,0,Y,B
0.06161958769375134,1,0.15352040166040393,0.2831158856581959,0.3359536980677098,0,Y,A
0.11234524382014907,1,0.18838457334298986,0.6607921232154069,0.09915535414738075,1,Y,A
0.0337752912696954,1,0.28946567471205975,0.829652605508541,0.576668495177839,1,Z,B
0.12805850838324565,1,0.902418971446296,0.6758698529414607,0.6597859564776262,0,Z,C
0.06477466843942298,1,0.4570171566261305,0.608743253762781,0.532812121612872,0,Y,E
0.003808552167589346,1,0.6719017517320086,0.9237809811128045,0.029890842512821814,0,Z,C
0.16551567506189016,1,0.5791739560361484,0.7102542358952506,0.43763654775194183,1,Z,A
0.0924988082623716,1,0.4876226270737395,0.6876638262455378,0.5246146583741272,0,Z,C
0.15112040109125188,1,0.7890641976655789,0.7994528407867316,0.4589876001984501,0,Y,A
0.1623798632798567,0,0.5232749609429952,0.1282586854432739,0.8652612002767343,1,X,D
0.05817501592824343,0,0.4742511203732842,0.7391966817718868,0.8909134901825349,0,Z,D
0.24364479965308394,0,0.1804021071246843,0.6108314206562923,0.40061477787607014,0,X,D
0.18466857944219411,0,0.5519954366890675,0.8251548032583079,0.04080638560467442,0,X,E
0.14052388001414504,0,0.3671769056308981,0.08532980818169655,0.48753707074772556,0,Z,C
0.26537345389811434,0,0.6489495587447521,0.9816232554664118,0.8316199756454511,0,Z,D
0.13449981400401098,0,0.14615704679417585,0.5953472483300234,0.4109088861858745,0,Z,D
0.261456809061476,0,0.6272882697068612,0.9267825060211025,0.20601529896999315,0,Z,C
0.2553623202699263,0,0.6142771595962669,0.4629754291834277,0.9775663106380023,1,Y,D
0.20124117728465926,0,0.7517807330008545,0.8765711909154994,0.7422378753000098,1,Y,C
0.08249461852017716,0,0.25612099061389604,0.606167313564391,0.7317057357235175,0,Y,E
0.19125664313483148,0,0.39064495819115164,0.8424732107914021,0.6773891316288106,1,Y,E
0.2669386435952143,0,0.39079010277758053,0.3647557210749248,0.026806103207394072,0,Y,D
0.2064142776918833,0,0.7847034376110097,0.4335981200217903,0.827329661351039,1,X,C
0.06772120858379528,0,0.7569694981682576,0.37139927541180184,0.016901343098383315,1,Y,B
0.26662372286869507,0,0.039785193680311526,0.7526430632798685,0.546647096242488,0,X,B
0.24258960110374983,0,0.4830161556406437,0.855554245196601,0.11168225684309097,1,Z,A
0.015558352137223638,0,0.22153823125076944,0.17542703523618342,0.06143344074596657,0,X,C
0.14702380963405315,0,0.11858409184569263,0.29713308386444326,0.9445164336315519,0,Z,A
0.12881859276480362,0,0.4820877564282494,0.7311239638792565,0.6653733707880584,0,Z,C
0.17867754873682604,0,0.37629384965530943,0.17850033568835955,0.6991609736145894,0,Z,C
0.18161925397558862,0,0.8293529986932453,0.35858913819087623,0.15579047327929907,1,X,D
0.19893640322040113,0,0.08506674878316145,0.7201059361239462,0.8793186405576169,0,X,D
0.26575639444577237,0,0.23768489399447357,0.9828293665202689,0.8615268119404355,1,Z,C
0.24537845501410596,0,0.8634205241355827,0.053605936439361845,0.9782019698741256,1,Z,C
0.23266200568240225,0,0.6909866703790081,0.3076319910629065,0.7308210074763101,0,Z,D
0.1637928312083455,0,0.40686484007878065,0.5737102947451576,0.3882540794377872,1,X,A
0.18413760742491606,0,0.7722318270299419,0.011635543013494232,0.9761366448180097,0,Z,E
0.2601651190413186,0,0.8473709430312679,0.7865445851908922,0.5945673930392027,0,X,E
0.22624674836013875,0,0.25753158428455625,0.28647785967977224,0.2930877346715063,0,Z,D
0.04539011997713334,0,0.4673304007779612,0.3125034634269409,0.18823824480549745,0,X,C
0.23513202093573018,0,0.7165382796913228,0.3323118727392129,0.2538458871562269,1,Z,C
0.1845696258890221,0,0.5127413779256089,0.15064335306614973,0.7390683022746194,1,X,E
0.19831747228664534,0,0.8886370473683421,0.5977907296929545,0.5279363361313636,1,Z,E
0.26465366170644083,0,0.5784046453481928,0.3097006012897343,0.5600137888934505,0,Y,C
0.06268872848623411,0,0.10541152308408808,0.2322023610297409,0.5846920358753438,0,Z,D
0.2635832554109473,0,0.9080768009038934,0.5656540550020409,0.05268147255993949,1,X,C
0.23641747542098943,0,0.5440050706010341,0.1518978985085595,0.2744431726848152,0,Z,D
0.2000938684451963,0,0.29347486902704933,0.4653683163197796,0.3392185260191024,0,Z,D
0.1979405181267487,0,0.19834536104411649,0.16893908161582105,0.740347485168907,0,Y,C
0.00915646670114395,0,0.8996371673803387,0.5315412430629466,0.10363034182914099,1,Y,D
0.016584675712524446,0,0.09742720010934303,0.49867046189327935,0.31623123353310056,0,X,E
0.13956598345949878,0,0.14684306070121023,0.26959595961573923,0.9547450328827191,1,X,A
0.1595467494845566,0,0.6888836536948991,0.2253636981136834,0.8651632611324568,1,Z,A
0.2112844276229072,0,0.7022920255631416,0.6900297425284446,0.566270709243396,1,Z,C
0.1453047289067317,0,0.8146810170403427,0.16894330378547362,0.2940742297207847,1,Z,A
0.14863151175727055,0,0.8737060958365168,0.1397906119711787,0.06613816006867435,1,Y,E
0.2653073095128782,0,0.6721254792913366,0.07680439520709825,0.32205404545865446,0,Z,A
0.26274329495292115,0,0.7296316016438111,0.2282878383490199,0.5825212172657687,0,Z,B
0.26541676882847454,0,0.19460423090163836,0.3490649257434345,0.5654604517284728,0,Z,A
0.0948186427185024,0,0.8455537529510883,0.1425736865887799,0.004839432458211279,1,Y,B
0.14074306717397278,0,0.08433090923198783,0.11843721317580347,0.38226372942170117,0,Z,A
0.2139260816386477,0,0.8693604704442095,0.8986516219807248,0.31153933955925783,0,Z,C
0.010203994166828207,0,0.791334768786317,0.11949626711090455,0.05539858728903546,1,Z,B
0.26592789212859247,0,0.2928861749473426,0.2019797606205861,0.8683413923638077,1,X,C
0.266951984490765,0,0.8697332763959821,0.5379520891624966,0.6732934899977178,1,Y,B
0.12543455319062957,0,0.7002281662227902,0.46359203427150575,0.6539130692072034,0,Z,C
0.1633168706235573,0,0.3396446334992832,0.4255597215376149,0.7230752901221581,1,Y,C
0.19844715776631838,0,0.10143654492301846,0.16135350777524182,0.558859561119851,0,X,C
0.19708040397390075,0,0.6857904671370971,0.7514287269766853,0.06058283074120052,1,X,E
0.13456929148002808,0,0.9810371991723441,0.855241969722224,0.724430637144236,1,X,A
0.2634270158623337,0,0.003094156587964525,0.32009401205894394,0.7120041894155449,0,X,E
0.19110441213602514,0,0.8345075201590914,0.91860925863886,0.6210701005738213,0,Z,E
0.16309734330251538,0,0.06800647245269753,0.12960876254256692,0.33291808530296707,0,Z,B
0.18553204027955683,0,0.03042587718590395,0.16694862309097058,0.24792303548493488,0,X,A
0.2328640022946875,0,0.33833338245434785,0.3111101478829982,0.7209673931125139,1,X,A
0.19209270963264508,0,0.9177396936754412,0.08637906594668066,0.7714765308496019,0,X,C
0.07066187505017221,0,0.1714152959815144,0.5949453931995902,0.6031362401466906,0,Y,C
0.23984719802576415,0,0.8348367868037487,0.18534707092834046,0.4958907868370228,0,Z,B
0.06684600323998051,0,0.6513493634321599,0.23972199371162817,0.9407105360704684,0,X,C
0.2161323432713978,0,0.2552632783836144,0.47882460579923614,0.6792846055323492,0,Z,D
0.2346736938523776,0,0.06649296202696564,0.5101098512328932,0.5597717901712339,1,X,B
0.22228527911524817,0,0.4054047136960951,0.9868290433152567,0.7899513671461558,1,X,A
0.22155687366672908,0,0.8365382416164494,0.15420784581025004,0.07983865667359813,0,Y,A
0.08786800586393387,0,0.8195666232401443,0.27470856646221986,0.4919959110258323,0,Z,C
0.22349616303822623,0,0.4855913003188549,0.40168573933011487,0.9559933484238514,1,Z,E
0.2574282247846107,0,0.8830682283541619,0.15361902364156232,0.6373684154592493,0,X,E
0.14312333840578695,0,0.03800317075248005,0.11247959073014202,0.8406824515790304,1,Z,D
0.2604539664007914,0,0.498505390604822,0.0058508610750613865,0.5556785292104495,1,X,B
0.08073292520650992,0,0.9811942790921051,0.4743682419247065,0.17606013942399346,0,Z,A
0.24718495314862113,1,0.34010054138026413,0.8770748279922594,0.6522559573739171,0,Y,E
0.07679444582494509,1,0.44576244256929665,0.486589159554773,0.7656159591037519,1,Y,A
0.11204954045747982,1,0.13060488797537806,0.6549881287180062,0.7725690744996396,0,Y,B
0.1002081056130291,1,0.028984750284144933,0.8795488411866377,0.14515471130919677,1,Z,D
0.054560123867617195,1,0.366239846639157,0.9457859019594519,0.3471272574859471,0,Y,E
0.12039018940467396,1,0.9844685163667435,0.7199082292884516,0.02480737718268511,0,Z,E
0.10312198916370693,1,0.3950447148014774,0.3716282843041736,0.5070305308319137,1,Z,D
0.15282574882228406,1,0.7613306587112063,0.9290154802495507,0.32253146887977857,0,Y,B
0.1630439277186175,1,0.4250358967444008,0.8655624432920438,0.6023953476516186,0,Z,A
0.06772911945171071,1,0.2005823501360131,0.4167524224639012,0.32831624074599575,0,Z,B
0.11396133631742822,1,0.10628916780085629,0.6193334855284796,0.7943574196651246,0,Y,C
0.015590998000574249,1,0.8382056890949822,0.4492488063385033,0.12190996998241266,1,Z,A
0.18144901642238231,1,0.383801040368161,0.6395398481833222,0.6660625066383989,1,Z,B
0.03304154779165649,1,0.3696053432351599,0.29440311896165594,0.25566781490244295,1,Y,E
0.09799603233129207,1,0.9427783330504647,0.40750392665508683,0.7153370623569841,0,Y,A
0.00998883700117779,1,0.35511160398728747,0.5356647781979601,0.041340115639143415,0,Y,A
0.2220912417790738,1,0.40249810434466937,0.1855233584622692,0.6766116499339465,0,Y,C
0.005393292009581811,1,0.43208723088736256,0.8924069773682163,0.1516440737725706,0,Z,B
0.10946223918680638,1,0.780941054831539,0.3275314280979156,0.10952899361685164,1,Z,D
0.16925013383182555,1,0.9425270692270713,0.4901299828210097,0.4636652117499105,1,Y,D
0.11112431556683937,0,0.9501675323443542,0.8229270304038301,0.16644998353021512,1,Y,A
0.22758801296305564,0,0.3481857359321183,0.08626750209202261,0.7959653909327327,1,X,C
0.09147055737570907,0,0.1395852679729358,0.06830260537587785,0.026723036399146305,0,Y,D
0.2650828537184959,0,0.38483395728911196,0.2927595307122296,0.3986898262602795,0,X,D
0.23168817894629812,0,0.6828397826039254,0.2765018050439042,0.2047336183971964,1,Y,B
0.16852286629310292,0,0.12226225655457124,0.7691260876093547,0.9618970693278944,1,X,D
0.12962787201042011,0,0.8959883841093341,0.520417224878518,0.31900502991946766,0,Y,B
0.261302899903031,0,0.5526709749459173,0.851614330030204,0.9977055486800394,1,Y,A
0.25887501004188707,0,0.35415689582247445,0.3258839442214464,0.22237935132815456,1,X,D
0.2218501501011608,0,0.415713987853792,0.4266538930735415,0.1140650726903153,0,Z,B
0.05743079216026637,0,0.08626951274129213,0.08725073871195899,0.38590598225916306,0,Y,C
0.2592759304149721,0,0.5388534004083801,0.7355146195237074,0.959948710650365,0,Z,B
0.0941535910758161,0,0.35507276616375105,0.34190798231423336,0.2753251757880979,1,Y,A
0.05682928346544443,0,0.8553923740467596,0.6857183476967655,0.2930828994536713,0,Z,E
0.26585707496158995,0,0.05806482009902558,0.002241807170490606,0.659983394238853,0,Y,E
0.2666057555248439,0,0.3444558146760802,0.7578849851855977,0.31192403984545947,0,Z,D
0.04123914650659727,0,0.3299202357046631,0.4801949519055475,0.9912628942198974,0,X,A
0.19600629412257123,0,0.3034099141822928,0.38184800999129387,0.6930746352773328,1,Z,C
0.09096403876738154,0,0.5443979173779178,0.7763402694575092,0.20342046302641148,1,Z,B
0.0917324575222047,0,0.22173068845611954,0.4006881206470265,0.9523786502301141,1,X,C
0.2551450477250604,0,0.16516646822086578,0.8837597091386111,0.38240460446027913,0,Y,A
0.14018173207091175,0,0.6788219379094397,0.7344353927158237,0.8697257345658359,0,Y,B
0.044767887493437825,0,0.005101169978742104,0.5166849105024836,0.994756200796495,0,Z,E
0.21875909740252258,0,0.5303535321593436,0.7778666053981218,0.8432865904252302,1,X,B
0.17279823858618723,0,0.2964100209364724,0.7317977321390271,0.12994967413239966,0,X,A
0.26662756235944945,0,0.2022568219426163,0.27238084511064464,0.32287620382242155,1,X,A
0.2543559711805128,0,0.3897048258161073,0.6660037071809719,0.8636727343650106,1,X,A
0.20221359211455714,0,0.1493400870111664,0.01266791757011565,0.36155613578516643,1,X,A
0.24299244545378862,0,0.7770730607324353,0.30663121583434494,0.24242184085014196,1,Z,A
0.08167603218812323,0,0.4819298570224374,0.020874922641295646,0.05627351049415641,0,X,A
0.10368872693223027,0,0.754695197567394,0.30399393550224285,0.6518725690048026,0,Z,D
0.2669635332434091,0,0.03773942655517859,0.04859445332007373,0.5003143519188147,1,X,E
0.05514326315926781,0,0.3874856188941762,0.055230783429631836,0.2690340664454094,1,Y,D
0.2025682647067231,0,0.7100983576284666,0.8113943242583722,0.914286605710825,1,X,A
0.265508110198613,0,0.7980857570149663,0.5143280243999753,0.24216424140382353,0,Y,B
0.21037276291388618,0,0.33241113010518686,0.5667938521617176,0.8141275697775742,0,Z,E
0.16098798238778178,0,0.5242254841756014,0.22824346691023056,0.3919709635274976,0,Y,B
0.26663436936688467,0,0.7474125936481677,0.8675001915467327,0.9344827293345623,0,Z,C
0.1394397972656297,0,0.7881272781061129,0.08623409645806202,0.8788039471480587,1,X,C
0.037398749465609955,0,0.7797850395476675,0.5262898533644067,0.38070593143892273,0,Z,E
0.2668950315782304,0,0.7922069610447042,0.38365805259484786,0.8290072600529328,0,Y,D
0.19496056683975782,0,0.36713357084329745,0.712075370249722,0.07211092630292482,1,Z,B
0.21400056541248438,0,0.6162691378547899,0.34639698699900057,0.7091574704733699,1,Y,B
0.26231051948741074,0,0.15294958149187898,0.8916093400110984,0.8321937870226794,1,X,B
0.2662077883955195,0,0.5387052669868418,0.10396876834959135,0.598347203849526,0,Z,A
0.26698385430998633,0,0.44405108740117194,0.1553814968309346,0.37423924688340027,0,Y,C
0.21542838257834082,0,0.6507032735408527,0.9378830334126151,0.2009500099643302,1,Z,B
0.2652317153011996,0,0.17808091451437558,0.16369709580036373,0.3256846279002418,0,Y,B
0.04701391475440959,0,0.5901033027398999,0.6779034893714572,0.5876144584703619,0,X,D
0.1780750301541848,0,0.4480466680168995,0.12067804019449546,0.9838696976290184,1,Y,C
0.1094888877241206,0,0.8146211328089037,0.31475555982794656,0.15317608176995967,1,X,E
0.03168080484537112,0,0.41016266903856435,0.8279390818093958,0.04686078914402236,0,X,B
0.2327865526653798,0,0.3943390887735012,0.28772266284754267,0.7988192505382986,1,Z,B
0.07450124932558294,0,0.6781479998414106,0.7053843126006769,0.04341752628205475,1,X,E
0.02695586831714359,0,0.8786792434105882,0.26567383413654155,0.6480597400918304,0,X,C
0.004564633455501193,0,0.5065052450106411,0.8904272123061254,0.06483019775239551,1,X,B
0.23385264086337015,0,0.9610454780116295,0.4105028578015526,0.3498859754984289,1,Z,E
0.18807099641702923,0,0.8988340177617457,0.7184156156854159,0.5915086102547368,0,Y,C
0.25541454490238313,0,0.9205760115449276,0.9745441997019129,0.9364376896238972,0,Z,C
0.2663806100744114,0,0.2993758632518533,0.9169246280061693,0.8944197278098119,1,Z,D
0.2628869680777927,0,0.30511607490360315,0.3074317282333946,0.9980347852906323,0,X,E
0.09540243529653099,0,0.7161832855111875,0.4472500203666523,0.22664703125794727,1,Y,D
0.20009931439155354,0,0.04130709492333107,0.9222113691020849,0.7831535799157529,1,Z,E
0.13953826134629443,0,0.15019577098915093,0.6306358983450914,0.5282403937814898,0,Z,A
0.24850558847883888,0,0.9234980113004668,0.578102434117233,0.8808055367063463,1,Z,C
0.05929877460463885,0,0.5142396076666289,0.19435155852465236,0.6741039522185122,1,Y,E
0.24469136319948182,0,0.5822078939333466,0.2810264036424277,0.14687365048748513,0,Y,B
0.25245080741498366,0,0.042082973567508675,0.924872707008056,0.5450159692298584,1,Z,D
0.08145055478873096,0,0.7050400257678043,0.1224772865061573,0.038006276778054904,0,Z,C
0.11765428843164458,0,0.2519466794721027,0.26858321508113703,0.23719725596198438,1,X,E
0.22170265232998893,0,0.6094350102236901,0.3017731657462922,0.2437267678538647,0,Z,D
0.2560349691070769,0,0.16605393298359927,0.5472285162578916,0.8291314243715006,0,Y,A
0.2446049498139818,0,0.9938752391869551,0.21866125902584477,0.6051556249077685,0,Y,B
0.25261600386207583,0,0.7138419482110955,0.9866726167531036,0.7440292436509339,1,X,C
0.22286734771899888,0,0.6311666108760007,0.20435608528503724,0.2854643073719364,0,Y,D
0.2460110068119674,0,0.7305870012543046,0.6932117620777086,0.3744222938700602,1,Z,A
0.1499709263054252,0,0.7021730524092661,0.8053840027133199,0.690001218450953,1,X,B
0.20025316479239338,0,0.8514805741200779,0.48559220252142987,0.0659913120134904,0,Z,C
0.15331355822582735,0,0.9433050316479911,0.5635600393328087,0.7660981246588494,1,X,A
0.025489912822253775,0,0.5148828780772533,0.8286760413392774,0.7074428953898773,1,Y,B
0.058666537443548,1,0.8310205786953473,0.8082774438105756,0.6997976438749834,1,Z,C
0.04324272703829798,1,0.0676823233447833,0.7150165024379056,0.30317311587696294,1,Y,E
0.11444686444482714,1,0.8779852360236321,0.6580824673920281,0.05334730136145438,0,Y,A
0.00048415248767145835,1,0.26320844219657813,0.5995298301076313,0.9521183507843222,0,Y,B
6.973261644924913e-05,1,0.9240497927580461,0.6404965901502542,0.5368998021997842,0,Z,D
0.09403187136959504,1,0.5805588784307651,0.6324850611985818,0.857089584900757,0,Z,A
0.2338830135051559,1,0.6708428198827091,0.08027401758951769,0.2968237771433224,0,X,E
0.15557782915381438,1,0.6617802662562828,0.28553916729081097,0.6614634180091239,0,Z,E
0.008012507817985584,1,0.3784744294978264,0.8997377171669804,0.1371656993992003,0,Y,B
0.031636344187339877,1,0.9232559261101602,0.9430301781586011,0.5512379252487316,1,Z,E
0.10373280885147194,1,0.6836383603890186,0.5866075922504392,0.36041757022066345,0,Y,B
0.06415357825797964,1,0.4461680508561,0.4215885092265902,0.1787381994870605,1,Y,E
0.03755061441946544,1,0.6213937286084226,0.5694492802420418,0.6801714645840798,0,Y,D
0.04686720410731601,1,0.07795573096277864,0.927618363076435,0.4923895243470521,0,Y,B
3.7919651211522716e-05,1,0.8258870757514728,0.4833469494625161,0.14720221600813654,1,Z,C
0.0064092242872366674,1,0.3621895064410484,0.5750464331885059,0.4462775498678069,0,X,B
0.15922120702870343,1,0.240342118600128,0.7991886682158253,0.5085512674015963,1,Y,B
0.10898871396120481,1,0.9495871980768386,0.6391376842695872,0.6977560492990661,0,Y,D
0.19898580791044662,1,0.931800585263121,0.46167464384539314,0.11805177105030074,1,Z,A
0.2170990405699287,1,0.5541966908466417,0.9284844043922639,0.552154856067073,0,Y,C
0.2086835337298666,0,0.22969209024781923,0.6935736893539751,0.42797492715543306,0,Y,D
0.26440729400115925,0,0.4624536928409515,0.8735640263954627,0.35392669036505,0,Z,B
0.13464363366031015,0,0.49148552598003015,0.3518981655789063,0.1328620697484859,1,X,C
0.19772663710785243,0,0.7068399336433302,0.15012261047587894,0.38291952778924476,0,Z,E
0.24738230097933228,0,0.8280287312538585,0.5059996147946011,0.675318130876865,0,X,B
0.04662985403915064,0,0.026680540053642288,0.44267332020632644,0.4919485844887118,0,X,B
0.2630030100368604,0,0.3350045626238489,0.8274226532198153,0.7399393687571084,1,Z,C
0.10837189569821491,0,0.7038802826029519,0.834861720103141,0.7624973412119728,0,Z,A
0.04709814365488729,0,0.783241173983344,0.5735464049911624,0.2600073856118965,0,Z,D
0.24372570103671964,0,0.5389689886828362,0.000556671724748381,0.8043969697044245,0,Z,A
0.07366873334935972,0,0.9820126571945376,0.48515773280984775,0.8108184503657262,1,Z,C
0.16497920942613445,0,0.060072712710066645,0.7842627184830905,0.8307108264268522,1,Z,B
0.1673830103072701,0,0.49898733853436583,0.07918263106046941,0.8388507169592059,1,Y,B
0.07525196614209963,0,0.5826003820477378,0.8090921464774543,0.34875346637252513,0,X,E
0.12959806665827972,0,0.7835151169595762,0.12198104896161654,0.7835779275526426,1,Z,A
0.2669412595537133,0,0.012844022663638044,0.6883359318269998,0.7826379221836322,0,Z,E
0.11368962665399834,0,0.5979256507416659,0.5795143645094002,0.8730788809627308,0,Y,B
0.19583436381018068,0,0.565645995481955,0.8782986266796514,0.9055342258650696,0,Z,A
0.26683315059872537,0,0.25665666228214035,0.8570999561018483,0.42531184901511443,1,X,B
0.03429030902727022,0,0.19757999434075113,0.6742718663725639,0.8369841058390295,1,Z,E
0.04480580396868454,0,0.5595815672507528,0.31418370031473697,0.7311973037475136,0,Y,C
0.22431927702560364,0,0.5321093577690702,0.18548231440655938,0.2940201400074097,1,Z,E
0.13611340568230645,0,0.765568301697145,0.23747588936787156,0.14405869718072206,1,X,B
0.04903197515132891,0,0.4837015590911353,0.9668180320672115,0.8155224074525051,1,Z,D
0.2481589428683225,0,0.8870383145992863,0.2761708104535262,0.08995968218806705,1,Z,C
0.2038179744704981,0,0.9838326683221572,0.5876252702559963,0.2890012879219399,0,X,C
0.2659459905546856,0,0.1905280754162696,0.7378094046037376,0.5886886186661809,0,X,C
0.16598697749242525,0,0.7384427931439722,0.16343756304261703,0.9510096177631099,1,Y,A
0.2665465364704687,0,0.5808674885940329,0.02145659643065856,0.8523035505116019,0,Z,E
0.26698830519355843,0,0.5539314549902002,0.21040967294195345,0.0669876783094312,0,Z,E
0.2626673844141912,0,0.23964733810636907,0.1008827551483591,0.664380531475183,0,X,E
0.239004185706973,0,0.28383882976723795,0.5609223285226457,0.4633440367477262,0,X,B
0.2666794530855401,0,0.19223971445899846,0.3046801414968606,0.12724263316889317,0,Z,C
0.21714363756491176,0,0.573329989339897,0.8044798591393022,0.14239326095356042,1,Z,B
0.1040719174938997,0,0.6447270847908939,0.5186511741093693,0.24012982364184765,0,Y,E
0.05422879451098501,0,0.7992818584408908,0.7917123582523721,0.4808110235760156,0,X,A
0.1265489609012326,0,0.9928978547045605,0.35582782525585677,0.5289649730352866,1,X,A
0.05156089625288858,0,0.06089852906938065,0.5347593019926079,0.033215139246046244,1,X,C
0.2663352345136174,0,0.2118461673193195,0.032009229190710475,0.9306362897921031,1,Y,E
0.2433125840283359,0,0.5509698994233259,0.250492190326673,0.13029416608552102,1,Y,B
0.10582794908412886,0,0.5260376015233157,0.7474444985698159,0.7598152844803477,0,X,A
0.1866976794635331,0,0.8303397923450961,0.6483502161704177,0.975272873088661,0,Z,E
0.19609559916961936,0,0.4902242283097876,0.8607505694009948,0.5687343330858166,0,X,B
0.2376294528075166,0,0.9625444119790497,0.18157439301598122,0.7394644364347477,1,X,D
0.23041402443095862,0,0.9397694591779184,0.09700718439582345,0.7561066051243699,0,Y,D
0.12353049163954294,0,0.37173843554184083,0.315501850577262,0.6546871441438566,0,X,B
0.26630427572503795,0,0.21399614549627888,0.9299475047152433,0.2526531777471207,1,Y,C
0.0614546738481547,0,0.27877162658591725,0.5973379258320443,0.9377343904916834,0,Y,D
0.1621392466271959,0,0.12596965990613085,0.3775587712350904,0.14975653324561466,0,Y,A
0.240735350565497,0,0.1772528163994488,0.04869113638704026,0.4671983708489317,0,X,A
0.2669880299336363,0,0.0779721118741522,0.9322879876925418,0.020369675271330046,0,X,A
0.17372873673529016,0,0.5669888177911561,0.6209443752422504,0.5596137020082262,0,Y,C
0.14720827981374088,0,0.8416359985747305,0.11069403771595865,0.3097642256152807,1,X,E
0.1443117546195749,0,0.2663830432767945,0.25978861730015335,0.20564265830524042,0,X,B
0.02119933099690128,0,0.14185969536773757,0.7469471039172101,0.7599753125900847,0,X,E
0.12203377044662274,0,0.29304441321011254,0.11059376755350903,0.82090573415782,0,Y,A
0.26267944649261604,0,0.3231082499714264,0.6647803256752473,0.9891802507627141,0,Y,E
0.021611818646809222,0,0.8940580048506305,0.5692782112722192,0.018207918973770276,0,Z,C
0.20030813803400976,0,0.7666416077902072,0.37947875228795125,0.4225147112558898,1,X,A
0.2575635020021332,0,0.40163401239587015,0.5781400724768377,0.23462446438440532,0,X,D
0.2669576749732304,0,0.18608964042779386,0.9039197448479264,0.698866524870207,0,X,B
0.1010735285663236,0,0.04691394507373814,0.0352440229851505,0.38444436321530595,0,Y,A
0.2422626064829276,0,0.9444371645684407,0.3130600970606535,0.10521024572046989,1,X,D
0.24320704400848422,0,0.01565983902081347,0.06973086271509665,0.9676352027785254,1,Y,C
0.14588391472570195,0,0.2818285808858504,0.8618449482225318,0.46620415910607305,1,Z,D
0.0998450112999319,0,0.6349569683273578,0.6088116515559396,0.9457812984631692,0,Z,E
0.12920626675052355,0,0.3960094661331055,0.74316674995612,0.5785561586617972,0,Z,A
0.1146720941384072,0,0.4969119679120626,0.3906506113271243,0.7097891122922879,0,Y,E
0.08609760360567832,0,0.9949694704796685,0.8265199855900562,0.39680020360375856,0,Z,A
0.2668929647314399,0,0.7250041821208352,0.06166653494331131,0.39436476230001405,0,X,E
0.03847147454389403,0,0.8821811378023676,0.6119607271910575,0.06645111778094304,0,Y,D
0.25648765628137493,0,0.6346300848399409,0.3964274904383187,0.9845045333196741,1,Z,D
0.0558048836925676,0,0.3937029342874413,0.3800766066753367,0.5770202395482469,1,X,A
0.15870744038130735,0,0.21479398413114215,0.8576876557622432,0.4928694377037086,1,Y,A
0.02424608837179949,0,0.17313300366368445,0.07632853521310567,0.8408074617313519,0,X,B
0.25738426343542586,0,0.326858665607052,0.08761162459165162,0.09044357490624,1,X,D
0.2530158683172797,0,0.20647456575392065,0.432377979130262,0.5911693494999882,0,X,C
0.0804445491978498,0,0.766860298500335,0.3673392491738986,0.9922734542273616,1,X,E
0.19961260164976585,0,0.7867084495009903,0.8165097015960259,0.2673910425091981,1,X,E
0.08484998184828191,0,0.408739456862788,0.7410607147264681,0.6972132055480684,0,Y,A
0.07110496071553801,1,0.19082680221870973,0.8555753517706104,0.19548810703907493,1,Y,E
1.9188937014067476e-06,1,0.7335843468572761,0.9381739932567503,0.14543402809916195,1,Z,C
0.20516382453014487,1,0.5958967467651516,0.4754417270118443,0.8255413211190464,1,Y,E
0.21996127506064184,1,0.7036733432162747,0.9934231356598049,0.5904220438296613,1,Z,C
0.21900017692741816,1,0.6627587597255294,0.782924497971261,0.31608676859470086,0,Y,E
0.09374003527155178,1,0.7701623048438083,0.6691723946648878,0.5949733983859868,0,Z,C
0.15928517098704734,1,0.26400792222265834,0.20074438076015744,0.25579525626701616,1,Z,A
0.0523297240226979,1,0.08653986690224302,0.24322735958178288,0.3707124779704808,0,X,A
0.182531712665519,1,0.6173148417815751,0.8644481456659738,0.1040044659999313,0,Z,E
0.23965782570648594,1,0.19849808355373122,0.5787932582540245,0.28251295893207806,1,X,B
0.057626727349084986,1,0.25817151808665006,0.2939720200905268,0.34291029766479597,0,X,D
1e-09,1,0.8152518649009654,0.5207325130992884,0.7062498947140865,0,Z,D
0.016981820430101408,1,0.5392456198650124,0.6293284748319143,0.5212368939220001,1,Y,E
0.06439374381226341,1,0.4037863761358458,0.5571255889378213,0.03616035314594046,0,Y,A
0.13573227750393277,1,0.28104064133091944,0.7618086373199607,0.08678568100249884,0,Z,D
0.0883527421587947,1,0.8231953404476362,0.40532928704610593,0.12366511438330552,0,Y,C
0.2507317987366442,1,0.12153061734946691,0.9021293475557821,0.6110587854464141,1,Y,D
0.16859492735340553,1,0.3454572086684704,0.3864217792321696,0.6078514888803839,0,X,A
0.13213516594531624,1,0.03663607346662345,0.4123444940622115,0.27910423693663133,1,X,B
0.03704909966818626,1,0.16967936039639842,0.5414465620376611,0.4307713650392567,1,Y,D
0.0016253602908421051,0,0.2722417005195119,0.11848756184519416,0.1989698495287925,0,Z,E
0.24134221411432527,0,0.7368054124873256,0.9583461319277466,0.0920329381852838,1,Z,A
0.023098899618327687,0,0.20491498546477205,0.10315022399963103,0.5832777910058013,1,Z,B
0.09226367228900613,0,0.21857942315450074,0.15385765202554214,0.5904428266615331,1,X,E
0.2659024589197544,0,0.9873355562786735,0.48443485473724524,0.5342112390922105,1,X,B
0.17892837996668431,0,0.5088720060276751,0.2522121283468306,0.9731549519654757,1,Y,D
0.0543138318746779,0,0.15406518602816088,0.711088311948836,0.9332549690164377,0,Y,C
0.0928083958553362,0,0.10822046715235956,0.7054468379451749,0.041247783138419036,0,Z,C
0.24627558901132354,0,0.9986153772670959,0.7404777074032598,0.9252415092752114,1,X,A
0.07247937400778309,0,0.09047478724523561,0.34110368299516647,0.8090711863307066,1,Z,D
0.204487741774754,0,0.6047209626474956,0.06603716667148563,0.7252625847600981,1,Y,A
0.051560664183391065,0,0.10490417126872409,0.27746264968907464,0.9017849188917227,1,X,D
0.15665322241475224,0,0.7470732394822135,0.3582836100306702,0.5504391842942115,0,X,D
0.23765392317668774,0,0.4770818035151999,0.7091044106658186,0.1706721470932261,1,X,A
0.05692412106387253,0,0.04802177707053035,0.46056763216965124,0.6155797827311756,1,Y,A
0.25646262625578525,0,0.6449492625586296,0.8405221130142265,0.6662596313452775,0,Z,E
0.014017979236218009,0,0.6633910894994477,0.019101517516186495,0.9478713584688607,0,Z,D
0.2616124466564651,0,0.24299974064879215,0.7578296668525691,0.07178815650877524,0,Z,E
0.2023642896080281,0,0.6810021646454602,0.11665708411068376,0.7972811324600173,1,X,B
0.21896660995836442,0,0.5513003331652263,0.5221849254560761,0.7491429546383184,1,X,D
0.21907141332005603,0,0.8235516354697694,0.19213007795218418,0.18449381202062132,1,Z,D
0.2555540205471662,0,0.41244867965628385,0.25538385172483036,0.18455378789810584,0,Z,D
0.04103112849882261,0,0.8210286105207554,0.31197506976090983,0.9184135400215283,1,Z,C
0.2663229144951711,0,0.7197996806112518,0.8721953940632007,0.43830290288249485,1,Y,A
0.11527720012763663,0,0.49070815334209417,0.6052947362718585,0.3823516448008186,0,Z,D
0.25855039086169507,0,0.5229203208363543,0.04407911293586331,0.5524409565769455,1,Z,B
0.12826062649997275,0,0.7116684057411284,0.7009478938326402,0.895577160116913,1,X,D
0.24160846192827395,0,0.8267814260907417,0.8072739732504951,0.5336861965896708,0,X,A
0.005643615789108735,0,0.6913472898452977,0.2762498104921183,0.9760898219814728,1,X,D
0.03875008543074289,0,0.6387596736661314,0.19538505218649038,0.22303419841036765,0,Y,D
0.18143193172322677,0,0.24341365408398252,0.794240889463139,0.6094668935858393,1,Z,C
0.19917906432544413,0,0.9730285465210814,0.046963700742964076,0.472548999990568,0,Y,C
0.2583129234409239,0,0.3478186238571753,0.8696054827086722,0.009824647977326073,0,Z,B
0.2086144716551496,0,0.9885574465343331,0.7165923154450137,0.45244570126277894,1,Z,B
0.08472162570142726,0,0.43326856467069363,0.4113211174540793,0.45897128876051485,1,X,D
0.2536494454662525,0,0.5814932643387187,0.5475975226643084,0.36851126945250234,0,Z,E
0.014174579890221823,0,0.6393112127983985,0.7879534336327921,0.4322099465733701,1,Z,C
0.2350476610465945,0,0.2855351075265189,0.6569087758656695,0.004613381385952242,1,Y,E
0.10339102938436194,0,0.7411409646717068,0.45144413657861904,0.059830687223151546,1,Y,D
0.12418713074575898,0,0.3892395089155991,0.988732158960207,0.32366103984870365,1,X,D
0.09395484501031637,0,0.4428302467776378,0.49541849601902266,0.9820158169628981,1,X,A
0.23753115345362047,0,0.5359803997026209,0.0533075616190255,0.4335898218026891,1,Z,E
0.1431371153040735,0,0.8158407958984839,0.07718930295498161,0.24501424796557159,0,Y,A
0.21194668346343623,0,0.33686821833021363,0.04063152310020701,0.3446588809092552,0,Y,C
0.2404343014997573,0,0.37816816091438576,0.8830879801583933,0.7520465781444954,1,X,D
0.06478555391682556,0,0.8364576875764984,0.6167483894670304,0.8981872034034211,1,X,E
0.08035500701282959,0,0.9896877228798807,0.2069867204996918,0.9214336256314681,1,Z,D
0.08615911949338596,0,0.8940816860378087,0.15109024093760948,0.681530965238896,1,Y,D
0.2658660337755342,0,0.06598975289903797,0.3344963402834722,0.8424430237296242,1,Y,B
0.20591520937173116,0,0.5764634704464119,0.10426247224736729,0.789182461368328,1,X,D
0.07927507312141643,0,0.1473778788522737,0.029635596408350895,0.1148847469129366,1,Z,A
0.24467951012085892,0,0.6209428205791186,0.23059407254412834,0.14107642443488466,0,Y,B
0.2655534598398088,0,0.9129641576704537,0.6528489455473546,0.09904203561379965,0,X,C
0.025089560388180353,0,0.43460146253928056,0.5162394886414648,0.2400289607129409,0,Y,D
0.17851446872249196,0,0.8504895879161766,0.20404230395954293,0.6494647044000089,1,X,E
0.18654436654926698,0,0.9550749924960086,0.31974283008618076,0.7139038993622367,0,Y,A
0.0024173113453784204,0,0.7895424802783911,0.5518109715259953,0.1369551944409676,1,Y,E
0.2669071339136387,0,0.35394347399717085,0.12894930455621056,0.2634508696531658,0,Y,E
0.11600493793384525,0,0.3491534918046947,0.10894292744458511,0.40821064350585456,1,X,E
0.13886798176843076,0,0.6240958008088296,0.3347371504408825,0.6295031201146375,0,Z,E
0.2394428322067045,0,0.7508245972211015,0.48522952968320665,0.7163414834390978,1,X,D
0.14143206871103764,0,0.9982543182002785,0.49520801643233736,0.7681492519645768,0,Y,E
0.2656874670971971,0,0.39951631000257704,0.9492714588922097,0.8575778426767107,0,Z,C
0.24936821810337154,0,0.382964831916513,0.5204022613540036,0.83453850446482,0,Y,B
0.0069834565928737335,0,0.06323888550793832,0.26970654498649804,0.9170900612467767,1,Y,E
0.2590811467005903,0,0.3605935546943455,0.604282695243393,0.7665768554793483,1,Z,B
0.10450909083543036,0,0.3131650550143358,0.5790228783862996,0.4711058742597175,1,Y,D
0.16235424463200784,0,0.9548483984714681,0.7880453542090171,0.9481194275418761,0,X,B
0.20412239275321006,0,0.34599695585767865,0.1676883006214599,0.3839316427162305,1,Z,B
0.04953039003646368,0,0.5266828090820422,0.16181856799072314,0.23247761416277157,0,Z,E
0.10998463887538654,0,0.553373229514743,0.9618913141017242,0.3721704116981992,1,Z,C
0.12627296728647483,0,0.1313120259853049,0.8336039246307477,0.3282597535668986,1,Y,B
0.15460093750280968,0,0.9597206295201287,0.36603384870296307,0.6018576627020731,0,X,A
0.264036017329371,0,0.8457454069391724,0.5399502763365217,0.2266684625231774,1,X,C
0.24653690160643638,0,0.7908877365255401,0.27475889678639065,0.33079471957901574,1,Z,D
0.005161602540987031,0,0.6435393230877849,0.3568193612174164,0.7889539585665042,0,Y,B
0.1027691844065704,0,0.5858324946506066,0.0670270649494269,0.7433679579196462,1,Z,B
0.2596389550648786,0,0.698371090088886,0.6562745338370934,0.38636912279174485,0,Y,E
0.054200305761502934,0,0.8896834555755414,0.978974009987688,0.6632581775359562,1,Y,B
0.2585814310580822,0,0.4070288384879073,0.8171696256801367,0.4076501448625506,1,Z,C
0.008148499595384946,1,0.8288572483936614,0.4889955702502119,0.6380251874887752,0,Z,E
0.05491786265801037,1,0.05789655807841332,0.264635974858333,0.06812674080443148,1,Y,D
0.08392233822449285,1,0.9560618148025385,0.03345368202329724,0.5583974939848361,1,Z,E
0.004491151258852654,1,0.5433929549177178,0.821673686297768,0.6341291494765339,1,Y,C
0.08385767204292832,1,0.005896455981480586,0.9145143704489423,0.38511243996145816,1,Y,A
0.2163650541309096,1,0.8912742455674384,0.7755162401099214,0.4777479676062122,1,Z,D
7.004644516774914e-07,1,0.9004647227939286,0.3182474433450506,0.7610668644883634,1,Z,D
0.005579070793564749,1,0.33043976511448125,0.2919141219135756,0.0720199193303026,1,Z,C
0.15218574838954754,1,0.33067499479511664,0.7639702686969704,0.5868463052533118,0,X,B
0.13723714330884532,1,0.8300470276902664,0.36232402741564695,0.27121516053733774,0,Y,D
0.12447563666578247,1,0.5226976588651858,0.9949116087074736,0.7819108800942348,1,Y,C
0.11852167982850816,1,0.6927553718746348,0.738934672908336,0.6269193444669983,1,X,B
0.2539290356956231,1,0.6291144438449366,0.03436314451428579,0.8885991088534697,0,X,E
0.1340971287396104,1,0.09723333055118288,0.32947675409129695,0.13349615401181902,1,Y,E
0.00019973906407175115,1,0.11759419196148135,0.2119369129834734,0.01669199394876375,1,Z,B
0.13137464697701307,1,0.2746312992954706,0.9080097781887512,0.35113218166216553,0,Y,A
0.03168499636326489,1,0.14751135464531806,0.674284901199602,0.05070346917835433,1,Y,A
0.045670278185231526,1,0.30381699010860175,0.3364081925612513,0.49163895646228595,1,Z,C
0.09705628945021195,1,0.09499646586394661,0.5734524541923978,0.9092181980748144,0,Z,E
0.16671689094170244,1,0.10348639426284933,0.4617075450867284,0.22662867350423865,0,Y,B
0.1867017489928779,0,0.8366857227178701,0.6070425966161749,0.6304049143859327,0,Z,D
0.2656960867096768,0,0.5190301477014715,0.7179306572717229,0.915093076358823,0,Y,E
0.09405890560778632,0,0.40392101955369386,0.6154623072931841,0.7140830984052767,1,Z,A
0.09991879411613956,0,0.6235885810638214,0.949483374129095,0.7784783851451423,0,X,A
0.13254612516065964,0,0.007856968082176619,0.05069260068794956,0.8474208575346599,0,Z,C
0.04589697976333429,0,0.07734108501106707,0.8023720227798172,0.7061409508397039,1,Z,D
0.19353662287574622,0,0.08317098082423069,0.6487412386618382,0.3335706081685774,1,Z,D
0.2548903805364852,0,0.5018037352839171,0.0905400780891823,0.28974369038827286,0,Y,A
0.20500038878766225,0,0.320442687059445,0.7479109678604385,0.94814340887648,1,Y,D
0.015266445930491795,0,0.44734728453863937,0.5761262213653485,0.5000436758174668,1,X,C
0.2636125258985961,0,0.49532313677381523,0.8418444834587475,0.22827589801489168,1,X,C
0.046338314671297676,0,0.9741040520901536,0.70920938711039,0.18747390172827239,1,Z,C
0.26450062712519506,0,0.2637755613289261,0.4058983674936807,0.4277528414595181,1,Z,C
0.05456049228218082,0,0.849190357830218,0.1479625832815724,0.5990467953593135,1,Z,E
0.07578147452881141,0,0.7058728128500528,0.22295182000567493,0.8978098353881168,1,Z,C
0.25639674583019545,0,0.2876943497378509,0.8789266770926444,0.2572460143670128,0,X,E
0.16770655888379482,0,0.02355404733340727,0.47656052550161687,0.023069636383787118,1,Y,D
0.18486759718045254,0,0.4868014013230335,0.4150430871278874,0.16611766514005033,1,Y,C
0.24986627612404502,0,0.2802470467553112,0.7427671784424958,0.05137336985043006,0,X,C
0.2634379743271265,0,0.2677862045899685,0.5494768903574957,0.5131240583499257,0,X,D
0.2669903736630558,0,0.8575932098130672,0.6458731205741285,0.8453355751664741,1,X,C
0.2559337019400823,0,0.03395719315454049,0.07549482645155281,0.3426219321163537,0,X,C
0.23177985615293248,0,0.11880546077270149,0.4069757936709265,0.5088979423249429,1,Z,B
0.13384508883059654,0,0.17094281029084968,0.7445373055505569,0.5507553969429937,0,Z,C
0.07538432782268799,0,0.006287573807483127,0.5851612607335236,0.22884566392065553,0,Y,A
0.24874344868416914,0,0.09608830896070242,0.5051553438133733,0.024748241302350094,0,X,A
0.1555393524190887,0,0.7059608015710452,0.21131537461111427,0.8022440779221903,0,Z,B
0.26455405273159865,0,0.27132399416966935,0.5898393717811636,0.43526801226994805,0,Z,C
0.26344310408863364,0,0.8296592279626351,0.0943458973071768,0.8667544534575533,1,Z,A
0.19297485108138876,0,0.29243758742158255,0.629040679237242,0.4029809256576312,0,Z,B
0.24577124986405616,0,0.8032167463378657,0.9755796980247502,0.9909764977061182,0,X,D
0.24692388667949094,0,0.7506378571444552,0.5564485418422861,0.9808864935169302,1,Z,B
0.14682932719507177,0,0.9797500909457731,0.3021361889938037,0.7252867985978702,1,Z,D
0.17900655726607062,0,0.30384376572705196,0.422318275232456,0.37686430719174924,1,X,D
0.26696154743784817,0,0.19483049017998277,0.5920307122021043,0.17015530667709466,0,X,B
0.012632753938035039,0,0.7309392680583409,0.6038160433398798,0.9867646225050442,1,X,D
0.1677526818421295,0,0.7708549797129747,0.534380045412612,0.44798339536151477,0,Z,E
0.11834756891857255,0,0.9166289694055226,0.49041752241601555,0.18505220909467246,1,X,E
0.26681502492131665,0,0.3813738971267633,0.17779712101772804,0.05838037074749258,1,Y,C
0.26501264629040566,0,0.0876623504920534,0.6299120113256855,0.0210936589518107,1,Z,E
0.0759773358816897,0,0.5705940307447697,0.30718756622880206,0.8127419195697353,0,Y,D
0.05107072439200449,0,0.12165541292403126,0.0365561012737583,0.23404714266298898,1,X,C
0.07143574669430197,0,0.323451224522622,0.33187480786507784,0.11555532830075543,0,X,E
0.09519236544299917,0,0.6535744662619452,0.6083613879631096,0.8893109555225539,0,Z,A
0.08675010086513944,0,0.2843130262385246,0.17495850663000567,0.22975838539119064,0,Y,B
0.12746451574060788,0,0.3714828455018149,0.33898538654175225,0.29740565880798053,1,X,C
0.264321957669872,0,0.88520969581977,0.9789366028074008,0.24933492483777764,1,Z,B
0.16087839039453966,0,0.7379038001554951,0.1782054594293,0.5108903258556262,0,X,C
0.17483550650349297,0,0.44464805514487427,0.6947854046236716,0.617396654609664,1,X,E
0.21463427870433494,0,0.8962471109923285,0.004165515162116384,0.5801330957611848,1,Z,E
0.24858224889124897,0,0.47164780855058985,0.8340325495044045,0.8998389857719055,1,Y,D
0.18890307727815384,0,0.6498923806076711,0.7716117039931623,0.26370879268960234,1,Y,B
0.1477059327443052,0,0.598947809546792,0.5407625443543196,0.8831059931588972,0,Z,E
0.15226091910858452,0,0.5786453651423991,0.7603195254478905,0.9469730613262741,0,X,A
0.0034886610332226747,0,0.040333887457202344,0.8768772707287404,0.7632313316725313,0,X,C
0.22218576753198152,0,0.7076478012760942,0.7496005357551627,0.8204306515553239,1,Y,B
0.0870200015925303,0,0.06137699068907254,0.5676552145429278,0.8387128378004697,1,Z,E
0.25340028490851674,0,0.31326800318314985,0.6825295098208227,0.8588690778860255,1,X,D
0.26572544612011917,0,0.9279400663028241,0.6900462001827362,0.949298628799233,1,X,B
0.06534637978453801,0,0.8397064800214306,0.8377422471240846,0.853218050257363,0,Z,C
0.13903589303857602,0,0.18312948170419385,0.08436666953600913,0.8458812413939794,0,Y,A
0.2638696845037216,0,0.01261906512121036,0.9580401470874683,0.9470676062356086,1,Z,A
0.2625283805281878,0,0.05100240713601589,0.934740361500889,0.8235400689777511,0,Y,C
0.2641835062248759,0,0.8045479909409278,0.9932209061201616,0.18788187044151627,1,X,B
0.033582229001185876,0,0.972920712951258,0.04010693174955926,0.22857276279931693,0,Z,C
0.23931558921989804,0,0.7348659014204424,0.7693390146810912,0.3171977250791371,1,Y,B
0.2173689737310719,0,0.5651801938155008,0.7948668557649697,0.32385413816998565,1,Z,D
0.18163869342501426,0,0.12712846221188712,0.15433021442239026,0.6768357276293524,1,Y,C
0.26651102985357816,0,0.2559033789505821,0.1446108750024735,0.28635946876309304,1,X,A
0.10725895335498324,0,0.18536230024282807,0.9573753291782643,0.855825307252895,0,X,A
0.24848187366890975,0,0.21688500522786436,0.38611564973092516,0.6216527879813152,0,X,E
0.18747763394319847,0,0.25792470982393223,0.23424294703048576,0.8976941802762973,1,X,E
0.04780911430710844,0,0.6775682675610056,0.5166858192573474,0.09827576521300818,1,Z,D
0.19835242309535556,0,0.03734920485680704,0.2795542972846893,0.8255974424566188,0,Y,B
0.2597099445687299,0,0.23739166309196646,0.004918953475956389,0.523479097063243,1,Y,A
0.046159687796912326,0,0.7235408149857449,0.5986304113565664,0.822175676522008,1,Z,C
0.05835110707473877,0,0.4459675810113478,0.3576351389867769,0.5948843331165294,0,Z,C
0.13216939792538887,0,0.2872843503114496,0.1899610123963157,0.8734149796098515,0,Z,B
0.19147720099086,0,0.37798508831615274,0.5947150842556873,0.14217490554134082,1,X,E
0.14481221237010153,0,0.29495192306510476,0.5326069722974077,0.5282272611417962,0,X,E
0.05244943926123831,1,0.24296745832082323,0.7823023917081039,0.6039092951227879,1,X,D
0.20726631052858088,1,0.3528803426462721,0.3098025228087471,0.3736382621044325,1,Y,B
0.026386635763915475,1,0.5836478841662147,0.7077852570030403,0.7713268579878584,1,Y,D
0.16094082687683395,1,0.16817414901012184,0.8537744015526114,0.5625906138879945,1,Z,B
0.06896077672982037,1,0.24450920278885147,0.3455423430682083,0.5693582712515327,1,Y,E
0.15869425417006175,1,0.3456931402258666,0.6907531319403655,0.04421758500555728,0,Z,A
0.12976777655470426,1,0.8353433263396657,0.8725612593137974,0.3284990815717984,1,Y,E
0.012205752799421214,1,0.7284168771433138,0.00773803344646129,0.06369276677732216,1,Z,D
0.05585171401380502,1,0.5187259773367884,0.6611584113640973,0.7612210540607127,1,Y,B
0.18237066674848762,1,0.8748835602933658,0.35349829858106385,0.10466774997884298,1,Y,D
0.014094108715803057,1,0.9660886980168513,0.9957439709816803,0.7509528937903723,0,Y,E
0.2082666438131784,1,0.07986823552250388,0.5055005705199046,0.6661832365680905,0,Z,B
0.07917573934607157,1,0.8814328130830857,0.4092705428003294,0.9884575163072866,0,Z,B
0.08901169124137416,1,0.586456309234251,0.43855375484657166,0.09785922870440567,0,Y,A
0.04577264671014784,1,0.7618846319610322,0.6899269780986403,0.8127606855335376,1,Y,E
0.16696208937858298,1,0.03740528044988023,0.2811947319555512,0.4256709728885961,1,Y,D
0.049070069458834964,1,0.3856196625689595,0.1507396191916739,0.10817184237593491,0,Z,B
0.019551969419179912,1,0.8526419069078638,0.2596990929697306,0.6288243077470687,1,Z,E
0.06801145687443194,1,0.6295201654043137,0.46628263358871413,0.31921583971342404,1,Y,C
0.1441820682164142,1,0.9604270839630574,0.5642227039884569,0.5252561626568656,1,X,D
0.1083220838406501,0,0.35226113131010783,0.9469808374829678,0.37566518763834267,0,X,B
0.05654451130907865,0,0.5731704142694874,0.5508016281008153,0.8158379871748619,1,Y,A
0.18358043554033207,0,0.5548797083474362,0.18742477300821392,0.9243653557692237,0,Z,C
0.17131501461813284,0,0.36870489032152287,0.2382381304135306,0.6653437585583778,1,Y,C
0.26497524324135663,0,0.038711663526920126,0.1396506372821925,0.2585300744223584,0,X,E
0.09937318342503866,0,0.4130289663137109,0.07245236616611161,0.2943680540236898,1,Z,C
0.029420303411764947,0,0.44102098408726387,0.9320896330257361,0.2672332383978768,0,X,A
0.03415349029368909,0,0.21834943817570307,0.5716910078984614,0.01969485555507433,0,Y,B
0.24914827509222945,0,0.5468819126177913,0.6773788310877583,0.013454723987531336,1,X,C
0.2096203789361238,0,0.6165919715718406,0.036377379429833656,0.521530402118018,1,Y,D
0.2407553143315451,0,0.4558706750110666,0.0022770493332505692,0.18458512510193326,0,X,E
0.14614942640285802,0,0.4518537160582504,0.20898111238717598,0.2053654068702525,1,Y,E
0.14246082293625847,0,0.8318364546673304,0.39424996204841667,0.8911352821927119,0,Z,D
0.23083884060308085,0,0.31707533443631997,0.24527342633126803,0.7209195259863174,0,X,A
0.14395415575305043,0,0.3355545037459423,0.1056687100883007,0.4697857994788658,1,Y,A
0.00830461448490009,0,0.27040417871533895,0.36967752580466706,0.04129337085118168,0,Y,E
0.1380428919735656,0,0.051329082718545416,0.1153770746087669,0.2491821302870355,0,Y,B
0.1715240888981261,0,0.11917478829655259,0.7551552806547199,0.5489871591412383,1,X,A
0.15413370887436123,0,0.4297275589839875,0.2951534271399576,0.5515484538058711,0,Z,D
0.2518745577258733,0,0.5000020741811202,0.1568302946146407,0.24971469733145601,0,X,D
0.06915120141369704,0,0.919791907316906,0.5265895599179707,0.4442889342989276,0,Z,E
0.1389177660265368,0,0.7679838307702461,0.6095455226042736,0.24520437247886828,0,Z,A
0.07536513182426467,0,0.5631241669556161,0.7747632083935699,0.6514263658492152,1,Z,A
0.0018571482256772328,0,0.7632503305095605,0.7660613896600903,0.752572973249908,0,X,A
0.22072171829693038,0,0.930769011970523,0.2394811273573848,0.4401664578142266,0,Z,E
0.11289445527274825,0,0.09079236890646125,0.06575221246147978,0.10416983532841828,0,Z,E
0.24477301370384624,0,0.7007505097746236,0.437436021190862,0.07326374790754808,1,X,B
0.011871958457955663,0,0.2860040614922732,0.6266322351649597,0.236726924843208,0,X,D
0.18542466413409153,0,0.8971036739611983,0.4633998525903197,0.3933827990605998,0,X,C
0.04946772527459441,0,0.3795724544042218,0.9862046635154612,0.9896474546000126,1,Y,B
0.21364364385004114,0,0.023720005697606905,0.2510428904298001,0.5268704570735564,0,Z,E
0.24013792137178785,0,0.20253613054013586,0.8015777447895864,0.6425112962455132,0,Z,C
0.10039830870705613,0,0.19849988727552859,0.8270330771838855,0.9213979491348997,0,X,D
0.20289849266344925,0,0.783126248703686,0.16160393866410494,0.4212916987919637,0,X,A
0.08589938559155152,0,0.134013476121999,0.010610834889693832,0.3348580417350695,1,X,B
0.208226880171603,0,0.3374488825244305,0.9340027015920765,0.8979453740737059,1,Z,A
0.18539279393748717,0,0.7923305279773861,0.5569116953200899,0.41375519534259686,0,Z,A
0.23915184618208035,0,0.2418549199015878,0.3781523238911606,0.6252220465401244,1,X,B
0.221585649002121,0,0.10200476642833611,0.9930088809018742,0.9738001193471606,0,X,B
0.16801068365898306,0,0.7675617927510892,0.6792862313809471,0.5043335427424591,0,Z,B
0.22755450137013805,0,0.9897547205237976,0.27895009131118187,0.3257103720261991,0,Y,C
0.2141923107355143,0,0.6166068581829315,0.8530096416658871,0.27413699193097785,1,Z,C
0.23962713660651075,0,0.5939466984059312,0.7550438773272078,0.381520673089473,1,X,A
0.17135094453310806,0,0.5705554400578025,0.6254500444200352,0.8540724806116511,0,Z,B
0.16322083107144197,0,0.8801483358247337,0.5512346365983429,0.1084303345553903,0,X,A
0.25195901161171247,0,0.6295487426085189,0.6196734252565105,0.3763901932987852,1,Z,D
0.003004954446777481,0,0.9680775233601719,0.49364388697130046,0.6889502978738844,0,Y,B
0.03710415813905826,0,0.5659541413504092,0.7284575158396553,0.39605419527376995,0,Y,A
0.062167907515230346,0,0.7175791406340601,0.2958885336593857,0.11113730049758752,1,Y,B
0.2655976661310245,0,0.049103805322826766,0.6524416928380331,0.2245256822053071,1,Z,B
0.13390864232231825,0,0.09855282377423158,0.5078928697424687,0.21877077792447985,0,Z,B
0.028145409751101202,0,0.37852990939777265,0.783349955312745,0.42469430285977083,1,Z,E
0.02485382680433846,0,0.2841294784322449,0.3190333657844423,0.9060729606242933,1,X,E
0.2377112746430467,0,0.5180024721647523,0.3429097466304817,0.9819371675400849,0,X,D
0.07381432547133304,0,0.2730219674110267,0.7151970577195379,0.3413109263713564,0,Y,D
0.0982798557015119,0,0.7390177283728558,0.42405243658823555,0.8201024161030537,0,X,B
0.011097283814357713,0,0.42803707595029705,0.6890439524953595,0.607870179611875,0,Z,D
0.19305391077653097,0,0.09072612371135003,0.10292454076668933,0.2920798222414991,0,X,A
0.1602093670311014,0,0.9633689698680202,0.8026511983249851,0.6487176268179061,1,X,E
0.1356006779538806,0,0.021174480327415535,0.045627485105389165,0.23806488732131414,0,X,C
0.07154612005633956,0,0.199225668902288,0.2997046456456792,0.7063009054318217,1,Y,D
0.20079976942900157,0,0.6528912095630125,0.44676825458085434,0.5556716354289752,1,X,D
0.21213080653664693,0,0.8551351480592044,0.4224526296494896,0.1760928274090512,0,X,B
0.08933613437085687,0,0.012625640689368334,0.6560424225444477,0.7146467647824171,1,Z,E
0.2311252686262012,0,0.8806221905512372,0.2876523550706449,0.3033392755588875,1,Z,A
0.23534083995067992,0,0.28842787056924923,0.2195944235964804,0.6844084550840979,1,X,E
0.16366875080591398,0,0.4273323437069183,0.6197814432295766,0.7873616003319214,0,Y,E
0.25244864412509443,0,0.4548687649185993,0.8471525098465535,0.2729040982521671,0,Z,E
0.18476154006750534,0,0.6426173524493409,0.19950239493662592,0.33990235272514346,0,Z,A
0.25959059482475866,0,0.6717763611083084,0.4201151738641039,0.562667731292708,1,X,D
0.09559167258835016,0,0.7725892131603217,0.24595140041373476,0.6275757736358246,0,X,E
0.24695163258830483,0,0.07685190591053637,0.24121748254306385,0.9083385751482447,1,Y,E
0.12174741386238123,0,0.09239536273696525,0.8407841921025673,0.051507778281586925,1,X,E
0.24578082731229303,0,0.6762359852144381,0.8813184164860204,0.23631585767664465,1,X,C
0.2051173669118787,0,0.6614259821697214,0.3996112468818461,0.1314903840990942,1,Z,A
0.19064839183018503,0,0.09111833342787512,0.4735054848985436,0.3580628270565469,1,Y,A
0.1379202203578641,0,0.24981013773793026,0.2210059041117194,0.487839553869579,0,Z,D
0.16761571904153913,0,0.3076393054266736,0.05151797104286693,0.5309423368652395,0,Y,E
0.25928712779401636,0,0.7175645575045513,0.8135642473976774,0.3391052224512452,0,Z,A
0.11127953263193267,0,0.8573014889185576,0.9897715745427997,0.6862292811505578,0,X,E
0.027905450441857216,1,0.9188842967264299,0.44958072389560955,0.3874749715025204,1,Y,B
0.08877130850916187,1,0.2708875773350444,0.9136766542593203,0.8078134100755718,1,X,E
0.09513723266092873,1,0.6007868518172671,0.7054852328961618,0.03755558248070834,0,Y,C
0.10249268225427159,1,0.5863207253113452,0.4348978703923396,0.4999699743063629,1,Y,C
0.0004972702635273649,1,0.1655998142172489,0.6357584030888024,0.020950613291303766,1,Z,A
0.0005795988955116411,1,0.17388986074117463,0.2798594756213919,0.041095392728381586,0,Z,C
0.07844525064502174,1,0.2341572576887614,0.4771225287298375,0.8132519950184804,1,Y,D
0.1696523907498271,1,0.25405352389496383,0.44943613219730616,0.5334287457519061,1,Y,B
0.018351635341168272,1,0.8491339229151428,0.31652866078656794,0.6201002853251271,1,Z,E
0.16809888729293126,1,0.6943885002424148,0.8931011444075249,0.14861914556402778,1,X,C
0.02282042103412419,1,0.2732272665782838,0.9764609651779775,0.2696581247929307,0,Y,E
0.17600930434318057,1,0.9677576061516462,0.6968232297862794,0.9320799664800925,0,Z,A
0.003574943038202119,1,0.8355185674107528,0.7510845012083941,0.7404087591122316,0,Y,B
0.22406465223508293,1,0.6588841434749381,0.19079511182353115,0.34611828594193805,1,Z,A
0.06729486931757682,1,0.2432509928844312,0.6077631055417589,0.7293094726690529,1,Y,D
0.003070926618694379,1,0.5555534965100255,0.5107423432027943,0.6620022120769159,0,Y,B
0.22610352402142037,1,0.8304227577674825,0.8747730143512761,0.11034606158811,0,Z,B
0.18413109895764482,1,0.06726546517355125,0.4884044911780919,0.2235743035749327,0,Y,C
0.008213504881055912,1,0.7902421937703322,0.8434390332669788,0.9542204959475722,0,Y,E
0.007207539196387388,1,0.9158967668024537,0.8672969426474012,0.04595562889618754,0,Z,B
0.26637290272539377,0,0.5456184050863526,0.8562902452374777,0.0011312879422851196,0,X,B
0.16081263305548893,0,0.9139128604806026,0.12683515340103768,0.7040118372601789,0,Y,A
0.12923551605330236,0,0.8523518564601649,0.3764798765312267,0.5343651364432883,0,Y,E
0.029243780092293947,0,0.8034503622029053,0.12688660647867656,0.9299262732610604,0,Z,B
0.06292077569108472,0,0.020773851057244164,0.5623746813238103,0.2995576755833068,0,Y,C
0.10303155178073867,0,0.03037220052349754,0.4209766193517317,0.2597506873007578,0,X,D
0.07076961526443304,0,0.3140259415925417,0.7788224115381313,0.5707357992633225,0,X,C
0.2507490643927891,0,0.6285173593307063,0.547901037904807,0.02046577335180899,0,Y,A
0.15140110883106878,0,0.4443996865750611,0.1650244363419674,0.23227393852732192,0,Z,C
0.13822414739345476,0,0.19911518523429406,0.6895328128824524,0.3239829801294395,1,X,E
0.1215870595761724,0,0.6887938289080565,0.7037973417654692,0.5580888510876462,1,Y,B
0.19348645423010583,0,0.15629946324337207,0.42817950742887934,0.13749456756814826,1,Y,E
0.06807944036987634,0,0.9093175248269288,0.6685674957378112,0.4411873810732754,0,Z,C
0.254953913387383,0,0.08215739532917132,0.4900044065153898,0.6465675411516765,0,Z,C
0.05954984381762183,0,0.8955884473406656,0.5811490255956305,0.5972634029690111,0,Y,A
0.09557719047325694,0,0.3927129703419112,0.8808620850927105,0.653962713822753,1,Z,E
0.26656470240277724,0,0.12443554418204883,0.15339099652715993,0.18361690505790285,1,X,C
0.028985877494606974,0,0.8943125753967399,0.8505109987712297,0.6789460016441408,1,X,E
0.07884973812186982,0,0.24735520337251726,0.4164928135044218,0.46055696335222107,1,Y,E
0.2588903936073673,0,0.4978323272434171,0.6029189507337167,0.18425071543818428,0,Z,B
0.22162346648495254,0,0.08082543246622886,0.7124664384075732,0.3713002646979334,0,Z,B
0.08863943815538526,0,0.04093120550313256,0.9466827605001911,0.5021091486999407,0,Z,B
0.2667968231715808,0,0.6864537217544558,0.19299626820309101,0.11000200366658441,0,X,C
0.26098955847573435,0,0.2796617947080098,0.35486050488649024,0.7269025612700831,1,Z,D
0.07544981614542548,0,0.651224370688123,0.036432969501263734,0.23879051537694773,1,Y,B
0.22756636030415814,0,0.9071617534935047,0.060514962498282365,0.08737470263064828,1,X,E
0.2668521788003904,0,0.30934217925022534,0.1536688040913845,0.49821706295402757,1,Z,A
0.2666420638964756,0,0.003492872575246886,0.8216255250846847,0.8039183232303347,1,Z,E
0.23313673926542847,0,0.8660953133785003,0.0732275849461308,0.9263270147773844,1,X,D
0.18202637753967668,0,0.7427938166344147,0.48546821914894345,0.5287774268355648,1,Z,E
0.029311602521169464,0,0.02256245303705362,0.6135444688190911,0.23431032122498785,0,Z,A
0.05861512463557142,0,0.3600536837500543,0.4824972335478306,0.9503772671342423,1,Y,D
0.1241301936393881,0,0.1580611475994501,0.09033865332784685,0.5345328865420939,1,X,A
0.2660045831090191,0,0.820130366057286,0.37801950987591126,0.22474006523986856,0,Z,A
0.08792631893433141,0,0.6598936028655141,0.8028882843401647,0.5602439741759441,1,Y,B
0.09453389592147406,0,0.7344705040854549,0.5593557739534908,0.4143752408667959,0,X,C
0.09050125971578853,0,0.23795626041998574,0.4108103538663328,0.19629188325748015,1,Y,D
0.026033857329215482,0,0.034702086635815976,0.6585160965706885,0.07139272128253715,1,Y,E
0.26312281066537924,0,0.9950535736869042,0.6998389383168296,0.41011319667381374,0,Z,D
0.25472819709553834,0,0.32698177857069066,0.8060133190926042,0.7160992306571791,0,Z,D
0.054182056197852116,0,0.8565621861536775,0.5856271716347751,0.24216770586421588,1,Z,C
0.19392301702895023,0,0.7639420228500671,0.08080304402152705,0.26647097479476867,0,Y,C
0.2157910512766438,0,0.9366225680313799,0.04385076247072339,0.10290622403396643,0,X,D
0.194158130330119,0,0.41972786856213473,0.029271882949444827,0.831938956425868,1,X,D
0.26347271541607614,0,0.22570648165217966,0.6250992880219931,0.37929194704589153,1,Z,B
0.17961542485607754,0,0.6636889889220481,0.8062628205354403,0.40095253963648414,1,X,A
0.13552263930324054,0,0.5859500910894081,0.9979193339348855,0.37131975926341354,1,Z,A
0.23550971636069798,0,0.5968408824918522,0.05960475133843002,0.3371587627943615,0,Y,E
0.11656525353236447,0,0.04646761248240039,0.8624869714616794,0.19266993992478243,1,Y,B
0.23085625389065437,0,0.5298775200906342,0.41140073874338845,0.9289707855981726,1,Y,D
0.24579992115520055,0,0.21761412940180203,0.29403355355652605,0.1992570091281225,0,X,C
0.24990419627306235,0,0.08242941271763926,0.313157913175661,0.9723977949467494,1,Y,E
0.2658461139224092,0,0.447029650542795,0.6480405273102222,0.577722137674017,1,X,D
0.19554195112223216,0,0.5707753275795032,0.18073878333997329,0.3822164999427362,1,X,B
0.2629889398062974,0,0.33628354401130967,0.1481989559053648,0.9094613610925412,1,Y,B
0.15550020117958271,0,0.9318105013785086,0.46915715687375437,0.06837391112610858,1,Y,E
0.053923220429167244,0,0.2832010225882252,0.9173486206683751,0.10153553592445153,0,X,E
0.0727014816665096,0,0.42245400318537074,0.9680695192915201,0.9410642505364674,0,Z,A
0.23908440761313624,0,0.7013534243974863,0.4341352660373884,0.35879351403114423,1,Z,E
0.08388352267861972,0,0.4045635102605646,0.7576546911976747,0.30721994085867577,0,X,D
0.0206000121210955,0,0.6851034546255985,0.5405015655082115,0.6517252688323452,0,X,B
0.2652138506081158,0,0.9600879769725329,0.4240121416123427,0.9510408061379877,1,Y,B
0.02832494289585316,0,0.7589713716129242,0.4970687013503393,0.9715931519389093,1,Z,D
0.22509875672434693,0,0.6764710400887916,0.09898230037667521,0.2214359443317283,0,Z,E
0.06534160793467544,0,0.743830324407808,0.7627070630974502,0.1202602453209547,1,X,B
0.2638446295642124,0,0.9784618255775742,0.3089150106015053,0.3489013159486253,1,Y,E
0.2299675687362453,0,0.23934473498434994,0.8829913189705205,0.29717619997824074,0,Y,A
0.1975573160890558,0,0.19011333129964114,0.38094229382780276,0.8536883502149799,1,Z,A
0.2665852443088173,0,0.21120159459714372,0.06594806301707112,0.19300953980240942,0,Y,A
0.03966966774498894,0,0.03461743835113529,0.6266128382235997,0.7591310671529188,1,X,B
0.25605846184706477,0,0.647798153071946,0.8536424329737566,0.3715672479405159,0,Z,B
0.1931950230541313,0,0.014971645819845003,0.2725831815433233,0.5155221349741503,0,X,A
0.013044241146232009,0,0.7106669517072522,0.4522036677277005,0.9005060116001453,0,Z,C
0.15270909406471375,0,0.2352637333718378,0.5208254672539206,0.733169676493666,0,Y,B
0.10449244589996225,0,0.398631796078454,0.27593001650510585,0.44761631697580984,0,Z,A
0.0021527036185319363,0,0.9803034608537372,0.94106059960618,0.42113281796671953,0,X,A
0.17579064618458842,0,0.449272957942334,0.03784637180481243,0.7871412627288221,1,Y,B
0.05025243297901466,0,0.30338291631280934,0.9466000812985583,0.6956963512105158,1,Z,A
0.20292785074216727,0,0.1941455352418594,0.84234942310536,0.7151495218452754,0,X,B
0.2237785141068436,0,0.28082753910437896,0.48912670290989135,0.24274581575199128,0,X,E
0.2234805250734415,1,0.37146745954614313,0.8634437271878922,0.03380229957946901,0,Y,D
0.042150841822532537,1,0.48723271800282386,0.6129210725036436,0.667782043473831,1,Y,E
0.012542567909804589,1,0.6326642050055815,0.3161703414484959,0.6556816052541375,0,Y,B
0.24608951847901783,1,0.8017618044772055,0.5005699856780004,0.5193736020587766,0,Y,E
0.1363209089927113,1,0.7066488674748285,0.8810967235921666,0.4483592697851603,0,Y,B
0.051476849198954705,1,0.1568549393577856,0.8074949789679706,0.4978538952245056,1,Y,D
0.0017078161039963582,1,0.6903475120404526,0.6553573139734953,0.5546643723180038,1,Y,E
0.11473354701534914,1,0.3118079214323459,0.020267545831259448,0.43885114849126705,0,Z,A
0.026343539360179923,1,0.6136583442562383,0.707232846874904,0.05765284606427845,0,Y,B
0.004529493828578664,1,0.8082088197233654,0.7629802920489509,0.6364274201902482,1,Z,D
0.1638780468179622,1,0.2837615546287362,0.49870007801448824,0.24533250879759816,0,Y,B
0.012916358518778056,1,0.20151079032699915,0.9054870910147276,0.12521907688880385,1,Y,A
0.049765747554128104,1,0.8627725867059701,0.5525694878000258,0.03281063542672813,0,Z,D
0.241797520062827,1,0.8312566710310021,0.5716563538526495,0.537367993084575,1,X,B
0.13465508930767342,1,0.11013893746429704,0.4567944818899222,0.21852850034756555,0,Y,E
0.09309150680156128,1,0.11131164682387673,0.8884797308055766,0.015302882500454973,1,Y,D
0.24049711465992413,1,0.10889343125017892,0.6373941376763083,0.8582053429552841,0,X,D
0.21880674888479704,1,0.9354336208881989,0.823723582645907,0.40860286127124434,1,Y,C
0.002957178942528548,1,0.8952093594581851,0.35525775684813077,0.7088232703655498,1,Z,B
0.15796541490456292,1,0.7087363800512901,0.9826558586045994,0.9346896749394232,0,Z,B
0.2587294440375719,0,0.8216411171832106,0.2403363450657907,0.9285512853101211,1,X,E
0.2502843907748099,0,0.42534339866594517,0.0872581852926354,0.06734392127873934,1,Z,A
0.26026191746070093,0,0.067954154026997,0.8794982547602948,0.6395050377320177,1,X,A
0.25507136432301775,0,0.8586098736659205,0.5357059515547425,0.18367106749058615,1,X,E
0.19719927963384165,0,0.7800626847505882,0.7381851697898664,0.13248757864526828,0,Y,D
0.26482074260261623,0,0.4173525622911646,0.3161131556289921,0.742205145052789,1,Z,E
0.14002272060079562,0,0.19284312407294613,0.8801143616621347,0.9102692320655981,0,X,B
0.056258413369544215,0,0.2836089574769536,0.11373896250036208,0.6091551095385719,1,Z,B
0.15295419886172623,0,0.8318222390147986,0.6274006801368118,0.9705322340908101,1,Y,A
0.26245227399339854,0,0.6512174194024709,0.4105071844323207,0.3844554975877218,0,X,C
0.2514406631844067,0,0.8493941978347718,0.0427681702508641,0.9778886619015809,0,X,E
0.255005528751295,0,0.0025831434080000326,0.7282961222727798,0.970689207743308,1,X,C
0.1580364302648419,0,0.43429983864635013,0.2548334144338994,0.6782952401823327,0,Z,A
0.016971503906840754,0,0.29154087177484833,0.3242202161253507,0.43289205970030953,1,Z,A
0.24702948453159046,0,0.1942914443082171,0.9520428277215702,0.027326311457414265,0,X,B
0.03271321970201324,0,0.7239981001146909,0.5793850181363823,0.5117746670078277,1,Z,B
0.259548224043836,0,0.3571045685993597,0.42736207510989543,0.5904621555357238,0,X,D
0.05787490600888832,0,0.6674888275913831,0.12296493025543265,0.5805028906555092,1,Z,E
0.26390941441584365,0,0.2969759190876302,0.8279989610098666,0.8682937330550576,1,Z,B
0.0416569878598568,0,0.7327313166671129,0.4365324650401483,0.9436584425777059,1,Y,B
0.0035788210650662526,0,0.3651753474424334,0.811974326350641,0.8991740702071882,0,X,C
0.26527533265274184,0,0.050806010938141966,0.07155858196663811,0.5228024144709824,0,Z,B
0.24255381764592596,0,0.934656040571746,0.4428662840819668,0.9593281283700421,1,Z,D
0.26043097795540116,0,0.7961109649356745,0.5804682393988299,0.22729324590017164,1,Z,A
0.08052624894661274,0,0.8352495176684476,0.8339304271838079,0.3341214534232688,1,X,B
0.2627473950895396,0,0.045774191531433917,0.6752968359248406,0.9109439723127892,1,Z,E
0.18228110541941628,0,0.14228463463828434,0.7808502487020785,0.29719439747730614,0,Z,A
0.2243857834387204,0,0.05408284685378384,0.5570610912702026,0.4112780234901856,1,X,C
0.045612950345228,0,0.857021817361322,0.6799268181280206,0.9883026776165648,1,Z,A
0.012693251533129321,0,0.29650689376312944,0.42001899892825556,0.39952538704847784,1,Y,B
0.2581731944012251,0,0.29099680269542316,0.638778359760034,0.9725341291349874,0,X,D
0.2391700759082109,0,0.9275587675833089,0.1311290553486374,0.615303502602801,0,X,A
0.06662992488392949,0,0.203319628603999,0.9970684822462008,0.7861566614342355,0,Z,C
0.24962402308121437,0,0.8143914533998695,0.08364869907037875,0.1414162986013502,0,Y,B
0.12116840632524824,0,0.7260798398492145,0.48248628581169684,0.24987310897534976,0,X,B
0.2167685638501583,0,0.27743658529614956,0.6746858573905252,0.20648296549750011,0,Z,A
0.16417285823173078,0,0.3255411995094524,0.5216797348544708,0.16813084976059411,1,X,C
0.05881227466966658,0,0.32377363432416373,0.7122015122865184,0.9233636379397293,1,X,B
0.20098077666433703,0,0.10458692422247129,0.033627021456318684,0.6795131191352554,1,Y,B
0.047837554904722655,0,0.7110366631860371,0.9623782308581604,0.34198421496286113,0,Z,E
0.16842380283394626,0,0.5161411534452824,0.8805580456507311,0.010715541641579951,1,Y,C
0.17099225441681248,0,0.17259126817718384,0.011666218244700377,0.8895888783993401,1,Z,E
0.011402232920074758,0,0.0530494649263491,0.6952909839430244,0.03462623887565852,0,Y,B
0.030699345075022366,0,0.3148692839795524,0.9504505961588287,0.9705196252428523,0,Z,C
0.08569928045115806,0,0.8698387469662021,0.5160134242036126,0.2897589482274009,0,Z,D
0.2040406805142786,0,0.5285184815294508,0.011338269215392494,0.814804762183091,1,X,C
0.2603110402885028,0,0.6165744481148686,0.07580756633905228,0.224136958835498,1,Z,A
0.13508500313006466,0,0.5439391100921427,0.32075638306752596,0.535192029561456,1,Z,D
0.019035737219493302,0,0.13130115158766908,0.8691063633208104,0.3496731123141076,1,Y,A
0.19234313697195943,0,0.7028885784401375,0.713318291859918,0.034082692760598055,1,X,A
0.17478925797949071,0,0.63308464656558,0.37717161236517016,0.38077474998129823,1,X,B
0.2610063664508144,0,0.8378719459106659,0.35172400182790664,0.8417046273737716,1,Y,A
0.09322221412560813,0,0.18444019794000854,0.9492444224195407,0.4353853637301629,0,Z,D
0.18675042585738783,0,0.8600090381785185,0.6634374816904762,0.8386415569223272,1,X,A
0.25607428115245473,0,0.6812399467713007,0.12449285213991534,0.1650388368335438,1,X,D
0.2644315137709903,0,0.30983290557387244,0.8788059152782457,0.5967167381606966,0,Z,B
0.1529085318383375,0,0.5570279851130296,0.35823570877697186,0.8493874276290625,0,Z,A
0.07980447536675819,0,0.6983379023826078,0.9576634549305567,0.09511026943780543,1,X,D
0.09421256384760895,0,0.12421667497534794,0.9782058932862345,0.33591279747782354,1,Z,D
0.2633325102694778,0,0.535348661528201,0.745989391992492,0.6178354675490877,1,X,D
0.23621706416943788,0,0.4443214908568578,0.6757784908821657,0.8516664592219222,1,Y,C
0.09607831834257582,0,0.33243293237363936,0.42707130839813945,0.4387274511888959,0,X,B
0.06779084165166575,0,0.5061204732226887,0.584469979948118,0.5474804230682427,1,Z,B
0.1383819132446342,0,0.32129074964722415,0.9048042985019242,0.7580413304727228,1,Z,D
0.2411850560042881,0,0.12692415423948966,0.6150278710659657,0.983933290863804,1,Z,B
0.15801875313670657,0,0.9395736056267245,0.41166694577795215,0.25064187955056827,0,X,A
0.2506567829658311,0,0.13965923520308776,0.6879155709003798,0.22803813774820747,1,Y,E
0.16971920164612445,0,0.8675218087697458,0.006920747473288302,0.4407063879389824,0,Y,E
0.0729442757658879,0,0.10135328447943404,0.931634569464393,0.3230424380485567,0,Z,A
0.08690309698366691,0,0.6220271126923893,0.739598870017093,0.9906722742918976,1,Z,A
0.23516318619918583,0,0.4841529473432453,0.2369839759133291,0.19765416890706944,0,X,E
0.24337819132849967,0,0.6000466777101136,0.8901467088135053,0.6872731732095319,1,Z,C
0.26377805017718975,0,0.5207049820392747,0.6017967139291521,0.5885358554965412,1,Y,E
0.22095489602160023,0,0.46913053378241276,0.020028990270543723,0.5481498865396754,0,Y,C
0.150511068092409,0,0.6330770758256645,0.2951034737263476,0.5425162551966415,1,Y,B
0.15226968377814626,0,0.40351158170349144,0.1425801629905432,0.4081926928346449,1,X,C
0.2558473097919428,0,0.6785361471659901,0.9592938314835806,0.06291613107349359,1,Z,E
0.2358613346323457,0,0.06951950580613164,0.17274128701772518,0.08380394670697167,1,Y,D
0.11009794774314244,0,0.4929858162705746,0.6954746654407418,0.46266213352671737,0,X,A
0.08042918123508953,0,0.21187580842342957,0.4764876532156823,0.6011923066734064,0,Y,A
0.009930003252654156,1,0.6138974643793497,0.6173027003392739,0.8873977825845484,0,Z,B
0.10505605034657378,1,0.9176239802347028,0.6895967558590318,0.9604519342873868,1,Z,B
0.08275332624624068,1,0.24576819502207603,0.9438557814982533,0.5301191015276612,1,Y,C
0.08695758076303044,1,0.1148857468107709,0.7342392921692329,0.03725137405692924,1,Z,B
0.10572158229310805,1,0.9203827402840491,0.9803901671820677,0.3090543551874869,0,Y,E
0.09407469555262513,1,0.6493776939670481,0.6070813197646701,0.3496788559930821,0,X,D
0.0020519628578269744,1,0.8884178369184638,0.6527181248764276,0.8180955033979912,0,Z,A
0.12800129755202044,1,0.1975939613249904,0.057024379697338756,0.05690973402943189,0,Z,A
0.0025600132426422213,1,0.058532162508981744,0.42977376615100826,0.16262283248427367,1,Z,C
0.04994157912372009,1,0.6433520142067938,0.832995878644196,0.6958566917853158,0,Y,C
0.055370289447164225,1,0.8765465738317665,0.37404493888977464,0.09361530518386729,0,Z,A
0.10003707352892192,1,0.8509858764484531,0.23318543260345792,0.4265575199701295,1,Z,C
0.12194184016264173,1,0.42108672472024455,0.2822392815531326,0.47391914801392043,1,Y,B
0.22744345882175163,1,0.42935657866042665,0.6395950949264445,0.21458795606945114,0,Y,E
0.002738852768505464,1,0.9802319348433706,0.955867149482327,0.7233355606788756,0,Z,C
0.11813803910801511,1,0.8370490127965117,0.19213279129737648,0.2644129796521577,1,Z,D
0.17579207522357362,1,0.8467562224862443,0.9237942548428921,0.616325575794711,0,Y,A
0.15023004915957458,1,0.009694334678231664,0.3302468917343506,0.9917799389430577,1,X,B
9.203797562721907e-05,1,0.7467011455685917,0.3484203072015668,0.05876320531517876,0,Z,D
0.020693028077731393,1,0.8506643771203299,0.8794333376484947,0.576437970753263,1,Z,E
0.2189213573538982,0,0.5417499626875525,0.700137998106147,0.5365950879021687,0,X,E
0.2555585616137002,0,0.4297161174000189,0.15590394715735156,0.3307163589824147,1,Z,E
0.20194158446227867,0,0.5042165715994271,0.40761504301568874,0.7509320576766494,1,Z,D
0.24397192084505973,0,0.21946402862418357,0.14905831519340718,0.6115609617559096,0,X,C
0.21996688220264113,0,0.4792879243321315,0.11175768656964435,0.22439619776870612,0,Z,A
0.24899714472602652,0,0.7359813831228414,0.1405359105123033,0.080840413710359,0,Z,B
0.013366485516324328,0,0.7340603587968761,0.21280065066753795,0.768588977280771,1,X,A
0.14045834523345888,0,0.7416146765173839,0.10125800280200703,0.44856009839075184,1,X,C
0.2041252360601268,0,0.1005451599956717,0.14001415313827847,0.019001266886695123,1,Y,A
0.25768163412149103,0,0.542794908425217,0.5669479496619336,0.6702485366496497,0,Z,C
0.0709051581310644,0,0.45649018956579723,0.7976148607497574,0.9472203027841218,1,X,C
0.005358746473818681,0,0.4084167261662709,0.468975439738741,0.10065411092182042,0,Z,C
0.15812257978551567,0,0.054823546726236794,0.1324546267449228,0.6725735909044472,0,Z,D
0.23115354466965554,0,0.9004921058858727,0.04814888041524157,0.26243686947243805,1,X,D
0.14305165900938624,0,0.7138047593072359,0.7169361189304608,0.3854967555043055,1,X,E
0.24153873547342378,0,0.2510292201255395,0.4468007885708458,0.6365385357036982,0,Z,B
0.0924534154957459,0,0.19475115839648338,0.3787361147044839,0.7764918503929981,0,Y,D
0.24505402850935917,0,0.342644828302209,0.9110508150637447,0.9047298899321307,1,Y,C
0.13332067006007237,0,0.874359968092489,0.5114153160747842,0.9468288926262877,1,Z,C
0.09456340370182406,0,0.9004852994305124,0.6890112214876274,0.08321930082042195,1,Y,E
0.03045086851699355,0,0.6426441586882227,0.018341502256031816,0.6391318255274588,0,Y,A
0.09202051724787139,0,0.34825779726113193,0.767105905681742,0.7278606971816617,0,X,B
0.2637516472399088,0,0.20807781943721393,0.5374100115015591,0.27056755807393484,1,Z,C
0.09067761851245598,0,0.5211217746037897,0.3514337559968189,0.6355047058362153,1,X,E
0.2224937262234449,0,0.04694686643925905,0.9374133818222541,0.5543833348389886,0,X,B
0.2638642037597291,0,0.14633083545485348,0.19574878947850338,0.3029695161527557,1,Y,E
0.23258061153692292,0,0.15215193424433648,0.3174111168621512,0.1070047934511138,0,Y,C
0.17249629186812507,0,0.3494895423462824,0.06163039034456286,0.22385397789449424,1,Y,B
0.2669986757746604,0,0.6441395492249817,0.8226391125433283,0.519592017060854,1,X,A
0.18211683749517454,0,0.44135581293246906,0.19300843868828688,0.9893003854412571,1,Y,D
0.10031204252405543,0,0.4076668405621663,0.19162059593159209,0.3003710779100227,1,X,A
0.06961046539463552,0,0.24341310664006,0.9883677749621037,0.8022742739562336,1,X,C
0.17871063008100588,0,0.05744852187742122,0.6074739572225342,0.93024308817879,0,X,E
0.2480109843950866,0,0.7691630801200977,0.819842135967767,0.8100255222929357,1,X,D
0.265313422333308,0,0.5700112780539994,0.640940869618453,0.6052475043963894,1,Z,A
0.2113374770238485,0,0.25641651508825114,0.6466590580195192,0.8998715033984334,0,X,B
0.2254537661057367,0,0.06332395970221105,0.1658942564473026,0.74925910174774,1,Y,D
0.10522309961495596,0,0.8991576199414484,0.6759468307741353,0.4489862671261696,1,X,C
0.20004390891040058,0,0.5073147071133064,0.21696266860410085,0.35940118963545986,1,Z,D
0.14662766271205294,0,0.8092734735882047,0.21060731675892497,0.17287134152600026,0,Z,E
0.20043496082022547,0,0.26907715148057143,0.10105400049287971,0.5011967587693883,0,Y,B
0.23068693630063988,0,0.7486351381057176,0.08283794935837963,0.918776519512268,1,Z,D
0.252790841698193,0,0.06100752555860889,0.01620611254125437,0.20490159005165487,1,X,E
0.09431304407231529,0,0.564196425638204,0.7657361243154144,0.8802680066652848,1,Z,B
0.2658159634203795,0,0.5158992999678705,0.2033212735901353,0.308500173256423,1,Z,B
0.2554248119321661,0,0.3087942406056313,0.8213112196016805,0.533070605148091,1,X,E
0.206455054209597,0,0.8231843035192191,0.03520320743441041,0.9075853208225118,0,Y,B
0.1600832780024552,0,0.8195751198536344,0.17966576526481215,0.3037641761147687,0,X,C
0.13479029829418387,0,0.2692496121511755,0.15478750097640104,0.18096937368556465,0,Z,C
0.25461476776754133,0,0.11918546557883658,0.571000995470073,0.3383133856903733,0,X,E
0.26202505099954115,0,0.5053512397706682,0.21842438166281153,0.6307810900768944,1,Z,B
0.24439911302284567,0,0.9934789578375703,0.5500026620272602,0.3100114441070879,1,X,C
0.20356428043509828,0,0.8671397832537422,0.5588484695874292,0.8630299372267428,1,Z,E
0.26651817170907216,0,0.4803610828451992,0.6010210989776147,0.7313905972621241,0,Z,D
0.2567563837237364,0,0.4538163117735077,0.02466160029407871,0.42118406760518,1,X,A
0.029333091948141803,0,0.5115083217952486,0.8470375056486648,0.4901817837792255,0,Y,E
0.2464531370007908,0,0.03254356365318567,0.0652014099813375,0.459254526532877,1,Z,B
0.19852372788760242,0,0.26282528321085397,0.2584158758146857,0.38998457326526437,0,Z,A
0.0063155479079960285,0,0.14899113430319644,0.0245707107727412,0.2515930706103504,1,X,B
0.16640600859730684,0,0.03768923185232054,0.8050520931510222,0.37339505727564715,0,Z,E
0.18279827623190978,0,0.5968587045020077,0.04516028151063478,0.6488657328854199,1,Y,C
0.26668906592340647,0,0.7554331345885411,0.44335036874020406,0.14095318843005222,0,Z,B
0.10347279439673877,0,0.4956414699152941,0.46847203593690356,0.3397696003837405,0,Y,B
0.210434720299896,0,0.40287932312181374,0.10965337994737956,0.41923061372843884,0,Z,C
0.2111288481821099,0,0.6094788226178518,0.5630970298987195,0.10212491316189531,0,Z,B
0.025874139758610245,0,0.18212838472417514,0.7166677604773545,0.9061023741873215,0,X,D
0.1481736190900224,0,0.8995387424585674,0.23768828468644465,0.7728197119649027,1,X,C
0.10646568530674375,0,0.3049203721159296,0.3234636384382713,0.7933010549907464,1,X,E
0.2663934305991786,0,0.02639071736035381,0.8396129021775397,0.36790759731901623,0,X,A
0.258139083847667,0,0.6883767190060253,0.6687908163987092,0.617879334906357,0,Z,E
0.008684974447814284,0,0.7959885802974828,0.4419433763480016,0.024177884005712302,1,X,E
0.23299539814327938,0,0.7391209941856604,0.3687512245383435,0.17757354257245173,0,Y,C
0.06374076568211655,0,0.209194597395291,0.2622836571593443,0.19460124199391482,1,X,C
0.032744688515171205,0,0.16580730458319415,0.9802406240717364,0.07324613647557776,0,Y,A
0.1980501064615986,0,0.9788898638857109,0.1711936516424224,0.7168213254773524,1,Z,A
0.05278917477976952,0,0.2852503054619294,0.49335049258282493,0.7025897844730187,0,X,B
0.2656838944652672,0,0.8560798936137787,0.2731952346580876,0.23898278063624034,1,Y,C
0.266277286489094,0,0.13904462477607316,0.31783089389216446,0.7657376914670678,1,X,E
0.10977605873544172,0,0.11414757858401159,0.48167773873718733,0.3735182197361613,1,X,C
0.22046701559476622,0,0.7477579682412256,0.5808190205525947,0.454559896018339,0,Z,E
0.11247418929949143,1,0.6234390299373104,0.2468012077874775,0.6103683917738449,1,X,E
0.1659010245923513,1,0.44181463773587937,0.4886757276663989,0.4973385621921924,1,X,C
0.22644680743378665,1,0.3619483952877638,0.2384290709423521,0.007548763559866889,0,Y,D
0.02014486920698561,1,0.6434410677661655,0.8877799438442654,0.535836038505055,0,Y,D
0.21698872203691857,1,0.22587631880496284,0.39153296137693927,0.7692781860101346,0,Y,B
0.03262558903938006,1,0.6787449278247814,0.8685004854971516,0.9772963890801241,1,Z,A
0.2202723621018263,1,0.45820558338240325,0.853489755375834,0.7131289815135864,1,X,E
0.0674972642348399,1,0.5364642086278473,0.4719084112645384,0.7947199635008538,0,Y,D
0.1928043318661106,1,0.9140538183794091,0.1572395416239083,0.5210956054681096,0,X,A
0.07786328379131761,1,0.9895283416073513,0.614454397959312,0.4994428048913273,1,Y,B
0.08943475104356545,1,0.07199168795505728,0.39646152626836384,0.020758502630387365,0,Z,C
0.0018507087190319062,1,0.898766531297239,0.21184512959044965,0.06718253526701079,1,Z,E
0.0699001119920243,1,0.8946922891652086,0.4537159457907698,0.10898267528305328,0,Z,C
0.012194122703054084,1,0.7960522874219083,0.20894055817825297,0.7043143424187435,1,Z,A
0.11993301434683148,1,0.12161390211479817,0.909705341268087,0.7722021905357722,1,Y,B
0.0002617596684910148,1,0.8620198989301743,0.4717265922608378,0.5463865552207072,0,Z,A
0.15214386212437178,1,0.12195977787459633,0.0875236739951275,0.8884308430626193,0,X,D
0.11387582245624603,1,0.052417802903099386,0.7548053641747479,0.6668186311727639,0,Y,A
0.015253063751533427,1,0.8514219685702626,0.9694823996808407,0.8016299760198237,1,Y,A
0.0918969881174458,1,0.6392145473903187,0.6772409672613263,0.3470914600278884,0,Y,E
0.22980566464566055,0,0.70540431811989,0.13448400647759584,0.5074772577343822,0,Y,D
0.21044395185386358,0,0.25768595363940294,0.2404308704157958,0.9044069493908516,0,X,A
0.07033967581837174,0,0.4903176156205237,0.9710185957379478,0.9321140907340043,1,Z,A
0.23490506795590457,0,0.7886716698941226,0.027055728175794047,0.5789845424609923,0,Y,C
0.05729080600059849,0,0.4455316432389069,0.10318425663798003,0.8181204668469647,0,Y,B
0.25825440612101125,0,0.05466479029496585,0.27584728763418986,0.4924771062172535,0,X,D
0.00919267237277314,0,0.17785906860003453,0.19516016360503163,0.8842424650015489,0,Z,E
0.2648015358931194,0,0.2689320368063324,0.021632841256072788,0.9459853852462896,0,Z,B
0.11421243892633365,0,0.855897898206605,0.1895822641328917,0.10368686447097708,0,X,A
0.23332790951880994,0,0.7083128521349735,0.8695403827422417,0.3338624416630569,1,X,D
0.13981944441529479,0,0.16155825093551923,0.8923918177685397,0.592788237103359,1,Z,B
0.218592223264463,0,0.34619535295785187,0.1332555984759899,0.07504951841793961,0,Y,A
0.14242113515088295,0,0.9347572930157024,0.8803097729478856,0.35708980205271257,0,Z,D
0.12194739040478371,0,0.023236180489339064,0.0192387150731248,0.3997469185274508,1,Y,C
0.16345558367018695,0,0.2095278951727899,0.9831185195353677,0.23282330490530245,0,Y,D
0.15668601213532057,0,0.1822102073849664,0.7063559942219831,0.28079885823222417,1,X,C
0.01961222129154951,0,0.9940257532976452,0.5690799956215437,0.36554243136495546,1,Y,B
0.11358802334237213,0,0.5009801115303214,0.9268036593574396,0.8570130730461307,1,Z,E
0.03926411780028383,0,0.6026210516216998,0.7646508884665533,0.3220643757642887,1,Z,D
0.19070775932558431,0,0.11045851119540873,0.6453742652387429,0.3738187716822843,0,X,D
0.24362106193049163,0,0.5520132900296554,0.6223576337449356,0.08723055887224374,0,Z,C
0.013910026423882612,0,0.8120935508111354,0.7412493209392199,0.8178910701099602,0,Y,E
0.20762649632886174,0,0.46067352519796356,0.3958779992750605,0.5975303828926771,0,Y,E
0.0009741313454429906,0,0.9028163728875759,0.061656787741627195,0.9586252404151473,0,X,D
0.26698422098000074,0,0.10520555615291804,0.060838186233352354,0.34518726255701204,0,Y,E
0.20862941286040443,0,0.08429823877065035,0.6159503963420653,0.700098773758097,1,Y,D
0.24462367468567844,0,0.05943432119300396,0.5379378267494793,0.9519696928478207,1,X,B
0.25763728151185533,0,0.3139581680990694,0.6135298283138628,0.45467237214802114,1,Z,D
0.22769218304970207,0,0.4761813406346861,0.198982545254073,0.11148178727609293,1,Z,A
0.1764225867724799,0,0.39868332142768925,0.02833203566585396,0.6475395442818103,1,X,E
0.254572680661829,0,0.9942349192975055,0.7277401773685123,0.7783875674441222,1,X,C
0.20316270031048247,0,0.9231700141903464,0.7055096862691309,0.5983110814104795,0,Y,E
0.12563471014737265,0,0.4335714282264568,0.04691035868149329,0.7396462184515488,0,X,A
0.2302988860683281,0,0.7862925089966356,0.9632155235307455,0.665789956417299,0,X,A
0.26606753471121014,0,0.6893372181394601,0.8476620290724397,0.24818871407215226,1,Z,E
0.1825366151373798,0,0.8592167048996303,0.6942173292396836,0.31487158687578765,0,Y,A
0.11737025327581795,0,0.7510638440154459,0.2948578591578137,0.460779032882493,0,Z,D
0.11850521822508449,0,0.4641354017418825,0.6807214386851199,0.6232316495650772,0,Y,D
0.04658217186171316,0,0.4482472199624594,0.04464365135544224,0.4857785434206815,1,X,A
0.2628577712410556,0,0.3326609565638944,0.7318720796132507,0.8973731242127818,1,Y,B
0.26689277927233884,0,0.5565284517306144,0.45449963773211244,0.8693106479134831,1,Y,E
0.2435490612795538,0,0.1360662493089525,0.04098947468811842,0.7894729648372066,0,X,E
0.2669973635257597,0,0.642799520600123,0.9283864485624974,0.8660887266403471,0,Z,E
0.15821359527637338,0,0.06856152346837097,0.5930536935940007,0.4246867789192347,1,X,A
0.2635976041315595,0,0.6622648384284638,0.5856940006674347,0.14418564517339505,0,X,A
0.02287923719418013,0,0.8253213682878359,0.08666248569353796,0.6586119659273171,1,Y,D
0.2668478815278294,0,0.7249161243390797,0.12127897989011116,0.6810164749409281,1,Z,D
0.021504414709342876,0,0.5380192650946279,0.5102126301319339,0.7014278319118331,1,X,D
0.06294824304315187,0,0.9549824611738926,0.9387959681678504,0.48961171772124934,0,Z,E
0.26652484020132955,0,0.5864231520673521,0.31159792119077556,0.8331140101507954,0,Y,A
0.26640374193477595,0,0.03150473128174358,0.12103153744695894,0.07122146835086074,1,Y,D
0.02189834109816868,0,0.866710162635389,0.29960411563211176,0.2564078700969884,1,Y,C
0.2653133464950445,0,0.2966268521167147,0.3579243806963337,0.0048576831645336105,1,X,E
0.15426915458792362,0,0.34375998098027627,0.6307439711452827,0.8424671428930084,0,Z,B
0.08566890293702685,0,0.6438895270181936,0.8284922303539121,0.4921507511441583,1,Z,A
0.01646313347255545,0,0.9192545073393783,0.4172820972454766,0.6525863779384047,1,X,A
0.1601075402040462,0,0.5975310020648632,0.12805289256647845,0.3497190467913156,0,Z,A
0.1747981899258374,0,0.8142896511588807,0.514133069697885,0.7540965787358813,0,Z,B
0.0004216772357601205,0,0.182044780083366,0.9978417437091686,0.9303283307713056,1,Z,A
0.2435875705648698,0,0.9881344840983578,0.27661697596136625,0.8789731352015697,1,X,C
0.00876565402207501,0,0.08467090074924744,0.5947931378951529,0.013035241129435216,0,X,B
0.2232125604076952,0,0.22124100765421628,0.4217382916457578,0.34801780373358404,1,X,B
0.21921644707985027,0,0.6990728830543557,0.9319016324735202,0.49758045432733566,1,X,E
0.06018494857871719,0,0.3879074130995973,0.3436349222269146,0.8579256400539872,1,X,B
0.19233274607771417,0,0.6424520446587271,0.9825039459075633,0.720518579760423,0,Z,C
0.25407017032176027,0,0.34124018943339596,0.25811287139523154,0.21306058041679488,0,Z,B
0.261639131392886,0,0.939096261567094,0.7291530547018923,0.06981945415410806,1,X,A
0.2150413267090041,0,0.5073077494256693,0.606731315257679,0.2239575866450162,1,X,E
0.2666904764064697,0,0.7670800114967525,0.12384344953170223,0.37046988079377374,1,Z,D
0.25923480602195625,0,0.396431213802785,0.2421397960524646,0.27472412047740224,1,X,D
0.1967312962962783,0,0.491107850598377,0.2906160632131167,0.48978819429574694,1,Z,C
0.18353497560203555,0,0.8599111398266774,0.8319117566287071,0.5400309133942165,1,Y,C
0.13526842642604603,0,0.04509548187692736,0.826823760380232,0.16220957845036477,0,Y,C
0.1980743323253152,0,0.6406573841579547,0.6707364831741697,0.6425994855942234,1,X,D
0.1233117957943632,0,0.9070624305436361,0.1250705454201554,0.2772287987889809,1,X,E
0.07109919137845473,0,0.6325998362088263,0.18113965935567689,0.04234932645372069,0,X,E
0.1308874568177398,0,0.18671025331240576,0.27797700043895657,0.04774793441877445,0,X,D
0.20871469036644477,0,0.4940966180592803,0.07719248802919054,0.5588004272659884,1,Z,D
0.19454236909272915,0,0.7501398150973504,0.6726884103416849,0.6272282002249725,1,X,B
0.23921755838102698,0,0.7594749851391506,0.22176400444190514,0.1757048981900743,0,X,C
