time,event,F0,F1,F2,F3,F4,F5
0.19806303310772444,1,0.08459581835246666,0.7837640454649757,0.5741917794874716,1,Z,A
0.007110150305132856,1,0.889610701654808,0.3819849282705725,0.302735082242534,1,Y,C
0.22708461148138792,1,0.9519988880768265,0.07277946041889016,0.26834604858305666,1,Y,C
0.6294989772452904,1,0.33014871129201073,0.7624087485274926,0.5119467391528836,1,Y,B
0.18141009534209457,1,0.3860419190462716,0.19728204222230383,0.5508414166952993,1,Y,D
0.24494039909745025,1,0.1190853787205377,0.4836706496116747,0.8282270007742119,0,X,A
0.15691750675059465,1,0.9295899491438508,0.8527181539796276,0.20108348022612232,1,X,C
0.6304730012734495,1,0.957465055021706,0.3372127257520001,0.0794036345301502,0,Z,E
0.36775197605227805,1,0.2305078802995444,0.9326584651721915,0.3974981463067937,1,Y,B
0.3208317156647735,1,0.6950536838573653,0.5612994060747727,0.9814065823850644,0,Y,B
0.9689936650676202,1,0.534756642245037,0.3411850329824575,0.2548702791782177,1,X,A
0.39041348100914647,1,0.07490568278891829,0.4173037580952961,0.6481990864360824,1,Z,C
0.3086812119600728,1,0.2498583042766631,0.4865217744025615,0.05342390249849993,1,Z,D
0.7718820758561561,1,0.35142819250248303,0.9361644852986427,0.6694181365609155,1,X,D
0.02337753231637855,1,0.7939698421704757,0.4714636230258473,0.019581966594179545,0,Z,A
0.01204813976752595,1,0.9069090779376371,0.8786791223736575,0.9397961584143955,1,Z,D
0.9945345985810983,1,0.06692783223914067,0.759601217704896,0.3984533365447799,0,Z,D
0.32544694947407116,1,0.5813584047130324,0.4748463881792713,0.39582390206798,0,Z,C
0.007735630478618045,1,0.3145477858306852,0.8174863484060488,0.4012239967844814,1,Y,C
0.16806345901448178,1,0.11101508804131366,0.6953034601280231,0.6976522985217136,1,X,E
0.3231468463912989,1,0.7353222062999463,0.62055994248719,0.6891920495953564,0,Z,B
0.1329531117374841,1,0.2987030635695499,0.009523247706269444,0.3250859400462397,0,X,B
0.04324492499210801,1,0.10796360747050293,0.0654692888511571,0.5466704904420981,1,Y,C
0.0657261190320751,1,0.307082836476092,0.9048751578046945,0.34723705519713466,1,Y,A
0.6466817060400718,1,0.6088702770945481,0.8964693797118573,0.09370229834603983,0,X,A
0.04623741326041585,1,0.4401134622502578,0.46090022396623465,0.019072399795543427,1,X,C
0.019996899596264498,1,0.8296168627850472,0.7624242502589954,0.44233918968741703,1,Y,D
0.04198818470136825,1,0.22503906955059616,0.8793970134978387,0.31694943777900386,1,Y,E
0.315971010669744,1,0.838852692575412,0.5521545677067384,0.8807049080883907,0,Z,C
0.32321588436615983,1,0.6133820268655962,0.598020912171394,0.29046428517832346,1,Y,C
0.5334579230773268,1,0.940133425525142,0.4052553872012734,0.7785192040065493,1,Z,E
0.023284449205427712,1,0.2543423759849305,0.8264021424928008,0.49499034986582247,0,X,C
0.23850775633404137,1,0.9642388098793085,0.8272275886800725,0.5475908492720701,0,X,D
0.3717016617271847,1,0.9326836516087682,0.6020451710849719,0.10782843337676262,0,X,E
0.7133069710271976,1,0.13145459673649285,0.9671524791524483,0.6606083392763386,1,Y,D
0.06845188235134601,1,0.20785831664271393,0.5228942533965997,0.3639004064195598,1,X,E
0.4615424705214107,1,0.4050804207596269,0.07832704056408313,0.8082140177507027,1,Y,A
0.06717420680161976,1,0.2226939675495263,0.5557982817500935,0.37805047944065484,1,Z,B
0.525822184266258,1,0.6717712745432338,0.18550250087591713,0.6713628620782907,0,Z,D
0.2768405264636294,1,0.4160810147779964,0.9799724014070241,0.4494868339452902,1,X,D
0.5512593378139338,1,0.6752601292764715,0.49403773725514866,0.6949627182867646,0,Y,D
0.23588260327354113,1,0.4313107428988746,0.753127345779504,0.4393139659226414,0,Y,E
0.14964305555842838,1,0.7855675869971802,0.5161778271558587,0.1601332022411115,0,Y,C
0.5562939772201796,1,0.5840842795621382,0.8938791233655681,0.4087346848544062,1,X,A
0.3517570401332774,1,0.22684554498465292,0.6077554644967313,0.3238691758218203,0,X,B
0.6143791337314891,1,0.7356005655223548,0.5746927955401576,0.5451965353190692,0,Z,A
0.10343870334494028,1,0.38505180686580254,0.025556921262888666,0.8337497000921487,1,Z,A
0.0011289113709438603,1,0.7728566004001445,0.8564637789112838,0.12300208376552824,0,X,D
0.2637339236661741,1,0.2929749507290452,0.9201180966114432,0.6561004214788163,0,X,A
0.49432323777837484,1,0.17855119459574664,0.3539806678836397,0.7040178546659805,1,Z,E
0.08001501289473728,0,0.7662137232491951,0.5818385634000974,0.43915627216001263,1,Z,E
0.5083509433266437,0,0.7349368917531128,0.05488560871749615,0.6364335889242552,1,Z,B
0.5339705307656946,0,0.17493674360472644,0.3312780801563512,0.5059067261338291,0,X,B
0.7442161077715999,0,0.654108276928237,0.847418595333108,0.6319492844288551,1,Y,A
0.18022536701793618,0,0.612407137155754,0.1252846327375563,0.27431730479534,0,Z,B
0.6514426781993405,0,0.5692840003585451,0.6680927084079358,0.39479797270894124,0,Y,B
0.10741763809649738,0,0.373327022091581,0.044782780233134645,0.25914531320113754,1,Y,C
0.789996439137065,0,0.42074039798978113,0.08384805028097753,0.10316300902023867,0,X,A
1.0796898319219048,0,0.02598978172806088,0.6405189545573855,0.32708581665032843,0,Z,C
0.5657892335062806,0,0.6687523517863458,0.9994025716791659,0.5609224499375847,0,Z,C
0.932346970508169,0,0.23694970957203965,0.3427670315643335,0.09296190538008253,0,Z,D
0.8204955549059082,0,0.5934198705602495,0.15128313178619923,0.9344317208565474,0,Z,A
0.9412009931372919,0,0.9658994441011811,0.22701153180252487,0.5477831228364071,1,X,B
0.49515527148922295,0,0.22576415433917896,0.7955714044056357,0.8473219700738392,1,Z,B
0.6256893763097625,0,0.7312573775060822,0.6029554374250959,0.41709997194597914,1,X,C
0.4531777392639752,0,0.6392084244163208,0.6541009432920727,0.9910297995835502,1,Z,B
0.24390892506249387,0,0.31651121474626165,0.9679569297343574,0.21008594712694784,0,Y,C
0.0854214819146008,0,0.508295726947559,0.9871469573199997,0.29224965755343746,1,Z,A
0.650723532824033,0,0.47018934237661936,0.694189069450983,0.33223044193703943,0,X,A
0.8807321758701447,0,0.2936528852109114,0.74018597076209,0.4814892246627631,0,X,D
0.8659781313480104,0,0.8400280864693045,0.032703270834897435,0.8110135328128227,1,Y,A
0.29765128979000965,0,0.6542938453200832,0.5201293972800317,0.61127869709329,1,Z,D
0.08916033255489718,0,0.6900312541681985,0.3486000535282223,0.1959994878339758,0,Y,B
1.0643621874734888,0,0.9468890065185268,0.9761717926217878,0.49299212185281804,0,Z,B
0.2714100250930542,0,0.44298516449196224,0.12832176171899312,0.5887995557957753,1,X,E
0.04257415864779095,0,0.6175306539600115,0.20679042288037763,0.3984510934421859,0,X,C
1.074966125143883,0,0.12657073600814894,0.5023937820961929,0.45915395157497396,0,Y,B
0.4887480630779176,0,0.01600637399079241,0.9238425283740783,0.530020364240399,1,Z,C
0.29439645072279147,0,0.18750343089386068,0.5261381670240449,0.5487346054538087,0,Z,C
0.3100425372529015,0,0.5613471032936009,0.18627763978024137,0.9310745614763828,0,X,E
0.8681563785273553,0,0.26019990753391986,0.48247452700123905,0.5942590264373876,1,Z,C
1.0245058860672016,0,0.5397313435141425,0.0611547428650715,0.9335538987397527,0,Z,A
0.6138718482938859,0,0.8388911759890021,0.6012081340822035,0.3122140795816172,0,X,E
1.027106779639923,0,0.9362324715548411,0.4556474399909033,0.7981366035813605,0,Z,B
0.8278662055822287,0,0.2528318521362871,0.10538120760319869,0.9955659931847523,0,Y,D
0.910443529407475,0,0.09802999399401358,0.8083664124575635,0.8740624028967036,0,Z,D
0.09392891454332336,0,0.12992338104767998,0.852095299734077,0.723998380916144,0,Z,A
0.01163463398677493,0,0.5555786211935776,0.5055094590573632,0.6931049113099915,0,X,B
1.085340401087138,0,0.9252163987704106,0.16257175988355899,0.915119841170016,0,Y,B
0.6780609549281779,0,0.6168195579637158,0.7040383840018651,0.7312349202211526,1,Z,C
0.35654757371498713,0,0.6493960867879205,0.08410027047665825,0.09600538812443915,0,X,C
0.18923478772715743,0,0.08270130967710698,0.9149943419441434,0.19643669984801404,0,X,A
1.0276784688797491,0,0.869110382419054,0.07413079448693183,0.7394015192348312,0,Z,E
0.2822531411022143,0,0.378681129601932,0.5673965429881396,0.4840253252792466,0,Z,E
0.3098565961839901,0,0.19253111191678185,0.7027732082036612,0.14030212567613976,1,X,A
0.511425188220431,0,0.04785881565191419,0.7447971665430202,0.5005809471073994,1,X,A
0.9963273979553573,0,0.8019037369926263,0.5693346068176335,0.4473040990403816,0,Y,E
0.7011849007853198,0,0.29694549288845884,0.519312830993741,0.08649558331017182,0,Y,B
0.18135014879452022,0,0.6015171235256936,0.5878249426144175,0.867590199679876,0,Z,B
0.006288683327954466,0,0.48640110166386563,0.48686165250607905,0.9088798586912945,1,Z,A
0.39706851774626034,1,0.9865278475712742,0.31878134655679347,0.893958031714818,0,Z,C
0.0861744267629862,1,0.39426923741765685,0.8639725179063117,0.42727424109042755,1,Z,A
0.1304367831007057,1,0.509100048185874,0.4674768536519692,0.708752290712066,1,X,D
0.08997249247130241,1,0.7975500654275858,0.12992596754814423,0.7287317534837687,1,X,E
0.35939422458685366,1,0.40293322869452386,0.41710819596101234,0.7746910918882082,0,Y,A
0.35074391833920887,1,0.21703840155914234,0.45018041333940895,0.044911458132235293,1,X,B
0.7056031876134401,1,0.11361635439529583,0.14668605177394523,0.6170237445476174,0,X,D
0.24023277302472085,1,0.9761153559807286,0.10285104267124301,0.19459340170112005,1,Y,C
0.16233803084481185,1,0.07910577137956565,0.1266885199741561,0.6308553334707755,1,Y,A
0.44120086979696266,1,0.6330682788946571,0.8581013656925272,0.16810821455109082,1,X,D
0.886093781293028,1,0.08184971485947012,0.6792524576593856,0.4590031358412149,0,Z,B
0.4221466641856868,1,0.20765546269177027,0.38602277057733014,0.8520919361336651,1,Z,A
0.3498550410534771,1,0.21140690906109483,0.24443912622584196,0.08247385012566155,1,Z,A
0.07507401707326142,1,0.2820158623199751,0.6365304212671384,0.6937703045844157,0,Z,D
0.7596185805367729,1,0.9447991161654303,0.6065952571703803,0.205528229993869,0,Z,D
0.21821337408652852,1,0.04098741092306246,0.6333066601499171,0.3842913685877347,1,X,A
0.4325418013949116,1,0.9995386586639007,0.6420120669279487,0.30312566764801985,1,X,E
0.056872455371739475,1,0.9202686951413487,0.42829222889425933,0.7888902765620774,1,Z,C
0.05259890777317037,1,0.967499321025953,0.8808308565672357,0.07763887656706159,0,X,A
0.34147651923049743,1,0.7671369088779665,0.3640830078452427,0.13086764498079373,1,X,A
0.8100531026049217,1,0.4648395320398093,0.7269253463452847,0.022900375624446467,1,Y,D
0.009225656919184939,1,0.9871591145620684,0.4012174104743127,0.3401922807289578,1,Y,C
0.21126049964109128,1,0.23896020922572103,0.44013760318818973,0.473114993913625,1,Y,D
0.06653288331395207,1,0.7138242722752366,0.5993649473635186,0.9113275390471941,1,X,D
0.5571706140513525,1,0.10777369126181091,0.003253148712737297,0.25653275528307606,0,Y,A
0.22292985997567263,1,0.8776549477458905,0.1739701508993966,0.8697103029536843,0,X,D
0.28875236109729335,1,0.5896349921556927,0.3603293710798363,0.09867117640488987,1,Y,D
0.06839748215479928,1,0.36317407549877156,0.49469386515455793,0.768839430173114,1,X,A
0.04785240053011531,1,0.8481654859881408,0.8044926140596736,0.3537735239042661,0,Z,D
0.0478520759302454,1,0.6780609785010163,0.30829211758679,0.06082492439480136,1,Y,D
1.0767168401515375,1,0.7492597802520238,0.8806290179566153,0.7797629843803561,1,Y,C
0.27330826853637413,1,0.823766605617451,0.12743583207274534,0.5099368250446127,0,Z,E
0.3830873915063218,1,0.6345533377418907,0.3399405932568713,0.5745260857210129,0,X,E
0.6506820254628131,1,0.7894596807347948,0.256606297646907,0.9245897718562192,1,Y,E
0.04890689491931937,1,0.37655024827906813,0.8093919998743219,0.659633137442255,0,X,C
0.05812007917776283,1,0.6673402688881221,0.34487586930799596,0.9835372494195007,1,Y,D
0.4252259982215627,1,0.6510654252918098,0.6492388162493937,0.826933272278478,1,X,A
0.3163080180312192,1,0.48587943536973266,0.9557992533634694,0.13980208809671735,0,Y,C
0.02049423772044244,1,0.1524789333853399,0.09886070509815004,0.5588375005011413,0,Z,D
0.7584075136904813,1,0.3457822369423965,0.06365435200269198,0.1876611065533822,1,X,E
0.09162168978814787,1,0.8639416123558618,0.5587776362989972,0.4954026817889109,0,Y,E
0.01490601130087152,1,0.815969223844514,0.7428279094248574,0.17083108280029824,1,Z,D
0.5010140421653373,1,0.9345758064556567,0.5382015042072912,0.8383290259041677,0,Y,A
0.7560888129061406,1,0.06506777123975194,0.4623705766762548,0.3358047819972674,1,X,C
0.232503254185095,1,0.2734902829939878,0.8570151301067612,0.454401341557642,1,Y,D
0.13513980157594122,1,0.011939097720682246,0.3008722702904757,0.012984697160444258,0,Z,D
0.05357200213726786,1,0.5621348521153533,0.01912242682704668,0.811550691756233,1,Z,D
0.012914301810006919,1,0.28485301743280644,0.8917343960759989,0.1302239828867241,1,Y,C
0.5081712967158096,1,0.4592683670985108,0.2229925570264516,0.42788345860136734,1,Y,A
0.008652771870830276,1,0.8304708892914839,0.0724889763503288,0.4251500462383512,0,X,D
1.082058982500343,0,0.21486147112620013,0.4670687190340218,0.7839072105403074,0,X,E
0.3850215932604701,0,0.6377450473787597,0.2324007769539852,0.30531463134074854,1,Z,A
1.0384809123398728,0,0.6624582993887188,0.830350396928883,0.87204959686842,0,Z,B
0.06820000943030317,0,0.8449834186690575,0.9478597215097766,0.28004452918363765,0,Y,B
1.0679141571505304,0,0.4701300046281329,0.9357846285491392,0.21414261770155163,1,X,B
0.9230117946701828,0,0.11892573034193532,0.9395369728134121,0.32125878834457966,0,Z,C
0.832387899276481,0,0.15159126259775524,0.923535714895977,0.6084724985397468,0,Z,A
1.0336496785798384,0,0.2341156762084048,0.4824423781413465,0.9738980715781316,1,X,D
0.2498139519250434,0,0.3253296368655514,0.8192146417638171,0.745642188643977,0,X,B
0.4973542695196432,0,0.37338092924640565,0.03714000346829138,0.8369903646540361,1,Z,D
0.9333169862545445,0,0.6658599217947156,0.3200668646398839,0.25236657745209135,1,Z,A
0.97993539023079,0,0.6474627211490632,0.6955416266988971,0.6977475640586235,1,X,A
0.7322723108800319,0,0.6587331173745409,0.10238444115254097,0.5237516238216836,1,Y,A
0.8660215623222531,0,0.5835625046484713,0.03957322072613256,0.6316494664945939,1,Z,B
0.5367871218747892,0,0.5210252952402605,0.752356130080857,0.8225527245978639,1,Z,B
0.42531534919503455,0,0.634725956000996,0.6729037992115509,0.5207601195584695,0,Y,D
1.0049458541993594,0,0.20432884015158026,0.7592667716982002,0.5882058193725936,0,Z,A
0.2755901844618859,0,0.6371980318344094,0.01317933674851579,0.42225202900667735,1,Y,B
0.8700112960248132,0,0.7301962057511484,0.05939368244433163,0.24202884876388508,0,X,B
0.8749218910613796,0,0.4710553780368216,0.9876916437616046,0.4698070363110233,1,X,B
1.0858601113940534,0,0.43346336316188694,0.15337462640062494,0.7448945611322206,1,X,A
0.34521602023682535,0,0.9027632991186842,0.18566463798108546,0.35454030267350334,0,Y,C
0.22510511670218097,0,0.6439006259429207,0.911363123815323,0.08233067247611581,0,Z,A
0.6475453147370043,0,0.1893132981068264,0.41920857885428264,0.6585864724733101,0,Y,E
0.04217086611244659,0,0.38152465087420284,0.5807867538904731,0.5254076262813571,1,Y,D
1.034655620939937,0,0.692886416773498,0.5573351413374804,0.5529295593433405,0,Z,C
0.6394593882011599,0,0.46257587157737357,0.25694616151154936,0.7265100166961644,1,X,A
0.44109789917819925,0,0.8347952793461042,0.9543706605922629,0.4866144669088449,0,X,B
0.36762390061798567,0,0.47758126568001424,0.7538282877465745,0.9031087087306929,0,X,C
0.9980148367153338,0,0.1545753336234309,0.30807037929253633,0.6669879614362672,0,Y,C
0.3194401867913872,0,0.10447347739640955,0.9410620517326179,0.8006712498353821,0,Z,B
0.8225096015020374,0,0.9889589157281892,0.32100679402884014,0.9640850758544811,1,Y,B
1.0578508021223336,0,0.45832868587752074,0.8904062182051408,0.36515427579174853,0,Y,A
1.0404098926023004,0,0.7135875919561775,0.5423935012783936,0.9320539096589233,0,X,B
0.9334452008528085,0,0.4706876441423353,0.7066121944158923,0.0209385465250711,0,Y,A
0.16990379077730708,0,0.11822563926222684,0.28415179176907035,0.3449544246346802,0,Y,D
0.6341942312276241,0,0.49570117801729374,0.19692599061372273,0.848116371057515,0,Y,D
0.47098098015021345,0,0.24859361991483242,0.14668486358567523,0.405482902918312,1,Y,D
0.48849348244257995,0,0.5877654814799941,0.4822826100350266,0.6556406584414524,0,Z,C
0.8735221889998444,0,0.37378272622082176,0.6174593060678285,0.1792676609881313,0,Y,B
0.20266973454326923,0,0.16299168135418218,0.7382835331640829,0.08279691050889604,0,X,A
0.3666955954870463,0,0.2891644751005673,0.11562448301029382,0.2923572082283573,1,Y,E
0.6544671421557675,0,0.4797586230578348,0.2058829952938488,0.469999816081468,0,X,E
0.8497318900429317,0,0.5886741253450725,0.13325041772144475,0.5329314387962619,0,Y,A
0.43227054786306224,0,0.8529340224643109,0.9077919710223739,0.03319353066133646,0,Y,C
1.0709430815247791,0,0.7305860530407824,0.7629437975118125,0.06629056314999127,0,Y,A
0.40681364896969313,0,0.20425070645877208,0.9482757275339024,0.5266692196182979,1,X,A
0.9012578650381494,0,0.2666027168564985,0.8847457749160679,0.4236055309119704,0,X,C
0.9977471820963196,0,0.7121343939338192,0.3061636136909881,0.7200788514290011,1,Y,A
0.20974694394537657,0,0.36232289188677136,0.12848021642524132,0.23589841131133094,1,Y,D
0.8217979402636105,1,0.812490572719697,0.8000477562913888,0.4780243115281021,1,X,A
0.3466600391771172,1,0.7142587439422345,0.6693435134826146,0.4362972419775428,1,Z,C
0.4970836882108711,1,0.7736724849745887,0.09853256948059319,0.020563322655658856,1,Y,D
5.730893204671716e-08,1,0.999709480613327,0.9189681241659471,0.7263585352672108,0,X,E
0.9348295387998016,1,0.014102923274467827,0.6765244700620119,0.06983262458135331,0,Z,D
0.6910778169447858,1,0.7328267309081538,0.5209663752759413,0.01335827585150906,1,Y,C
0.42935288688804607,1,0.10955810363542451,0.5277062954713365,0.8470484705052381,1,Y,D
0.514611802891748,1,0.2574642538737354,0.8476753808495084,0.7156511009939432,0,X,E
0.15014441295174907,1,0.8060807740845749,0.7386093760033028,0.22267436621398584,1,X,C
0.18555586979073588,1,0.38924362620066455,0.10039303143193168,0.486343363209079,1,Y,B
0.4945897842592056,1,0.7889365051319088,0.48441080371419576,0.700016317352773,0,Y,B
0.7379659888374064,1,0.858107696355739,0.10051767237547082,0.8981387693837493,1,Y,B
0.09060949942981678,1,0.29617455583536145,0.17852040551475812,0.5637370775403255,0,X,E
0.015289545927100783,1,0.9859803561163085,0.9410850947763131,0.8563010957325389,0,Y,C
0.548886436941714,1,0.26132977747760433,0.837582722229269,0.3395851870784463,1,Y,E
0.8555934434340468,1,0.13024885429278055,0.2229051201416804,0.504859408822966,0,Y,D
0.5179121371602108,1,0.5606432368744299,0.2924761049909842,0.050219086756286835,1,Z,C
0.2107749396918518,1,0.9586594363290613,0.602915251601174,0.037715700577980016,0,Z,E
0.23763756806208153,1,0.39095202710644295,0.5624560310665648,0.27847797463976753,1,X,A
0.10404363517967542,1,0.9672928052756452,0.6149273496047685,0.33378921391939287,1,Z,E
0.021414053710252835,1,0.43501098895098544,0.1087072060530565,0.2624225256861077,1,Y,C
0.5227674604410959,1,0.005480682309046303,0.7348660070978328,0.39308049526676436,0,Y,B
0.5832198156154855,1,0.36533968790503757,0.8580449603837401,0.20197010043884212,0,X,C
1.0552740247083363,1,0.17895490735650033,0.2878216052175512,0.05967676787938192,0,X,C
0.029356817154082518,1,0.10469165090465371,0.45960665345124585,0.08398624307728308,1,Y,B
0.042181405887797195,1,0.26020287098974526,0.41487544668752974,0.6252454482824741,1,X,A
0.3225789759563939,1,0.6228515524977437,0.31679708419041164,0.5570304060544883,1,Z,D
0.4383664492733475,1,0.4169703043085671,0.32344237612959503,0.650092458418596,1,Y,B
0.9928235918089545,1,0.2698820648067488,0.4980650924437041,0.3015877793706232,0,X,B
0.2415178382280053,1,0.08577430076933079,0.9792144579596792,0.06732517423041207,0,Z,A
0.11295657447105834,1,0.34490028022884467,0.9838272359884218,0.08637742744692467,1,X,A
0.2793636210815651,1,0.5210962455910075,0.6274333046815908,0.6098336642068627,0,Z,C
0.44598855029004353,1,0.48563804433876856,0.5576889522188812,0.15361122203426825,0,Y,D
0.19442561805226552,1,0.9432495906556807,0.31212951412504464,0.9668523515969694,0,X,D
0.7076761057180994,1,0.7142963377344528,0.5179151827832299,0.05856255638493535,1,Y,D
0.10494082696959853,1,0.8520408037137366,0.058850687839461346,0.31452655333472457,0,Y,C
0.3053828161883775,1,0.628086487580526,0.5661983588495287,0.40571019000928343,1,Z,E
0.26871901640229556,1,0.9469927204445412,0.7056250606960685,0.08299895870857266,0,Y,D
0.12452304403687633,1,0.9121251785451746,0.6465064363753045,0.07717933406182265,0,X,D
0.34850171789127427,1,0.15138486258015804,0.16967279266852686,0.5368716721780415,1,Z,C
0.13535946910001462,1,0.05272412848647201,0.3592741240410693,0.1316600235263372,0,Y,B
0.2996495225641345,1,0.8051904560769748,0.35514234597567473,0.36491544659660413,0,Y,C
0.11667122422775875,1,0.8363048264830912,0.551368612489055,0.45992749194283267,1,Y,A
0.5920952983620337,1,0.8838107540166946,0.09021719577461029,0.6016039867020374,1,Z,C
0.17363578823569092,1,0.4477275580050517,0.12712230125147028,0.13167781449790272,0,X,A
0.2822593482340696,1,0.34180336167476577,0.8957261610620307,0.12291308039428472,0,Y,E
0.4306143810281721,1,0.9354569412807593,0.7990453337950021,0.11299887436389988,1,Z,C
0.33472601147773123,1,0.30651805765597195,0.7123254848898737,0.9884389694145584,1,X,A
0.516132500891983,1,0.008318430417513678,0.7155360148174996,0.3631315732563035,0,Z,C
0.2139507089006251,1,0.09452711627295018,0.4018988295646776,0.899193505995099,1,Z,B
0.0980749937378275,0,0.35446912842875766,0.8582283586164954,0.57221051093712,0,X,C
0.27455702951620187,0,0.620859695541962,0.6257199039484115,0.7559995092985144,0,X,C
0.49577753659299106,0,0.1607363443044233,0.7851316662056618,0.6878740755248761,0,X,D
0.7078109724221848,0,0.3742335742152888,0.22419530853394176,0.6997735095088954,0,X,D
0.1396367721124059,0,0.6809031721503617,0.7773770961599893,0.8148004220611165,0,Z,A
0.6738853824942593,0,0.36407489386268865,0.7363879416723431,0.05939658090020572,0,Y,E
0.22736797891292165,0,0.6688988054069336,0.845438580532009,0.12791914483505373,0,X,A
0.0962771430608806,0,0.8279945785736033,0.6246711360286489,0.20931816778525913,0,X,C
1.0800079274923782,0,0.4600261405726155,0.9395127976644526,0.209522766220831,0,X,B
0.3550019954857157,0,0.6365332816213775,0.4837834567338677,0.3359735120334201,1,Y,C
0.5076441272541702,0,0.5616825055238343,0.3562424134918827,0.6978598106086986,1,Z,E
0.7976468879443813,0,0.17506324940756024,0.3986316380361792,0.12114461392806863,0,Z,E
0.22712623746152075,0,0.6977962673290745,0.4697238671588416,0.14022244575938958,1,Z,D
0.7973687059794861,0,0.12770279074946267,0.9188896570689833,0.9778317641728175,1,X,D
0.9730823314942003,0,0.1851131696691215,0.43329148495505443,0.323798373431577,0,Y,B
0.3240080625772894,0,0.0010791488729926524,0.6767703806035823,0.36856479519558283,0,Y,C
0.0755172246592035,0,0.9267665934416552,0.9724902235335315,0.609749097368013,1,Z,B
0.12810349670437476,0,0.3915215560663141,0.9444644840703974,0.608216730937255,0,Z,D
0.0988927857085363,0,0.011201557494972647,0.5722176379535104,0.2286695385060491,0,Y,D
0.10804107210580169,0,0.8098722305547856,0.9706434928560953,0.6609943559235922,1,X,E
0.6005432498226994,0,0.5051873807337125,0.6971561943302188,0.09130122994676104,0,Y,E
1.0004641086703772,0,0.8470168156018426,0.569225852986821,0.9117306596821365,1,Z,B
0.5879950474689469,0,0.890253341833554,0.889708788973891,0.13301727161392973,0,X,E
0.191257635448668,0,0.7094754453511888,0.6458634134613714,0.8156792672222403,0,X,C
0.7157012283214882,0,0.058904028584419454,0.48554361540767565,0.7454570849139149,0,Z,A
0.35251481296136994,0,0.2271018431153452,0.06342415210174468,0.620312905924929,0,Y,D
1.0417117115174719,0,0.668658354476697,0.1870559605118589,0.9502596038322036,1,Y,A
0.26960260894379035,0,0.14629228129647998,0.2124017027136903,0.11340027693829291,0,Z,B
0.8349854401965163,0,0.8340088432976372,0.10587118617154578,0.42969420379956325,0,X,B
1.0845717326433892,0,0.6666581945256516,0.6373094323105329,0.09825407392987251,0,Z,A
1.0856935329693167,0,0.2600082918542044,0.5993638230552754,0.856045932511439,1,Z,E
0.4245618204517518,0,0.8951722990021724,0.7922822145775713,0.3753447608925823,1,X,D
0.5025179677437146,0,0.42187136295218175,0.2267905036561585,0.8516820648064972,0,X,B
0.22333453690963784,0,0.01856113262117387,0.8993660510083078,0.9839828497516273,0,Z,D
0.9879157458100167,0,0.4832510103382711,0.19616000196937589,0.36552446908986014,1,X,C
0.8831559049958272,0,0.12417257329854281,0.8781646729671077,0.08150848126276589,0,Y,D
0.581359692939415,0,0.7055200415037661,0.057364845199382675,0.09339478741514273,1,X,E
0.8801952850525839,0,0.5043602336984834,0.9776994836457044,0.21852742067162634,0,Z,D
0.40683418218330214,0,0.7205337429172202,0.5003941705570726,0.1021302210718048,1,X,A
0.9193573011785448,0,0.8069406375767427,0.35273870974360044,0.2868968867693684,1,Z,A
0.11752851858504625,0,0.23377935197554767,0.5986070977830719,0.6560076074867119,0,X,D
0.06473027515518288,0,0.8218924870927264,0.8762425255942431,0.8701212608293555,0,X,E
1.0571512509839667,0,0.04484841901460801,0.6006507131246898,0.9071182095310288,1,Z,A
0.9802926946759427,0,0.5975952342145596,0.08575392046959396,0.5754865981053998,0,X,E
0.29237497158610687,0,0.6765280767638113,0.36279990821001695,0.795766839599274,0,X,E
0.2073586211232136,0,0.7061927143043958,0.5807577790362932,0.22753360713675042,0,Y,E
0.795032446766023,0,0.16034062572202679,0.9733110020978171,0.80317469525617,1,X,A
0.2231150049583992,0,0.15967337750485455,0.1928725357101937,0.37874729167329313,1,X,A
1.0210977129660483,0,0.1471128748906948,0.0895686482958542,0.11302082905079913,0,X,E
1.0701544447900015,0,0.09674998715277838,0.5602010741233303,0.8815599398305948,1,Z,C
1.000029261757663,1,0.7228594786681014,0.7065519950327257,0.6327862192580868,1,X,B
0.11279391287961521,1,0.14879776425473967,0.1529379672664153,0.1183991058596906,1,Z,B
0.41442649397775744,1,0.9305138791111289,0.7291541742231671,0.9714463515830294,1,Y,C
0.8756697041313706,1,0.45414734003510937,0.05957851881517173,0.0947986528785989,1,Y,C
0.6205527696617523,1,0.6485045282378874,0.18016716874941752,0.414551362248916,1,X,A
0.0553756815902837,1,0.8014594517871281,0.32474286279357223,0.021160990309802452,0,Y,D
0.6027997226866796,1,0.9584962958577898,0.04220196508665286,0.9896165907797203,1,X,C
0.8340997837157527,1,0.5530556696483415,0.6328168066544315,0.6613513951849278,1,Y,A
0.29342074785346905,1,0.9800735607896676,0.11761264257645432,0.9260341557376023,0,Y,C
0.6797295108364368,1,0.570028572723138,0.49626346620860584,0.11779992415960672,0,X,E
0.06864412872376174,1,0.8113106339967605,0.7662516528789248,0.0746654291266794,1,Z,B
0.2500047816959605,1,0.6240390212083775,0.6421472789443597,0.2775524633487134,1,X,E
0.013939040008372804,1,0.9577725042015255,0.9745132380500744,0.08393497307027797,0,Y,C
0.005975902649038918,1,0.41361292971214736,0.8299686495216424,0.7290456185390871,1,Y,B
0.1507532977198874,1,0.3400309195641128,0.7322842105483266,0.762443078827232,0,Z,A
0.09691570321265228,1,0.5496871359711131,0.7841569093076076,0.00879641035926193,1,X,B
0.01621870518485971,1,0.9647216415678467,0.8142470629690123,0.9973305789307604,1,X,C
0.3289187739666231,1,0.40853446621347045,0.6861451772344609,0.27935650538238,1,Z,B
0.019873802751797044,1,0.2164316326463751,0.905159482248852,0.18920610612391298,1,Z,D
0.18421721486282877,1,0.09609703852467744,0.05606800559373437,0.10577512394764776,0,Z,A
0.30203652234171585,1,0.9532122657461053,0.6129670510175461,0.865922363565094,0,X,B
0.30701394249619657,1,0.346097643330013,0.48550649271468826,0.12039622183614385,0,Z,D
0.6061445061309072,1,0.859951972029539,0.5542237328476417,0.1479092111125152,0,X,A
0.09678695931402467,1,0.961508396002927,0.707399497477104,0.07407534316929876,1,X,D
0.11758616912672984,1,0.8832940476755459,0.08418718051080476,0.5929549543194211,1,Y,E
0.4036200928896357,1,0.48448376344636235,0.6959965977702647,0.18261618364873666,0,Y,D
0.005115246218136298,1,0.9451379209017405,0.8530520651259266,0.02937426027662149,0,Z,D
0.3742871053615936,1,0.30372271207191226,0.14044588662007318,0.5132326628660342,0,Y,C
0.49175887660672196,1,0.11393547456270936,0.2227045770215368,0.28349087533261674,0,X,B
0.9300358894505159,1,0.27702658551491777,0.581023873120401,0.4444888394294454,0,Z,E
0.4126818320681008,1,0.8429725804226347,0.7889384753960756,0.3469836653868307,0,X,E
0.2941469625222898,1,0.6322465658312362,0.56600056296628,0.19275155549665735,0,X,D
0.1870768814195775,1,0.832944222758325,0.5350408449814115,0.7923215713781678,0,Z,C
0.5086639184039864,1,0.7851780545301896,0.49147477272895856,0.2940166879038204,1,Y,B
0.41828043575906204,1,0.16918306969359265,0.11805307679384391,0.7762917504877352,1,Y,D
0.15864796351420637,1,0.4748616815916131,0.3046495553619266,0.9501303938117686,0,Z,C
0.5883635022521757,1,0.0863270924214703,0.6841158577010547,0.4603637477485336,0,X,A
0.31127658879711856,1,0.946259124311066,0.07814350209694076,0.8968718595128201,0,Z,A
0.220292319278123,1,0.867643666325852,0.5197434536009531,0.8122883299822419,0,Y,E
0.05012205163929399,1,0.9380987354764498,0.8098399440215194,0.44125059067937966,1,Y,A
0.5256037697240444,1,0.988501495595714,0.4430082450628613,0.9979544527603971,0,X,B
0.5701522074833537,1,0.43634626295195367,0.3698663179247367,0.5199559211190118,1,Y,A
0.6876897851528792,1,0.5282531446400274,0.5682289111940503,0.6435314363567461,0,Y,B
0.3026271037399803,1,0.48312133317634487,0.48659786055104126,0.9864378201923171,0,X,B
0.30384334033018406,1,0.8473780785042789,0.8676073388907571,0.3658170875606218,1,Y,B
0.1048277308784607,1,0.14261977325109076,0.9362798448288394,0.9704582621933862,1,Y,B
0.23268606354137572,1,0.1782726331736838,0.4950708735510061,0.9479226001348282,0,Z,D
0.25495768830958415,1,0.43280792960813697,0.06474166156082439,0.40278840022648355,1,Y,C
0.247790425244122,1,0.9458244209759852,0.5354407260584678,0.9140254819772066,0,X,B
0.41433830905942526,1,0.3274956222580121,0.0625973785546331,0.1684179118692618,1,Y,A
0.8191213538010647,0,0.6098414390010753,0.0350048658031632,0.8434490763994382,0,Y,B
1.0783258832620028,0,0.30072102407904044,0.00020528636692507263,0.3853467759771452,0,Y,D
0.8916066044442963,0,0.9556851547088165,0.49911287550835504,0.9172219663020326,0,Y,B
1.075165536923088,0,0.07927036863252457,0.768730969559956,0.1546537918935036,0,Y,A
0.06416940799760625,0,0.7689064725253985,0.2873964320815978,0.8566934934931354,1,Y,C
0.172465750154778,0,0.21669476166315393,0.7095988067378982,0.5045899869375062,0,Z,B
0.9863392737204383,0,0.8971334949813254,0.8110664977818763,0.9306315732285589,1,Z,B
0.399389122528067,0,0.31134502709480727,0.7267822912604909,0.18637384430278636,1,Z,A
0.29838150609464714,0,0.7937334185976876,0.9617558755650165,0.7550729367839585,0,Z,E
0.7027806144249883,0,0.5242193637812982,0.34819240001191065,0.46709271448659984,1,Y,B
0.43257221913075666,0,0.5175685807780351,0.25395805514344316,0.0019698337424731704,0,X,E
0.3910215446637372,0,0.752498509875903,0.21266610772226135,0.5541790291057236,0,Y,E
1.069252636249586,0,0.06902625384445893,0.5508982058369464,0.502698582996227,0,Y,D
0.8915727473059605,0,0.5717168464667647,0.8695517966713252,0.3297481366117081,1,Y,C
0.18216087584898843,0,0.5934446637357224,0.5892131639183901,0.5475267748688566,1,Z,E
0.119849416921969,0,0.2233106820385411,0.6495962760603007,0.980528738911334,0,Y,B
0.42846254079256657,0,0.055872214896973804,0.3651813979394377,0.2630228478215163,1,X,A
0.404862843867642,0,0.38215350057427766,0.33889422382724066,0.9087032773723377,1,Z,A
1.0817251955450502,0,0.07679429660172965,0.6430625012834219,0.37304536553549983,0,X,B
1.016103327848575,0,0.4120777941356363,0.6941648047684328,0.637836485381388,0,Z,B
0.7295261459033079,0,0.9801020019724489,0.004177447402181289,0.860971950307854,1,Z,B
0.10895719643613071,0,0.7790693847929808,0.3091571556449748,0.4367561454764235,1,Z,B
0.15311983672796628,0,0.3475312985055624,0.48401012985775704,0.7064694003477305,1,X,C
0.7223538892874726,0,0.35301797599634344,0.8984373492730605,0.8929990100626408,0,Z,A
0.0368011631396794,0,0.5609779415259405,0.5983118860863597,0.5612418952354125,1,Y,D
0.7899776084449956,0,0.7453292436280303,0.5235673838801632,0.5789661278655074,1,Z,D
0.3044834120666785,0,0.16690613683626532,0.37781367399016963,0.0634828037753713,1,X,D
0.9529125349802374,0,0.5288685141284782,0.6428142802117527,0.1697716786077793,0,Y,D
0.6466293235945584,0,0.8400275684949828,0.8173907975597031,0.8503338997424015,0,Y,E
0.288048443391361,0,0.2208149145261914,0.45892759065621147,0.7429983499122365,0,Z,D
0.9155378291647258,0,0.39645137468539693,0.8055327613086057,0.1215239522298045,0,X,C
0.3260234065174524,0,0.04260788400548343,0.46723440062784827,0.3018939270711629,0,X,D
0.5966846954376358,0,0.6937372126128479,0.463102804702333,0.3385285590417013,1,Z,E
0.7519356950243413,0,0.4958422746583435,0.3275133152484424,0.41053661515834405,0,Z,A
0.820037756848673,0,0.522784107752046,0.22172000089335342,0.060769538727713734,0,Z,E
0.4861812152705904,0,0.7577887980900024,0.7112020188581505,0.044891731512578636,1,Z,E
0.731561818610037,0,0.7683748151473129,0.9928352257592471,0.386802103166221,1,Z,D
1.0037269106801463,0,0.518716369468248,0.5319317338935269,0.4352745376175404,0,Y,C
0.23764967554027486,0,0.492465671002535,0.6760072225138044,0.052711269107898584,1,X,D
0.7021690398181262,0,0.9984104404562638,0.2567229947698445,0.8300032644587586,0,X,E
1.0779585842567574,0,0.19253497742841863,0.8187859035930642,0.6869894518611953,0,Z,E
0.14674902829998013,0,0.023560867137206176,0.3604243195568648,0.44258977140806643,1,Z,B
0.4032067251414548,0,0.6605215016593291,0.09439141958298536,0.9321745462808968,0,X,C
0.22738317414663267,0,0.8881614580339606,0.25944108192004944,0.10829544200728503,1,Y,D
0.3973553568051131,0,0.350139712946391,0.6994260837750873,0.6596960861046722,0,Z,A
0.7630651178342458,0,0.5881296574744749,0.13090694503452738,0.4466676615264532,1,X,C
0.8127888351504389,0,0.40153675508392417,0.7259886445934522,0.9186322637170353,0,X,C
0.5863487531429843,0,0.8103149958756126,0.6573164862385854,0.3751989136579901,1,Z,B
0.5748972362470168,0,0.3098827249593723,0.13604863060948724,0.20693813657046756,0,Z,A
0.3825134159511436,0,0.15033011208764824,0.34737560585839433,0.2398603947209592,0,Z,B
1.5100635426122982e-05,1,0.8935595225993063,0.16343871658305853,0.18463558168365368,1,Z,B
0.22749200799972452,1,0.752099414906792,0.01783917662399004,0.5485867660498448,1,X,B
0.4783732911803845,1,0.5248208810125549,0.23531788073031568,0.14150691884059363,1,X,D
0.22602737559547287,1,0.9136328786169774,0.5598425380414825,0.09235857248095813,1,X,B
0.25433615121806935,1,0.9642135784596653,0.5062967904994681,0.9932608246688502,1,X,B
0.59292664769028,1,0.30141635917969023,0.7253650979414595,0.07013073008448023,0,Z,D
0.5771172782626348,1,0.9142412957037805,0.528792230212478,0.8467533231839373,0,X,B
0.33810655095681,1,0.8541259825268965,0.8906773732730934,0.2577042020030278,1,Z,D
0.42470516369232125,1,0.17159831300635342,0.36491466905142345,0.11702130630761487,1,X,D
0.45909113071314,1,0.5394933466153686,0.7873762849949764,0.23752897635343784,0,X,C
0.18726193912763267,1,0.04238760504264161,0.09668330144293391,0.8228110269373456,1,Y,E
0.16042395376296953,1,0.7117061500203319,0.43430093767571987,0.9200743584102604,0,Z,E
0.6942901594721261,1,0.6658588138889266,0.7679169683628181,0.9418473103824363,0,Z,C
0.5216870389372823,1,0.10513368602330153,0.730794207231098,0.34850305296186657,0,Z,B
0.70826110868757,1,0.4127733521505135,0.20094318610562367,0.6541590964339493,1,Z,A
0.09955795623326787,1,0.4017636924991126,0.03552781796794413,0.9572624167919612,1,Y,A
0.10471212457985568,1,0.17148597206433025,0.5854859881417287,0.21460788803309383,1,Y,D
0.05985139802926305,1,0.35088513131731236,0.7491229287023304,0.22534176554687158,1,Y,A
0.1377500842638219,1,0.5686342135284895,0.44474098029894205,0.14855585379361236,1,Y,D
0.5301025027367722,1,0.3315221873073714,0.4231037002705159,0.8107183255211067,0,X,E
0.574725739913485,1,0.31546758825599697,0.20399593199283872,0.8325012149125323,0,X,B
0.38362621895422944,1,0.11207917086747188,0.05577649938633733,0.8740309229808555,1,Y,E
0.18580194097945066,1,0.3952492510799903,0.7996278686240301,0.12210899937293795,1,Z,E
0.01826806481661065,1,0.22610402452086875,0.7943317410325382,0.8715663083885934,1,Y,D
0.04543999077970129,1,0.4822623635356792,0.16213521573011902,0.175143569189525,0,Y,A
0.6017927977261552,1,0.38478955510550605,0.2422197456030979,0.31383406324895036,1,Y,E
0.040558869561624626,1,0.5477063476506616,0.7812298126966907,0.8659682066501949,1,X,C
0.020792389100949712,1,0.3108042668552604,0.5149458238125371,0.47451361122166813,1,Z,D
0.4004928524562389,1,0.14471687168952907,0.9923988732745809,0.45427880537005705,1,Z,B
0.1591727716209674,1,0.042767214793381525,0.10679963543742454,0.21480362750484905,1,X,D
0.5062659286411841,1,0.14169542585538797,0.8284797826298956,0.6705080587432368,1,Z,A
0.3400528019425727,1,0.2541790424430298,0.3945342638253576,0.3608720373659531,1,Y,A
0.3381173230574149,1,0.09446458245618561,0.28757545770531034,0.8849333873635035,1,X,B
0.550811253905239,1,0.9056110495010274,0.9626773545779146,0.6133550222125311,1,Z,D
0.7057894964993209,1,0.518104479765352,0.9463900533382352,0.2595251772274908,0,Y,B
0.08471170970385287,1,0.42318584044620233,0.14208599779338194,0.5874078425743334,1,Y,B
0.4029224558116166,1,0.07535045089919323,0.9383888841258453,0.7247056035087458,1,Z,E
0.09954819203715867,1,0.9100112721560382,0.29196310963766037,0.6741863783003994,1,X,A
0.11444850811057584,1,0.005898542969275167,0.5703513528949679,0.8088873803860958,0,Y,E
0.2715447823640127,1,0.41306963116684936,0.7326515787419077,0.8306811797978504,0,X,B
0.021979941106071058,1,0.13417096381029892,0.2092107667541201,0.8866126680151852,1,Z,E
0.8197012189528214,1,0.2790800607343179,0.7050038326976655,0.9352419000119129,1,X,B
0.5104106328346303,1,0.805482761604718,0.11333759082993722,0.6556297501907212,0,Y,E
0.101094982139641,1,0.14044379555888375,0.5848994118782526,0.8659011532545265,1,Z,D
0.3094127554441033,1,0.05602085385730915,0.2495915164587852,0.6992023235786108,0,Z,B
0.7056918403209567,1,0.20224428865908572,0.8938003742994479,0.38849598596981794,0,Z,B
0.13696946662497766,1,0.26858600238151376,0.6530130465415536,0.48532971391265556,1,Y,C
0.18558978320829908,1,0.2569241260595331,0.20325479472720198,0.5656463139141318,1,Z,C
0.4342181679298562,1,0.14313391945913978,0.32659431721925714,0.1278473830427609,1,Y,E
0.12933917555934174,1,0.9874914677633846,0.7739114824622455,0.7242454046852624,1,X,C
1.0848132929041854,0,0.4794500213834979,0.18596382320333682,0.6403390413696005,0,X,A
0.17209898023599196,0,0.49643438554482155,0.9479711055939464,0.6798709808507764,0,Z,B
1.0860103669333887,0,0.6791888419225786,0.7882496223582214,0.5987781345718003,1,Y,A
0.6437885111386252,0,0.7538518483634553,0.39121329623280454,0.30985026276148475,1,X,B
1.0715806278706974,0,0.03665154377454172,0.6616179412135956,0.6694848744173186,1,X,E
0.1157002152635817,0,0.8229053329559419,0.6705285815217378,0.6472154303012623,0,Z,A
0.9336145363033627,0,0.49841067895075,0.778699311459557,0.556361123567275,1,X,A
0.3161808440499103,0,0.24405140584831608,0.28602229307481075,0.13608781263479452,0,Z,B
0.6624721565951699,0,0.440888530956718,0.6345959076322627,0.16878633017470723,1,Y,C
1.074465194520066,0,0.2379978170527739,0.5330094235910773,0.034631601695304215,0,Y,C
0.4995171252420684,0,0.46419426218041915,0.17148045523495936,0.6310135013545456,1,Z,C
0.3772286965092507,0,0.9958728768534068,0.1415488339523271,0.4979632237804311,0,Z,B
0.011630753883535511,0,0.9115472309146139,0.6841759667066076,0.8013678102243615,1,Y,B
0.8116608410956901,0,0.7152020725029461,0.3087830517473449,0.10977650375914527,1,Y,B
1.0255695650842005,0,0.6913198767517809,0.3653290138232026,0.660684033419817,1,Y,A
0.9465440209661917,0,0.2069041375148034,0.8766979064226446,0.12233202109767582,0,X,D
0.4195468431822076,0,0.4202562353532402,0.15873608728507926,0.5806068973859747,0,Z,E
0.9116456904779034,0,0.4750404961522746,0.4437137042459516,0.6204752412694046,1,Y,E
0.1298884958424489,0,0.466910336120264,0.875849220155115,0.7876853069135031,1,Z,E
0.7458076960603753,0,0.5053655521772934,0.14679483016151884,0.9548694443159439,0,Z,A
0.0036888043219279803,0,0.7495751234231575,0.019089697970284036,0.945229254269396,1,X,A
0.34798403058429256,0,0.04012932200149,0.8457304774467999,0.9775716887979182,0,Y,D
0.4307833908989078,0,0.34687468294437607,0.44493543275508474,0.09909925831614397,1,X,D
0.8952714465049115,0,0.08228847064842071,0.42153995905125674,0.6785299077038413,0,X,E
1.076619291503792,0,0.6941857492583401,0.7993365136429442,0.20591702352093422,1,Z,A
1.029245577283575,0,0.64867604836208,0.3024284826617527,0.31342639901270364,0,Y,E
0.38892030051530924,0,0.2037197888419522,0.19587821962850538,0.11831247315477078,0,X,E
1.085333954921185,0,0.8581635945805484,0.44886172664234203,0.9901182296216198,1,X,B
0.375027627731255,0,0.6170233018316338,0.711171573743634,0.1388615651616273,1,Y,A
0.1562718075405781,0,0.4358666316727048,0.7728598146585057,0.25815426679953435,1,Y,D
0.6056629794596577,0,0.6488008075949624,0.6393251839846951,0.9939211664548219,1,Z,D
0.30003512909119323,0,0.2431041958018506,0.20787258864989477,0.9990875412637724,0,X,B
1.0453629373293876,0,0.678348256123532,0.7084249393051736,0.32641159927992736,0,Z,B
0.5590176158296045,0,0.07610227722571072,0.49159984469027096,0.6082308764342038,0,X,A
0.3633210508555704,0,0.20809532825754717,0.9223678345504661,0.4249480182084501,0,X,C
0.31398323640111386,0,0.7164314838599752,0.6530095193369092,0.2208516720568957,1,Y,A
0.5209234394990424,0,0.7249276610077023,0.13355312556010357,0.2954323359310642,0,Y,D
0.30843421916719305,0,0.26655531066557814,0.2822057203784645,0.674725116174339,0,X,C
0.9147801979789597,0,0.5576195429573678,0.7683670639050332,0.6677138724379076,1,X,D
0.6890005449031292,0,0.24691363796000587,0.1460590757015543,0.9235144952482147,0,X,A
0.3790202176132621,0,0.23439981066370907,0.8296787401378758,0.8607255578690051,0,X,C
0.02406643496331571,0,0.3319014823440406,0.43840562701860875,0.9593036391948607,0,X,C
0.9943234998145192,0,0.7438175385870551,0.5338520040964903,0.7275875293257855,0,Y,B
0.9412997511680081,0,0.5833307766889383,0.4760129479328459,0.9967746440587482,1,X,B
0.37509592483591636,0,0.3994373212101251,0.871044263948292,0.5149773631507958,1,X,A
0.07308487228696196,0,0.8811720361329755,0.5046347545870665,0.6517234904957981,0,Y,E
0.7755981889825055,0,0.018543968761119634,0.7409086886225787,0.6932915729299199,0,X,B
0.9314431691226263,0,0.4661352432455983,0.49295255867140897,0.8382652609972505,0,Y,B
0.016794730346417364,0,0.9878625951121902,0.18904992268552456,0.6878472003034392,0,Y,A
0.2889848376615947,0,0.5112401070859643,0.7767267470459054,0.7621306277974425,1,X,A
0.022903148842835282,1,0.2117758087721413,0.9068344251490122,0.7549180193671643,0,Z,A
0.2802951124660883,1,0.6595028595064631,0.7658836542054409,0.11554702413623075,1,X,D
0.37704180810650995,1,0.6764748565748423,0.46262152978158355,0.7347727846043214,0,X,E
0.8425532748527883,1,0.815431860490654,0.808677158384379,0.588119206411767,0,Z,E
0.1622459752779882,1,0.6308257057179638,0.22344668763950948,0.37031812267149333,0,Z,D
0.3175693267627993,1,0.40969619412191494,0.8653002175734285,0.6073850968841807,1,Z,C
0.08144250045378569,1,0.6139561261981715,0.016951170921957415,0.09941865356937252,0,Z,D
0.21118553477348748,1,0.5258539897072932,0.37880097156244963,0.05770708321644569,1,X,D
0.7891527767339799,1,0.2588944016442397,0.2472129635504412,0.49727010168615116,1,Z,B
0.4342369005522638,1,0.12498740185399793,0.4166662798560892,0.3549567385537551,1,Y,C
0.37489529233018903,1,0.4168645726713478,0.11061081673856288,0.21642613931536647,1,Y,C
0.10409262918502343,1,0.013157755655198722,0.536258481792787,0.3696856818901154,1,Z,E
0.8070823903431421,1,0.3114283940147352,0.8026805121723067,0.32134718888969727,0,Z,E
0.8077559079348606,1,0.9571389182537678,0.7157770326745455,0.7305751298749927,0,X,C
0.6943675889020408,1,0.7285032552312044,0.8801232436104278,0.7011454713213615,0,X,A
0.3102426819580199,1,0.8106880936118191,0.9701356690300482,0.5084438608622648,0,Z,A
0.7731242525451193,1,0.20768374081604546,0.45715024444496166,0.604807181630941,0,Y,D
0.4872431667406365,1,0.4332846648845591,0.15274248982730765,0.18808316816374204,1,Z,B
0.46317216392623695,1,0.5923351164830345,0.3915224084398078,0.18424879876426037,0,Y,D
0.09579731963792171,1,0.33610119321314513,0.47322453515895646,0.13186785702794834,1,Y,E
0.9169774915153869,1,0.6947385093276619,0.3445805089491141,0.5030751884596125,0,Z,D
0.07935177706415879,1,0.4340938834453535,0.7863072251571963,0.32885088072954494,1,Z,D
0.02142583428059153,1,0.5252631184506071,0.8256746675812145,0.11733869796611318,1,Y,B
0.3470974169802534,1,0.36535558978908544,0.8411580581959279,0.32198898286051836,1,Y,D
0.0420751414751315,1,0.2248992678580073,0.581001609304169,0.7847259844719756,1,Z,E
0.6609095618440475,1,0.10991710358937745,0.21983442597286795,0.7537365149915073,1,Z,C
0.3182883103833581,1,0.8685286025561825,0.15629798603417522,0.43742068069421114,0,X,C
0.4785708145204004,1,0.05245410704370124,0.7877223767462128,0.33380236500621197,1,Z,A
0.35039254206782755,1,0.24461085749664746,0.9701338588407222,0.06886723666642447,1,Z,C
0.3732894786248392,1,0.7852922957749306,0.19037980843431657,0.385830840144756,1,Y,E
0.03658825736000266,1,0.061152099720548914,0.6802272169154071,0.052533665791796635,0,X,A
0.08471953255688214,1,0.521314518759646,0.03734451913450132,0.7916780654611364,0,Z,C
0.5953526133522633,1,0.5986580296435136,0.9293588889670023,0.20856062476995663,1,Z,B
0.49095594235942724,1,0.45020672199471345,0.08887749370794573,0.14300922955732687,1,Y,E
0.06532226589858509,1,0.007227129066650906,0.5805255407842523,0.1781765254140768,1,X,D
0.3530269804514103,1,0.9003093477232463,0.7595313405191568,0.8180581593391545,1,Z,E
0.6090969456255375,1,0.2378710267740184,0.43107834152728397,0.596080471360914,1,Z,C
0.02407842545915895,1,0.09941090999904667,0.34688741747224405,0.2544932019902374,0,Y,A
0.31025361099348087,1,0.9658219867040598,0.5245899417096005,0.6248338057151184,1,X,D
0.7830176656399899,1,0.40298173994397446,0.2596170335431086,0.3812719084239008,0,Z,B
0.8355017521162474,1,0.6219727033483035,0.19613847052396738,0.004981382679245416,0,Z,E
0.028951937776523468,1,0.21332127712147053,0.7908978878162772,0.8044213201392361,1,Z,E
0.37319727685519083,1,0.8382818678836168,0.8056935632019051,0.9683886547528698,1,Z,B
0.5217432732264577,1,0.34512250245052134,0.8350676354909059,0.3593227058312034,1,Z,C
0.7488524605838941,1,0.5951146472959468,0.36402262169530053,0.7391248452378933,1,Y,C
0.6757925797319662,1,0.7777866625928779,0.316989103235536,0.14187271642322785,1,Y,D
0.6900891776112583,1,0.5836886192866942,0.5016522393965884,0.9273274896869792,1,Y,A
0.04349487103682151,1,0.8820482981851644,0.2300399512116995,0.22464988626269855,1,Y,C
0.4180379135559568,1,0.5384034139337402,0.0030328633817360284,0.8455585885518125,0,Y,A
0.018571629530269345,1,0.7911672333319884,0.4263071739180979,0.3398997514555664,0,Y,E
0.8152548131962315,0,0.6790948023061859,0.6339234124522319,0.7685416340072296,1,Z,B
1.0741006849714374,0,0.5589109221400376,0.2423602618259888,0.2599053151548316,0,Y,A
1.0552563618924007,0,0.12455883358820641,0.11273727334048311,0.4590777113474782,0,Y,D
1.0844734762993087,0,0.03199975569411995,0.5906988042202939,0.50637263341157,0,Z,C
0.9429231484451873,0,0.5211297195098022,0.4321572392927735,0.9528307390394565,1,Y,B
0.8414946158852323,0,0.4737103312931983,0.052287812074470086,0.17775283348812643,1,Y,B
1.0860845213384864,0,0.45150864721095363,0.5478677597163257,0.8950892281804453,0,Z,A
0.0467966105522817,0,0.6398756131922037,0.8320672214039903,0.8698553190182777,0,Z,B
0.0312679201268198,0,0.3216467407291502,0.4356996708232629,0.1466496441013032,1,X,E
0.9037622711522584,0,0.6819803159314031,0.5857183740786644,0.37347523799826954,1,X,B
0.12723854655630898,0,0.3352241683936589,0.3115636300230964,0.8469125865317174,0,Y,B
0.5092521231107736,0,0.32000482629328153,0.8921176456908437,0.8539485712725041,0,Z,B
0.3893523816495922,0,0.9274900156939514,0.7156372867711518,0.08488325474295721,1,X,D
0.9269971981428204,0,0.7103789885035141,0.8922317924554722,0.8478727536412968,1,Y,B
0.20594283190021292,0,0.34727276832551346,0.1771897928132632,0.5591312765094509,0,Y,D
0.7533097595064155,0,0.6435103330787852,0.40734871626786506,0.7900391787656125,0,X,A
0.9918816664832194,0,0.6487384368435883,0.07682743672921089,0.8615850217622982,1,Y,A
0.0002258489268431908,0,0.568750978107604,0.9456792705942902,0.6383982136439932,1,Z,E
0.6257128598356414,0,0.08878186427276469,0.5397566793693329,0.16796528356781637,1,Z,E
0.48754910660444095,0,0.5431314094093032,0.533200909706827,0.6630348931292839,1,X,B
0.43433641614057555,0,0.9052521057801917,0.645855099836554,0.12934975871905952,1,X,D
0.06638589590384238,0,0.9160186420674267,0.060086475913174175,0.6180863564584732,1,Y,D
0.9288784767690724,0,0.34911963667911183,0.21418424466492436,0.939556016496396,0,Y,E
1.0585155192952334,0,0.5574575031701159,0.5639349116907506,0.024874377964708372,1,Z,D
0.3787656192600955,0,0.6863722028010365,0.9274300953450751,0.29028732969844695,1,Y,B
0.6190293827702832,0,0.27359154035058153,0.7358283582620647,0.0011342711097256375,0,Y,B
0.03704276758626139,0,0.7422330171441898,0.9792991537081899,0.35481897414554897,1,Z,E
0.6586825132257789,0,0.19205371234945834,0.45494032970615794,0.2782334016090865,1,X,D
0.21686573456259572,0,0.34855157932676084,0.06558910390110828,0.08024295003007242,0,X,E
0.5055289586027726,0,0.8754378534555809,0.8887477981011316,0.5828055326493754,1,X,A
1.021333727966148,0,0.5008688874082707,0.2709150444137135,0.6152055556380468,0,Y,A
0.026031201361985487,0,0.8006839707656329,0.8590475068659977,0.10959704332975284,1,Y,C
1.0615515465547185,0,0.023145806414392567,0.5960108894419626,0.10642158608572316,0,Y,B
0.29157929027304985,0,0.4546578297721424,0.4457812837872688,0.8356535889412522,1,Y,B
0.8342677809809448,0,0.12327233268322035,0.601011666870159,0.7382822262900235,0,X,B
0.3505421691745733,0,0.5610725969679632,0.21306311226426577,0.3930946092788983,1,X,A
0.769141865130602,0,0.9977918029840976,0.8799710455052607,0.6488603704537129,0,Y,C
0.9268298916078419,0,0.6402060170464031,0.40088301140201243,0.20788013549758666,1,X,B
0.8227377336306214,0,0.5153404653740246,0.10406314998037858,0.5620984587389742,1,Y,E
0.6668381585021629,0,0.14254488142089816,0.2286661271796273,0.40178894463556747,1,X,A
0.21234639466811409,0,0.45240009790835134,0.09219757950747243,0.9340057541724783,0,Y,B
0.2075986404158285,0,0.5006849093767168,0.7901691471129388,0.5971814782789485,1,Y,E
0.14829690695038442,0,0.3351913566835294,0.9952182370778544,0.34769944278355347,1,Z,D
0.7063245382456467,0,0.4111238941066081,0.6265875418564316,0.7133703600605835,0,X,B
0.2887255796533533,0,0.4646346952824123,0.8880515764565988,0.7647854504252197,1,X,C
0.42820341373549475,0,0.5414899058260941,0.8398635399800943,0.6392119244218448,0,Y,C
0.458863041302072,0,0.8491624416695615,0.6634727462958465,0.4132787554537267,1,Z,B
0.5924616371866666,0,0.7908099241861779,0.8656533257492561,0.47293599591794555,1,Z,C
1.0202590507510187,0,0.24463916070129188,0.48133329290229276,0.6357622964884644,1,Y,A
0.019531028252618512,0,0.19907637663604794,0.4752301184252773,0.4114742760594864,1,X,D
0.3961709439905822,1,0.996552180801256,0.4061319681494643,0.3810681240572734,1,Z,E
0.05625314655495134,1,0.9895113827821802,0.11337774728127004,0.26044354329048325,1,Y,D
0.4258240803715343,1,0.8439297636983866,0.9807997716417706,0.616024979002962,1,Z,E
0.7701477198966074,1,0.07929143176103437,0.49102258465336934,0.5709862403006944,0,X,B
0.010281451581840764,1,0.9027903236736848,0.5179577632025795,0.6231452788994389,1,X,C
0.04348602392832607,1,0.204489002300968,0.4402817097603041,0.9933548064291062,1,Z,A
0.037665170202625456,1,0.3725849568751761,0.1515978160313226,0.6437374529305567,1,Z,E
0.35794765211615864,1,0.44130038655584614,0.8990683647124752,0.3563436994495104,0,X,B
0.5776220802239966,1,0.034578610522694286,0.1253424631727429,0.7660718181323737,1,X,A
0.9725533921108102,1,0.5226068618994137,0.45450942758631363,0.25925929060224284,1,Y,D
0.12464442243079268,1,0.2260750336122428,0.47444059347480916,0.6412421337928287,1,Z,B
0.20165492141247326,1,0.14567190972763577,0.08585258296263909,0.9314639664933181,0,X,C
0.01633585061438576,1,0.3845313949399195,0.01855953255596965,0.16901450087866177,1,Y,C
0.17541985702811458,1,0.5734484591073445,0.7214176404663306,0.03356650687301821,0,Z,E
0.05411281513703234,1,0.4297727433528036,0.4583046042601412,0.8892429048371442,1,Z,D
0.08456299366221873,1,0.05745615113730551,0.5967267115156042,0.46661044688811626,0,X,C
0.0457582328309989,1,0.21008877136663928,0.37314310079434754,0.8254610108895274,0,Y,E
0.021728737908890246,1,0.002125606027897353,0.0028833492265064598,0.8000814246670213,1,Z,B
0.13487784861745472,1,0.9436881361457257,0.902073677760547,0.0097589728411146,0,Y,E
0.8943925127996416,1,0.5398463279704429,0.6884184053867267,0.7259579522614493,0,Z,D
0.9420447740989395,1,0.3653944625263795,0.6493920863369015,0.7473937039068141,1,X,D
0.06403605747860586,1,0.04325217379224566,0.19968254608812175,0.43102478193809324,1,Z,D
0.9047370218261771,1,0.6137665689975981,0.15943290066175153,0.41427389887295607,1,Z,E
0.8466599877367589,1,0.46891188929333616,0.35803682183708263,0.7028800323407358,1,Z,A
0.1460176032254968,1,0.03473912082724473,0.7046404803453913,0.837707941143594,0,Z,D
0.779397625618775,1,0.19864962224071137,0.32328625306418424,0.3080866657966489,1,X,B
0.321465806903652,1,0.20893551372430708,0.7002711507407599,0.6888246920178842,0,Z,C
0.35217248332728374,1,0.004150367343531913,0.09510773875035428,0.8765971323324927,1,Z,E
0.9933539822414865,1,0.21814092157022302,0.8541598419847753,0.8681086768902743,1,X,E
0.3534235101979776,1,0.3471412330348811,0.6749668589846395,0.39325312128614676,1,Y,D
0.061141324383149336,1,0.408753697653105,0.5274262073823787,0.9801144435544199,1,Y,E
0.006503418507991696,1,0.3387156975604485,0.9065205745872024,0.12081456712214411,0,Y,B
0.1758989935798467,1,0.6051858938523702,0.43354338353707433,0.9285237544451738,1,Z,D
0.6142081927437882,1,0.7920909428763425,0.5835153688794105,0.9619597283704158,0,Y,D
0.678466169151578,1,0.820468478095092,0.46520390199564077,0.08383748042589334,0,Y,E
0.9459004802740381,1,0.9247570317785705,0.4306028086380391,0.35809172693565816,0,Z,A
0.40536541119507,1,0.8229442961070818,0.6065980425761826,0.4481985784395912,1,Y,B
0.5673119131071753,1,0.42350688564685257,0.6982646962600881,0.33158325923373433,1,Z,C
0.03955798267732017,1,0.9222070348254171,0.5796131785246162,0.7132140550260898,0,Y,E
0.05104158246712378,1,0.9230345669351144,0.8707802643561571,0.1699319227001016,0,Y,C
0.2800639780611247,1,0.8916842357856697,0.3458021204695929,0.45498617974470723,1,Z,B
0.056556543861528474,1,0.06906997160837403,0.6779412018993932,0.9348280392794496,1,Z,C
0.6180688981050924,1,0.8094506771506604,0.7321443840724847,0.15993615637188563,1,X,A
0.2651306834115702,1,0.3581362223014687,0.9625265439055419,0.13077275101722674,1,Z,E
0.3975734167868074,1,0.6846089890292507,0.926799480403293,0.6974159284996185,0,X,C
0.8525545191722388,1,0.4083823401699741,0.5158777628066458,0.06280984774671938,0,X,E
0.2734154150374678,1,0.28692084902643955,0.9561532272694908,0.1986560802449785,1,X,D
0.2159700648743823,1,0.1254100269648446,0.004726828390712257,0.01343202386342146,1,Y,A
0.3067620273297063,1,0.16543485426625537,0.5827209971008035,0.5623343461799943,1,Y,B
0.05872908120544679,1,0.2943590707338467,0.08382362978804081,0.9399235289656803,1,Z,C
0.5846585931991618,0,0.4697299321253997,0.8630357488218092,0.7807953476113155,1,Y,A
0.5475174203994185,0,0.48320740114065897,0.6094005337622785,0.5178041130174013,0,Y,C
0.4227111767200013,0,0.5586754737862647,0.8595819996025456,0.27622716091506205,1,Z,B
0.10155664155699469,0,0.8271944796583159,0.8204740775372757,0.3979227528604805,0,Y,C
0.8898483643354581,0,0.8729881340202152,0.11898292839898728,0.5227560612167246,0,Z,D
0.4630112523936593,0,0.8397425346520666,0.32578256673389006,0.8516118180340996,0,Y,B
0.2328547844544396,0,0.07235738801615521,0.7747184534706589,0.7827110223483051,0,Y,B
1.0808168860128622,0,0.1026047123689593,0.612227931359842,0.038957645815632214,0,Z,A
1.0705280497716436,0,0.6863390368710223,0.03733281134169786,0.06217655525682286,0,Z,D
0.27145881343849737,0,0.887885894195717,0.9095310639493202,0.9634343212288387,1,X,A
0.35562303944143275,0,0.15551666302089306,0.12149692468179574,0.7239407334520183,0,Z,E
0.9162057717046604,0,0.9593447515205047,0.5124377645022625,0.5461598406822076,1,Z,B
0.5977104611331306,0,0.1799857642274817,0.20732202523268772,0.4084790394320631,0,Y,D
0.9036443522925722,0,0.6343800748941608,0.3769160657772793,0.9211793426618587,0,X,B
0.3462900975582496,0,0.5739654186752577,0.24150050760342312,0.47872305499203927,0,Z,A
0.6174695426812045,0,0.05940457301698754,0.4765283059544587,0.058158472194236865,1,X,C
1.000554553289825,0,0.11696111891499805,0.554050386566924,0.819358706876427,1,Y,A
1.0688742570578509,0,0.2028851636517146,0.3057194767659259,0.4935422490782597,0,Y,A
1.0344757482758313,0,0.7477081052789212,0.24563492298511336,0.01213728367157052,0,Y,C
1.0838001920657219,0,0.666840539215569,0.19072805520195812,0.9429932522936368,0,Z,C
1.0821535965056883,0,0.5954982886802359,0.8899318527506755,0.7154623398475668,1,Y,E
0.5727391387803803,0,0.7555889492410623,0.2460395021005254,0.5014478341548962,0,Z,C
0.7828822460129216,0,0.7270264632071931,0.40940281560961933,0.44275910166110233,0,X,A
0.24413485893798428,0,0.17300407093393788,0.4442161506393555,0.3918524204228775,1,X,A
0.29026959739700176,0,0.06694641389626632,0.8513927619992339,0.22792344748668558,1,X,D
0.8916214727835736,0,0.5954689589582016,0.20439621542095687,0.14014204231565075,0,X,C
0.6836647191869359,0,0.4148914290064041,0.5536943851788351,0.6316390186727583,0,Z,A
0.6820626556467971,0,0.9857910044561315,0.6046663189066321,0.991587985439324,1,X,B
1.0399718670127274,0,0.8857076750660856,0.7007788098309744,0.05690262588415296,1,X,B
0.36895287739798155,0,0.3948476690353997,0.08784015831928871,0.5755836005283173,0,Z,A
0.5912916536474906,0,0.6708447106404349,0.629237954911301,0.029814458505105668,1,Z,A
0.49143208731148785,0,0.3153108106036555,0.9724888602115455,0.467625574061581,0,X,E
1.067910901271235,0,0.7390808072006263,0.85050860467335,0.5415447532126464,1,X,E
1.0541179481622276,0,0.7243091708235939,0.3895671281325874,0.5007675386955479,1,Z,B
0.2870719825343875,0,0.7696106146639152,0.6469816104744825,0.9539015833794728,0,X,B
0.05692855411881652,0,0.025837741420005944,0.8799837856535713,0.7223346838946317,0,Z,D
0.18791236341790818,0,0.04786918882396918,0.5651024660850568,0.708434611132767,1,Y,B
0.2232515795289229,0,0.6562773585540105,0.6663182765731356,0.2542582346861839,1,Y,A
0.2333736010552324,0,0.6239411537448879,0.2832644097512045,0.31426518584370666,0,Z,C
0.9279866474436612,0,0.7228363818636356,0.33230736046784914,0.18189835487578354,0,Y,A
0.2795085892814001,0,0.9949006720464987,0.20784464168596495,0.8638217928757279,0,Z,C
1.0449203916545309,0,0.9718246371621733,0.47429728053943154,0.0696178585295435,0,Y,E
1.0222028696408452,0,0.1179888235937705,0.5630410613740748,0.17767746942854834,0,X,C
0.2190339518850878,0,0.03569360720839099,0.5196109445111027,0.8542968305670883,0,Y,A
0.8298482338195895,0,0.4436575137446962,0.28576182271319794,0.21956207255568871,1,Z,D
0.6550997553133083,0,0.9331477964955542,0.2789286022574792,0.7669927545034625,1,Z,B
0.13448733229902637,0,0.36224624000628236,0.2674098920455146,0.9726763599079735,1,Z,B
0.4877752030212437,0,0.9703154061871032,0.034211826840850335,0.6468448887389301,1,Y,C
1.0859154918746257,0,0.1452259729853589,0.34079400407381133,0.7754488224439479,0,X,A
0.20303971613965371,0,0.14726944204936554,0.8103246959461163,0.7570873378980462,0,Y,E
0.7546242967461501,1,0.7908809996500683,0.37143487785433493,0.5348240201116411,0,X,C
0.462025022552801,1,0.2927633508035147,0.4032668518275999,0.07153501675478313,0,Z,B
0.44106873379003436,1,0.9794331448634817,0.6118188800200133,0.8884212048202168,0,X,C
0.11447698006249396,1,0.3911077371329761,0.18549029385558313,0.6802323284366667,1,Z,D
0.08991169381711375,1,0.9991313919782974,0.0062730853075525506,0.6232459385018075,1,X,A
0.15988657159911662,1,0.20855755888131067,0.7855632452424023,0.3410328373432394,1,Y,A
0.22822578174805255,1,0.3887536310342633,0.45012495656757745,0.7450120524161697,1,Y,B
0.14238473485860817,1,0.9521421221064242,0.78976902158169,0.7062518594559922,0,Z,E
1.0719552298604258,1,0.05528346804125173,0.08414477711795221,0.5614387603532134,0,X,B
0.06439014556206604,1,0.8859857898388548,0.14243338551487128,0.33264897413930816,1,Z,E
0.05776290293372646,1,0.35245596072750984,0.17438154594196986,0.47252649065078534,0,Z,E
0.1615170749105171,1,0.31661369933882477,0.5695233288851822,0.3350512047973201,0,X,C
0.38932717723240673,1,0.013839502241162926,0.7051192267750255,0.8493843522020104,1,Y,E
0.3781273004168794,1,0.5895177695637115,0.2842681761183401,0.17844659629468562,0,Z,B
0.747335249948808,1,0.6134163784585321,0.11197634740975282,0.9168770896293903,1,Y,B
0.5381749625181366,1,0.14696302464323263,0.9390557498333681,0.08249149262732702,1,X,B
0.0011359427929968048,1,0.2911126566479759,0.7545515797180744,0.1180060742560115,0,Z,D
0.14460747858766795,1,0.575907713275788,0.050201817082499045,0.2236882834317957,0,X,B
0.8079334429019889,1,0.7188821438164873,0.2160070675399094,0.08955864917471335,1,X,C
0.5556966500301769,1,0.7258464322063576,0.8080789439899291,0.722800128116858,0,X,A
0.7064486123401856,1,0.8445359088868364,0.9107742723057785,0.3835357206736376,1,Z,B
1.0035993068520943,1,0.809159343928715,0.20699659115348423,0.7893923154669522,1,Z,C
0.03465337299631606,1,0.554234802871047,0.48833921083586507,0.06673178707001193,0,Z,D
0.03695536400640786,1,0.37340558743854824,0.8220519581865583,0.7894213794739166,1,Y,E
0.1096153906335677,1,0.9135482888236817,0.6047239194509785,0.3767029146831903,1,Z,E
0.03487253546385949,1,0.04801533341463926,0.7913487211679008,0.4265698891691657,0,Z,E
0.6247556911701038,1,0.4326136875653471,0.43688885478512907,0.413910840192372,1,Z,A
0.18104369061907752,1,0.9651878872421479,0.8689267321834213,0.5947722563765256,0,Y,D
0.10491240317394085,1,0.5194689981404321,0.42228582492021005,0.20194123074257553,0,Z,C
0.9131075653466122,1,0.9727938178686578,0.9497926902321582,0.7686000795102123,1,Y,E
0.4590691690173452,1,0.3789085083327679,0.9835298445002412,0.469692887167652,0,X,D
0.43367421574190174,1,0.6742499851975273,0.9991529918064532,0.15768057490378584,0,X,A
0.828028172639352,1,0.19686895007359884,0.378006760876214,0.9216574577980478,0,Y,C
0.12520800897632048,1,0.9012074485634993,0.6752408102497013,0.7486142948941752,1,X,A
0.04279552163456507,1,0.1494897145922941,0.1340543935395574,0.3101538090023077,1,Z,B
0.49911585215728105,1,0.6233215995008912,0.9610223735532257,0.8772800318651341,0,X,E
4.875095974262519e-07,1,0.9704050802409543,0.4772144703689022,0.41113066404768484,1,X,B
0.02704841028327837,1,0.9692697981386829,0.9865740366849518,0.10825146095140459,1,X,B
0.16273148763011447,1,0.07362446515474652,0.1612897908870906,0.8012571718000624,1,Z,E
0.32778446385064186,1,0.556008624389759,0.15732553742158006,0.482304146950149,1,X,E
0.2678489350238735,1,0.8505206192725114,0.15276454433123743,0.4951256383131225,0,Z,D
0.20594155482615797,1,0.11705537786060782,0.630192834215249,0.359787384622145,1,Y,E
0.18096310359620474,1,0.8043477863442472,0.4642620089658388,0.16717968697959018,0,Y,A
0.08394714208550708,1,0.08828999515376079,0.00787731724107188,0.17207473832161446,1,Y,D
0.26515436751029137,1,0.672871896592502,0.6407708389501516,0.34881994047162934,0,X,E
0.8565897477319818,1,0.05008217138152915,0.40804962144087475,0.40470022849427933,0,X,E
0.536214605024327,1,0.45739328217676867,0.42515682744742767,0.3055228377012965,1,Z,B
0.38178382533240407,1,0.9411242830063695,0.7616689985600243,0.9093884491368457,1,X,A
0.41399848688907237,1,0.8032062306262551,0.758024830869126,0.34033051548399085,0,Y,B
0.7049015797195388,1,0.18248023898681154,0.9808233296454563,0.016856232989939768,1,Z,E
0.9087245541019165,0,0.6478603984753845,0.18679502854391028,0.19039667486522005,0,Z,C
0.9222000178639085,0,0.625795420468559,0.283118478688253,0.36755311557529013,1,Y,C
0.4628713367135925,0,0.7751529904922957,0.7704435527039448,0.0866193893028625,1,Y,B
0.06508203756555846,0,0.7568281386348357,0.8311870409925701,0.41342303198437447,1,Z,E
0.6227675523693957,0,0.07691385505912429,0.2009666858627629,0.6844675423321811,1,X,D
0.7339503374291027,0,0.7505995100878797,0.3382055085482326,0.8610499150527506,0,Z,B
0.09390237338717491,0,0.1344205204093074,0.3083294780336038,0.3455281934193738,0,X,E
0.2237419100555415,0,0.7849531182999545,0.2969863745906475,0.25256044048371573,0,Y,E
1.0771439461799117,0,0.24682217935159667,0.8307117341436557,0.8394638046107947,0,Y,A
0.9754963014185833,0,0.4406850415782949,0.36761554885133596,0.431092329601398,0,Z,A
0.5639777173004258,0,0.031177644987488318,0.7221447100443115,0.4682463091891561,1,X,B
0.7522687245707637,0,0.5510633973663994,0.09933036874410073,0.8951244811515153,0,X,C
1.0856007867853397,0,0.4261122469290235,0.04907238718177598,0.8183138407349422,0,X,A
0.07408661689432697,0,0.5749300898397494,0.3212443577611789,0.551979315838466,0,Y,B
0.5337998178683017,0,0.7921204459304249,0.030031879291378072,0.05502194142722949,1,X,B
0.4555124097846257,0,0.6718051147455572,0.8448686866547391,0.4709631190827589,0,Z,D
0.7754291674110372,0,0.2997073309538676,0.09337781838244963,0.09998623898281056,1,Y,C
1.08342706330546,0,0.05570921396431405,0.7896490032664447,0.24270822776218692,1,X,B
0.46684595564529957,0,0.7736044414313831,0.11498733374477088,0.23417239937294443,0,Z,A
0.47809640848897644,0,0.27930642324366006,0.4527243220250534,0.5684635842513543,0,Z,C
0.7874685290712201,0,0.7588836220318401,0.7504056594701101,0.585361901727568,1,Y,A
0.6441153479873614,0,0.996871794491413,0.9245412707992704,0.5246785499997836,1,Z,D
0.7986719746189493,0,0.6935151826374164,0.2892293777341358,0.49696711133752836,0,Z,B
0.06785318297853571,0,0.3185914473132595,0.36449471343841144,0.9843705421241227,1,Y,B
1.046839223286849,0,0.6283472460600279,0.03903240966916788,0.4085909565999182,1,Y,A
0.8271018774772001,0,0.0706724797827748,0.45078785582329617,0.5662107129315398,1,X,D
0.9058103888073006,0,0.834341070372561,0.8540307521656854,0.9250885911065425,1,Y,A
0.13491047274531573,0,0.8222830606535957,0.3505582646945534,0.5187059099310366,0,Y,C
0.08369425407295966,0,0.3462110754425013,0.16063201299630503,0.4899952552484892,0,X,E
0.7920948688662008,0,0.5876907984874556,0.3854244662909474,0.7966882100393808,1,Y,A
0.15441883616135563,0,0.9517849309696442,0.6922212055026234,0.9359828160554067,1,Y,E
0.516376926544843,0,0.7933043511031337,0.05081204869538969,0.02575910865887099,1,Z,D
1.053460209078572,0,0.7778987456956622,0.08158862603929862,0.28103751741940597,1,Z,B
0.3496847206181272,0,0.22795202405344162,0.12998209137644245,0.36857961067846257,0,Z,B
0.26259929862619674,0,0.42383580208317306,0.7541468275821855,0.7886099333014361,1,X,D
1.0816272926697628,0,0.645372913913353,0.6763277309552727,0.21011761625702818,1,X,E
1.031491847195981,0,0.06018436028382901,0.07432258958718407,0.5085666965609761,1,X,B
1.0747013385416253,0,0.35501902722759315,0.5577983335797917,0.469713928674961,1,X,E
0.4619487623417584,0,0.11903720093056536,0.8940648688202034,0.7164993148570286,0,Y,B
0.8087255067848707,0,0.7068682004079565,0.38253558105765495,0.5980505137769481,0,Z,C
0.5234931998376924,0,0.4768760904278295,0.15776763545247763,0.5999583204142482,1,X,C
0.18429474516706115,0,0.44193355587457284,0.4292998306402518,0.950472753259546,0,Y,B
0.741838484938006,0,0.5476688938252003,0.8523773913385942,0.557902307717232,0,Y,E
0.11351600446194822,0,0.9556414988127162,0.6587903942948607,0.7564708937976563,0,X,D
0.9096024860126107,0,0.7943760290060874,0.45708650260862993,0.5363477536304991,0,Z,B
0.19436191913764572,0,0.5835873232170812,0.7854641050338997,0.2785271234550264,1,Y,A
1.0761571588027135,0,0.6797035073513263,0.7256946985787724,0.18597717846407813,0,Y,E
1.0184123320921836,0,0.5687828782504514,0.7245843965051055,0.2453289238977202,1,Y,A
0.7106039950380086,0,0.6243255853806247,0.4624858640536902,0.5265629111399209,1,X,B
0.9150886620444195,0,0.5867482034834234,0.5043990765516552,0.29879640679749053,0,X,E
0.5919183819030802,1,0.7916857925340743,0.9315379949900846,0.20177163506224027,0,Y,D
0.501716463153016,1,0.7061823653297126,0.3823479539349053,0.3118125711338722,0,Y,C
0.2571166476853619,1,0.20649290210116544,0.5089744542293129,0.9430226455258263,1,X,C
0.2700847239669885,1,0.7136351141182412,0.7271116990311143,0.6140549116764337,0,Z,C
0.855277978781145,1,0.3956903026607349,0.8774910271270674,0.25879123802271853,1,X,D
0.22476711840782226,1,0.4829592069771057,0.21135705069803468,0.7715555159341232,0,X,B
0.05803732738402253,1,0.8285116189048065,0.19911184512930424,0.07193096007139355,0,X,D
0.955428250915697,1,0.1165214622816908,0.3440848135184973,0.6492474054930107,1,Y,C
0.5310118854725185,1,0.30789689701438305,0.6195812765925393,0.6848827415178707,1,X,E
0.16807427529298138,1,0.8328116653176607,0.5483227852673832,0.4464475607040549,0,Z,C
0.5737159894903162,1,0.14568822931120318,0.8797799844980456,0.09749359160628912,0,Y,B
0.6810313575384862,1,0.40015087914366987,0.16096735184291355,0.7922445671433451,1,Z,C
0.42977585794368,1,0.19997280838588793,0.3725740494242571,0.06484408335971126,1,Y,E
0.22231343481641383,1,0.5777967675353373,0.1559460937578061,0.9200471614150468,1,Z,D
0.20592788982404375,1,0.5776422371467496,0.6573520532857523,0.5327515703180404,0,X,E
0.3596485111192074,1,0.22138790336732928,0.6706181784426476,0.6599857450060028,0,Y,C
0.39087962133165255,1,0.4948301280343723,0.2862854169185416,0.012163040393004088,1,Y,E
0.5608172118810218,1,0.5334858673801453,0.6080527107485395,0.2195254293841905,1,X,E
0.0007259372935076763,1,0.73660257260264,0.3855591230728621,0.2783949161407703,0,X,D
0.9926896108103538,1,0.975324498816635,0.6055054384615773,0.9587821778932785,0,Y,E
0.9859210615950164,1,0.97772139402996,0.67660853318573,0.0985779332540504,0,Y,B
0.07369697982741553,1,0.9879149723676737,0.230468522619674,0.5605305255025331,0,Y,D
0.29916819964743574,1,0.07232346481175389,0.026573823391073392,0.4094228060917964,1,Z,C
0.2585150928787173,1,0.7858017864017124,0.20384630520969194,0.05760625450179102,0,Y,C
0.07575014668677678,1,0.9310753299454968,0.3877207167063187,0.6603420403895932,0,X,A
0.7860697165237323,1,0.09409915357975474,0.8919752033629206,0.2985010262962903,1,X,D
1.0242948266276013,1,0.9176908097786749,0.8549500161843602,0.5990550498164497,1,X,B
0.45777669634114326,1,0.05822349058147047,0.6909271891215091,0.8782114598561935,0,X,B
0.7442978442860378,1,0.6452619975692262,0.12473755676262521,0.17849057337605656,0,X,E
0.34581757543661945,1,0.5307760464459026,0.8829218316236931,0.060477412771038574,1,X,D
0.1875197258119507,1,0.18509093437794288,0.8880693763976604,0.00043450437724323887,1,X,B
0.2994447141502662,1,0.7491163918433151,0.08249403250784859,0.5878229829799051,1,Z,D
0.17498985916580656,1,0.4915117474627384,0.09470282458070622,0.4061565953527181,1,Y,E
0.052587188744455074,1,0.30983711508586465,0.0033011842089327725,0.9688802482566561,1,Z,C
0.9443020566512953,1,0.36991047739939487,0.13999401692523006,0.24181184971642766,0,Y,C
0.4987391993847128,1,0.3252988308008049,0.7078100498892594,0.4781468472972955,0,X,B
0.07938084470146185,1,0.002974615712871609,0.08567779506445794,0.2903305881081085,1,X,D
0.07667729035925219,1,0.35791953881383465,0.5261474844508938,0.45113226952195706,1,Z,B
0.2937222188851578,1,0.9796347860126745,0.7521668602133895,0.6557602314740152,0,Z,E
0.8819050040610131,1,0.04313541163440815,0.4563864469494211,0.8503150849741155,0,X,C
0.15030950554497774,1,0.04985533703109224,0.43794328003649596,0.606005405199456,0,X,D
0.05678241347115296,1,0.1729210171933645,0.026422433755036723,0.4414358018188731,1,Z,C
0.1994661202103974,1,0.4160023913363118,0.8885091792808848,0.44963270878751094,1,Z,A
0.24664459278182774,1,0.09280837761140448,0.6521245918856751,0.7026257156573708,0,Y,D
0.8866473669731405,1,0.18480632645406692,0.5106272877190752,0.7304048389379392,1,X,D
0.10816408366228156,1,0.9784812872165196,0.02571920909873493,0.4056743206677491,1,Z,D
0.11404080085399289,1,0.10404381414154362,0.2665808573705979,0.12426182244832629,0,X,D
0.15011595116335358,1,0.2912035280841381,0.825342268632756,0.6547467459867716,1,X,A
0.19748152553829407,1,0.8044559763997835,0.6066553779312246,0.48630245467021405,0,X,B
0.25428493067780894,1,0.26508807307895166,0.03001455200087033,0.889811217479635,1,Z,B
0.3323639519955188,0,0.6827728786293482,0.5456392406177625,0.6158813273117913,1,Y,A
0.1338515673011496,0,0.8556109544345367,0.5001650324181947,0.18532201814944604,1,Y,E
0.4974714559087724,0,0.6060353068438973,0.9360795359561287,0.8300123216138551,0,Z,E
0.12672750919863954,0,0.4385790957257145,0.5654997137578341,0.5375564573734524,0,Z,D
0.8993611217730719,0,0.24118883890093235,0.8485909788359821,0.6806136635210932,0,Y,D
1.0202106199131646,0,0.5742714522126273,0.39487921053925257,0.4132545329088373,0,Y,B
0.5981664375167157,0,0.380452596724856,0.4479925086285671,0.31142030321061076,0,Y,A
0.24471151672639313,0,0.4238038021164582,0.9937776120924505,0.8938131147239651,0,X,D
0.9591493966996528,0,0.9905150516667001,0.26624197449279186,0.05224259608321957,0,Y,D
0.7406532843223724,0,0.7336084664884691,0.3135795532111091,0.6164271525165929,0,Z,B
0.7048499872255481,0,0.49432502639058895,0.03175269554543747,0.70923013252643,0,Z,B
1.0657810659272555,0,0.13657315899962186,0.4317339170641763,0.012814641445679453,0,X,C
0.8166991556194505,0,0.7269125395960847,0.9891200323281646,0.7180998821086624,1,Y,C
0.7087730345509266,0,0.6245116323346448,0.6274017020144599,0.006054477595253238,0,X,E
0.8709587567631314,0,0.2801624976432554,0.001338790111372834,0.4865711945922041,0,Z,E
1.070217623768111,0,0.3910231101384002,0.024123673506619037,0.25452620355164746,0,X,B
0.6590172714519527,0,0.7374314788526946,0.11315145601628018,0.7175964160430164,1,Z,A
0.6281320105546516,0,0.2490666776700451,0.592030865846086,0.6248048493246583,0,Y,E
0.25567943125968706,0,0.12009351314847527,0.6061111641294598,0.6184680043667569,1,Y,C
0.6462492633354496,0,0.37516797865479246,0.3763798617715912,0.7030034434416662,1,X,D
1.0217426136220158,0,0.7403887167362445,0.9589399272945572,0.4753338271643751,0,Z,B
1.081393829105358,0,0.7568725191539162,0.7863759833513176,0.10820589032113204,0,X,E
0.7511466389704089,0,0.7443488215226471,0.6525989901942271,0.38846770869349645,1,Y,A
0.8185530118788945,0,0.5570247756418278,0.7723212734578633,0.8513381128253936,1,X,E
0.949746703020277,0,0.8922629955059102,0.007642454811744859,0.8468089863922033,1,Z,B
0.41592559567411225,0,0.3557372151211886,0.8481169901034246,0.20243564715301132,0,Y,E
0.0785583029502826,0,0.8414166761540491,0.9348374623417259,0.16441177404898522,1,X,C
1.070249362707347,0,0.6563956584147378,0.3903106742017737,0.24108347646644357,1,Y,B
0.6433365647866917,0,0.03860121923880666,0.9336952606707546,0.28959109152789886,1,X,B
0.9976728332717629,0,0.7642661306448283,0.3740727798728246,0.4208027418215532,1,Y,E
0.27113396800250494,0,0.35184378142982287,0.5657575871063473,0.6537939323422136,0,Z,A
1.0765523958393264,0,0.3146935886711887,0.593546556671917,0.776911062222667,0,Z,C
0.36004233431385146,0,0.059065939174914206,0.5102341928733092,0.0023305579694222756,1,X,D
0.8147511212471321,0,0.7875996994753316,0.8321874330153124,0.9298710219355186,1,X,E
0.3568371465813856,0,0.6770988577399415,0.06464512176876791,0.32291156822580114,1,X,D
0.05511260902897877,0,0.1912237289660198,0.8626384838039655,0.6799061437571007,0,X,B
1.068554992465332,0,0.4706823548571927,0.361896405703401,0.1655135537009158,0,X,E
1.0339761693120755,0,0.1852276385687911,0.12235732647015207,0.4093597318701969,0,X,D
0.1594957507540941,0,0.9423600780591934,0.06860282956858954,0.8161039458512256,1,Y,C
0.6538600259554571,0,0.31461755284550785,0.34048923530949404,0.8059891959888107,1,Z,D
0.8154585305463983,0,0.9242221609291481,0.09595854033148876,0.22117477400862873,0,X,E
0.16919949647307117,0,0.5066199921222718,0.6285888651408653,0.5219853245711044,0,Y,D
1.045291851976544,0,0.6629924353740677,0.952100079224829,0.39227349597969874,0,Y,E
0.8709534967941217,0,0.6522791927352642,0.07963156378460834,0.4194876281520866,1,Y,A
0.3798790791136145,0,0.9143720856879662,0.8255432351615322,0.8685664959098832,1,X,B
0.11159357885177819,0,0.296497651214354,0.9228033404258033,0.2994340713804302,1,Y,D
0.9155896516774752,0,0.7431012743140001,0.3360468920211216,0.274891760735372,0,Z,B
1.0828508899786018,0,0.5537529048296431,0.849253569713575,0.2055810724750632,1,Z,D
0.8674870920944099,0,0.28456758157682827,0.02905618595343562,0.9760146083362878,0,Z,D
0.2480879140849557,0,0.8474281103681035,0.4549992169238206,0.8687503780829343,1,Z,B
0.0018259221228753301,1,0.5256435378820398,0.7838237397916892,0.5750999621438992,1,Y,D
0.25857924223988016,1,0.05340997438133521,0.008467725991867736,0.2890630090716697,0,Z,C
0.28288220330041003,1,0.15139596588206794,0.8125046296448843,0.8416713500823565,0,X,B
0.47032557033176686,1,0.26801349280317155,0.3963971231481266,0.6549897212793684,1,Y,B
0.28562373772337063,1,0.8876462353646491,0.5367701840978321,0.21450829482377354,1,Y,A
0.417837406709906,1,0.3733119542631661,0.3648410132568889,0.6778950007412204,1,Z,C
0.6189828207944842,1,0.450862729421322,0.09645681011166107,0.3934486397970952,0,Y,C
0.9170798419229635,1,0.44410501353821696,0.3395620490741136,0.9579648010050134,0,Y,D
0.508237739553667,1,0.014688977629418232,0.6192809948189668,0.30906425752809696,1,Y,D
0.2259744186468642,1,0.8119533222402081,0.6687157535579841,0.8799686152976317,1,X,A
0.14601252577785226,1,0.3959641637398027,0.7227964499874211,0.6575249280448262,1,Z,B
0.5869193996431319,1,0.008714077540249887,0.8651083214579437,0.7641785114763789,0,X,B
0.0983172740547822,1,0.1987436497111088,0.5774536539894154,0.6323277110598726,0,Y,A
0.2930379800479938,1,0.11561961583233937,0.20936124915753984,0.004444251112221909,1,Z,C
0.04550104067554735,1,0.4063937235531604,0.4701514408261779,0.9325668240231277,0,Y,D
0.42355404693605647,1,0.9787813411629971,0.738405332866074,0.7225868960621196,0,Z,B
0.14933373842739084,1,0.9237120924745502,0.3228339585187918,0.973857618741339,0,Z,A
0.11543065941325932,1,0.87040646981945,0.9413246666803331,0.8859667727720343,0,Z,E
0.12483077611348778,1,0.5288617503286825,0.1860662205099861,0.020434984106340037,1,Z,A
0.2753230985227217,1,0.7928211224573746,0.7793164284067687,0.5021946340819631,1,Z,A
1.7916612033324387e-05,1,0.8674947228306166,0.2652745408193097,0.04660261895809459,0,Z,B
0.5066632661341219,1,0.5796463262759474,0.007809524802631973,0.28419156296226955,0,Z,A
0.059308146206150304,1,0.2483007838889738,0.18343809459686033,0.5044611528368647,0,Z,C
0.16137492833182543,1,0.17450449164840143,0.19281289814550695,0.39733935646830243,0,X,D
0.09129912784465234,1,0.8061508109857553,0.5594138044393477,0.483080495379947,1,X,D
0.16740262725473656,1,0.523566273043672,0.45737606725388513,0.08554901688642269,1,Y,C
0.2736424531106122,1,0.2568058792315291,0.3475600680933525,0.9693573720161771,1,X,C
0.3767752160905491,1,0.9585146150463333,0.6993439838357848,0.9848092664309256,1,X,A
0.13137487876599152,1,0.16936392381139964,0.502023939946146,0.5563860000488539,0,X,E
0.665246935781511,1,0.06386360937946778,0.6429513290449362,0.31832414368381656,0,Y,E
0.4527114007521667,1,0.2738880729149814,0.033068897621317594,0.9393890370856879,1,Z,C
0.32052293007258637,1,0.07701816651705451,0.4674359679628579,0.10215403363725006,1,Y,D
0.17920061343996074,1,0.43731828668506045,0.5069952620590258,0.7003338910067435,1,Y,D
0.14189287662603278,1,0.4330256005122207,0.902277807737381,0.808315892303155,1,Y,B
0.31303258301339254,1,0.22007035088488303,0.851558048550634,0.4629281797469309,0,X,A
0.47650791075370774,1,0.07538567873781077,0.9876471233338788,0.039306374981671444,1,Z,D
0.23114130742881636,1,0.9832119017298759,0.8189346805235321,0.5527754379598118,1,X,D
0.004489110330852251,1,0.3209999355327736,0.11645775145463666,0.9186845364857462,0,X,E
0.527368003416111,1,0.6571563925768777,0.8629240213288736,0.5087994421302018,0,Y,D
0.1861550143743315,1,0.9121189443617741,0.10671942583162952,0.6463699478002495,1,X,D
0.48914099216879126,1,0.2070618342042876,0.7993080123702319,0.8350612627650879,1,Y,A
0.5289860371753127,1,0.8563429609589648,0.032943626974837104,0.5426733201045292,0,Y,D
0.07184419172073858,1,0.2796592542691212,0.8378204449561674,0.9902190498699007,0,Y,C
0.16339580155392977,1,0.021225070271157054,0.40800109887369385,0.31403709094352694,1,X,D
0.4825662101265784,1,0.9106099494283001,0.8723696775638413,0.8393204010911153,1,Y,B
0.4279930147641558,1,0.47305584980066695,0.5014967975090731,0.4450189163401289,1,Y,D
0.005252902055439082,1,0.017497358932135665,0.7915611265484952,0.9030270977018867,0,Z,E
0.9179276660343186,1,0.47279505468884986,0.31056996626894195,0.6046103090856618,0,Y,D
0.1535164880540423,1,0.1573235771407665,0.6132982153888297,0.025369563794020777,0,Y,B
0.05610760015377519,1,0.07711962790924443,0.5951630937832306,0.9109745040429302,1,Y,A
0.5340734920217352,0,0.09714322346547244,0.6636189389400301,0.9201280612168559,1,X,A
0.7207581317843704,0,0.14190029589002917,0.31077758855089166,0.7172048730436433,0,Z,D
0.3207632384289907,0,0.46219594881851267,0.4496652329397416,0.5641636765502963,0,X,A
0.14448206253715787,0,0.541039191046114,0.48863997822063854,0.6405327071455158,1,X,B
1.0212060365739417,0,0.15466659974922237,0.639946189222361,0.9591438816090608,0,Y,E
0.38080914057858045,0,0.5460439417334598,0.435891335730726,0.5223912934189273,0,Z,B
0.275472308055945,0,0.6794134782352278,0.65366611417381,0.9864198631246841,1,Y,C
0.337675909268601,0,0.5942815047729992,0.9312956119958757,0.8571114200539879,0,Y,E
0.47297941363268153,0,0.6765070140351198,0.3155629243754019,0.9251003840493275,1,Y,E
0.5375161537639864,0,0.6374238055341743,0.9302716759003001,0.11344355115286375,1,X,D
0.3081002149612098,0,0.21431311483021565,0.4238082883353218,0.8857390032053868,0,Z,C
0.9565098368878787,0,0.2762647526577402,0.46188409970406197,0.6376263558676819,1,Y,B
0.7891864223047682,0,0.6049462873670571,0.4832728426195575,0.37545312206602965,0,Y,E
0.7383441581803166,0,0.7265098375738295,0.9305020628730106,0.96817958097767,0,Z,D
1.085825429673318,0,0.5074262869409659,0.7682182210937966,0.24749892396189122,1,Z,C
0.26576984452376423,0,0.5928232207493003,0.3022294348374337,0.9738281061206412,1,Y,D
0.772376172498329,0,0.05824984648429021,0.021766167798714098,0.03230350668796711,0,Z,E
1.025384679724466,0,0.31870903490613867,0.04438793553500431,0.205054978147431,0,Y,B
0.6199758182320217,0,0.4436551720032895,0.11166311080733493,0.8799108580183691,1,Y,C
0.034554133634198445,0,0.7583063909535268,0.8912004202369989,0.30482635372284295,1,Y,B
1.030645058310987,0,0.8680204588268782,0.4462199894989257,0.7427454848909856,0,Z,B
0.5673328053406563,0,0.7159598786345407,0.9789475185378417,0.5179819467538221,0,X,E
1.049207211763156,0,0.6586329172271818,0.7750389995960594,0.6324130809430746,1,X,E
0.5440483983940543,0,0.18485839991358866,0.01277111028080924,0.34313735451610594,0,Y,C
0.15219744700555024,0,0.0046408158954732714,0.320362795059949,0.9938523690740896,0,X,B
0.24994012936635354,0,0.23015962654316302,0.26316809050599554,0.3293042337500791,1,X,A
0.15064565106200326,0,0.31416715052494915,0.050791468147214136,0.12114748515132168,0,X,A
0.5731662449582147,0,0.3130074681550733,0.19140645716059468,0.5855583278902499,1,X,C
1.0820300213456404,0,0.5584620034797081,0.33961003458754624,0.7444693648612724,0,X,D
1.0530464351452251,0,0.27028015264608185,0.3500246525847309,0.34487281217163523,0,X,E
0.9616365717456027,0,0.5425930623655567,0.03113329383645791,0.15666395815343048,1,Y,B
0.5470375090014861,0,0.8437652317134561,0.8732537596003189,0.33146450876491074,0,Y,D
0.6408907307818019,0,0.5946848777418459,0.991080459161002,0.015832702637777474,0,X,D
1.0474439778288425,0,0.6042783084511725,0.6029264352840861,0.7248771489291057,0,Y,C
0.8399522178196067,0,0.7565179085120756,0.27269530931190755,0.023351720765992123,0,Y,E
0.7910915926077876,0,0.623306111041899,0.12733753346696652,0.4879741426211964,1,X,B
0.3611602213504134,0,0.7058285205432622,0.029949678906754706,0.6763149397164647,1,Z,B
1.0502690944422806,0,0.24335127447077265,0.15378218816344713,0.1356998380799036,1,X,B
1.0339174222811,0,0.5013359972604492,0.9894866494159084,0.7629687518866821,1,Y,B
0.11085735507367829,0,0.8004162984397342,0.4135100873784948,0.6252778240211213,1,Z,E
0.720491041318998,0,0.6038447191840666,0.5650997094229401,0.7076194155251512,1,X,B
0.6802583262160671,0,0.12703103590762366,0.8664745186829339,0.923424787950642,0,Z,E
0.21948857731415033,0,0.1598040830997962,0.945932147576117,0.5228944087574621,1,X,C
0.9745381791170215,0,0.8645779394684636,0.2394051055703761,0.9548111020816904,1,Y,B
0.8197384929943765,0,0.5046265961435643,0.0055141801732667695,0.3812831288765237,1,Y,E
0.5067076655601636,0,0.6920208001900097,0.18455726499886882,0.012685537127891555,0,Y,E
0.043378885859892864,0,0.7941569377442963,0.05058901358788925,0.889490341061817,0,Z,B
0.9559338116466304,0,0.5436188362418924,0.1421807730859409,0.05861000374900305,1,X,A
0.16809842867239405,0,0.281680938973655,0.4298689043118207,0.8434587816277958,0,Y,C
0.35291381387129295,0,0.8785715751688609,0.49704065883016635,0.601089323350425,1,Y,D
