time,event,F0,F1,F2,F3,F4,F5
1.3122682947930324,1,0.09083996125164961,0.2437530936702016,0.6525248172322365,1,Z,E
0.23790135225760084,1,0.2447162095960197,0.8012066036926871,0.1585680488124912,0,Z,D
0.701387513436549,1,0.9557974458060278,0.9561132051191314,0.1440781602842689,1,X,D
0.00028225641537554027,1,0.280259382091393,0.6944199817203722,0.016736432159222048,0,Z,C
0.18450929723691536,1,0.1059859896523444,0.2596891383982298,0.41331906970286225,0,X,E
0.4495531380698563,1,0.6628872389027186,0.3790473687356878,0.8130488948798055,0,Z,C
0.004724600774418409,1,0.012322738363041652,0.5644289584962269,0.3331454195805924,0,X,D
0.2113666377689378,1,0.9829135375879376,0.4939901043472722,0.21391165656198796,0,Z,B
1.485419308753025,1,0.9897402723697032,0.1534793332820258,0.09204171349368984,0,Y,E
3.538821638905303e-06,1,0.21747243702883845,0.39284516598353714,0.3985652774956041,0,X,D
1.3273073619396334e-06,1,0.3346354696490855,0.9383557481450766,0.04656931647046103,1,X,D
3.809329728252264,1,0.8429586784684351,0.8793131782290375,0.005829491922004881,0,X,C
0.0015538277054027556,1,0.3664965060356724,0.7007878319116135,0.11476534977064823,1,X,B
0.0020181192733802157,1,0.09575093751456609,0.48700758505947006,0.7897732158066404,1,Z,D
2.7076468752881313,1,0.908214661765131,0.6222427234187503,0.586225082266895,0,X,B
0.053740649560903304,1,0.9038958689827191,0.5322149691481666,0.7013539489027543,1,Z,A
0.09538602751804746,1,0.9639288724008332,0.0057556511655730835,0.592033164749587,0,X,B
0.2119880234316,1,0.9957531781367486,0.1671452429404997,0.8871890835705534,0,Z,B
0.08464122814356231,1,0.295917487665323,0.16009331970513874,0.8248844968526425,1,X,A
0.002114467226152709,1,0.6128048814594899,0.3189850834084993,0.5631067303277144,1,Y,B
7.159881160487195e-05,1,0.35472731030296856,0.2636742817433335,0.4538213105004052,0,Y,B
0.040722753341652686,1,0.21235871913660642,0.895602623393083,0.6425882850273186,0,Z,A
0.057449975330653914,1,0.010143830888490246,0.22214953069210153,0.5041540853521079,1,X,B
2.734696951626411,1,0.8352666348536505,0.01764157554922896,0.19389923160977074,1,Z,E
0.10932315244472637,1,0.2733861849908129,0.3628361963104003,0.5820111758125611,1,Z,D
0.23295825432974743,1,0.8836048550204743,0.16946816086492011,0.11428064920092196,0,X,A
0.12815359753558395,1,0.3097944010938113,0.7094477687209912,0.6702506939996765,1,X,A
0.9386191131128986,1,0.3504347171072385,0.47976792114560596,0.5726022582947258,0,Z,D
0.0033137279501656396,1,0.22933302449087212,0.7711327727705891,0.29699553944289114,1,Z,D
1.355678296095307,1,0.7720264941831088,0.7233183647135745,0.20589497230038634,0,Y,C
1.8145319154426667,1,0.3501659939419097,0.272398457719532,0.5152158974919254,0,Y,E
4.713507015911836e-07,1,0.5688930459888271,0.40026718018199225,0.46667642991987235,0,Y,C
0.45580066851446877,1,0.24767534396584667,0.3628907354965478,0.4821244424981178,0,Y,A
0.34387707729879297,1,0.008550704793596653,0.33145015517056764,0.09034154446629716,0,X,B
0.0003137224229622481,1,0.4515934503916387,0.8860738830270651,0.3123645061845012,0,Y,B
3.663051700747862e-05,1,0.3431429459662375,0.46742603534440497,0.6070305517935967,1,X,A
0.0031913936343180207,1,0.05656219329182954,0.9039900258833953,0.9150777670007321,1,X,B
0.37413997798973814,1,0.7710461788418982,0.3223990910904042,0.6562172007127627,0,Z,D
2.8725212069971535,1,0.5670479080971051,0.9159751626174539,0.21102477496281435,1,Z,D
2.711906431089106,1,0.009396849549034525,0.21855182248084926,0.49642653401048786,1,Y,E
0.05216653873893776,1,0.3180086771875916,0.09621870298675572,0.05686064346324049,1,X,E
0.6539941941973711,1,0.6317408317155405,0.5105773691210567,0.0016833823607987908,1,Y,B
0.1585275825949341,1,0.5694523970654437,0.512482787160089,0.6008659775788331,0,X,E
1.01332181341354,1,0.9569840912740147,0.8343912414765281,0.0040406867241064015,0,Z,E
0.9072361456731052,1,0.8326909820364345,0.07560074223948066,0.6844356441371453,0,Y,E
0.03910949731053361,1,0.12889630524962647,0.12744344469289637,0.3208718796710618,0,Y,A
0.9473807300326254,1,0.8967260244779882,0.5783601983264173,0.8990295351723094,1,X,B
0.001390308451053178,1,0.15395092388098797,0.16520453671229673,0.6011542119163236,0,Y,D
1.2801346924618608,1,0.3095062311817198,0.6927263713701296,0.3111724723781575,1,Z,E
0.10431839300779133,1,0.8934829568355039,0.3222824376276502,0.11622711618863169,1,X,C
1.0178794900413728,1,0.9971877541589216,0.20699656880694572,0.046267123077725514,0,Y,C
0.09866356637165428,1,0.8055541508821124,0.32454559868722266,0.5863958653214484,0,Z,D
0.0008519617561043815,1,0.17576599763972178,0.3555322096618567,0.46653530430003076,0,Z,B
0.09985044717828002,1,0.4341801679408367,0.5774252022322349,0.7221077137773939,1,Y,A
0.9350515546348581,1,0.8124912817888722,0.8875386304860868,0.7025060932610193,1,X,D
1.0128761102517534,1,0.14845580133240355,0.7414070513331263,0.46648085764089875,1,Y,E
0.11928031424901916,1,0.7915020250595841,0.51079565391017,0.5814000556194078,0,X,C
0.02397700184734589,1,0.9289601514491999,0.10042540395770927,0.7216702375795438,0,Z,E
0.5017851632863718,1,0.22974801859193117,0.5333288163512541,0.9017664196100371,1,Z,E
3.544270802044663,1,0.8158161670254652,0.7960377132517866,0.6905097082132992,1,X,A
0.7965179074473574,1,0.9452993726380033,0.08426470696442567,0.6726066306641064,1,Z,C
0.5845824930077146,1,0.9366701349677834,0.6027872939429276,0.026947103373504255,0,X,C
0.01525849350640514,1,0.5010954894199793,0.9108541144394517,0.7795747471379283,1,Z,D
2.74541836193669e-06,1,0.17083627378059607,0.8111963754637579,0.44519770725883345,0,X,C
0.06902511083950427,1,0.6412475294913123,0.36721455896559696,0.07557192022763959,1,Z,C
0.7923590277071837,1,0.3555421533141059,0.23628567320709748,0.08335752576569655,1,X,D
0.3994241167852769,1,0.8289607341519742,0.9236066527373249,0.7994751176895111,0,Y,E
0.22168005943219832,1,0.5528523856716657,0.7307671073877127,0.8212085030958453,1,Y,E
1.5216524590389673,1,0.704805559831831,0.4031170185970966,0.7608454408686353,0,Y,D
0.26410840776557837,1,0.634153401639691,0.5336431022006126,0.7047236123499105,1,Z,B
0.02904936828881785,1,0.01051415725983229,0.7867336479419588,0.9180738631489936,0,Y,A
3.034412771285524,1,0.8548777512341579,0.4823759777403326,0.06346524476762927,1,Y,A
0.4327591772530558,1,0.42979653185038036,0.5796516081134774,0.163454888252634,1,X,D
0.01134673811903618,1,0.060014838070697185,0.7790737005884504,0.9308773745294497,1,Z,C
4.5173293397897114e-06,1,0.06495714757220838,0.5432989066348055,0.11764904573699764,0,X,D
1.0803412158133254,1,0.6065066554845374,0.7446185035073549,0.6518294466859805,1,X,C
0.20553951533021755,1,0.4856005733044363,0.15161841858767533,0.39761915915739887,1,Z,B
1.6477006237162108,1,0.8231773648705225,0.601405553991393,0.25705236816105226,0,Y,C
2.6941977922266154,1,0.6754004340619012,0.9042690060380152,0.2651469006938363,0,X,D
0.044893607805109426,1,0.5183055074460234,0.7915979084241478,0.09900837394165662,1,Y,D
0.7946382644167304,1,0.33625935549788144,0.9417428114264349,0.7834703781501968,0,Z,E
0.1738654165744075,1,0.7918323726173386,0.5502381457933078,0.2029180716895046,1,Z,C
1.6502575818080438,1,0.6881646939337454,0.7980915243898775,0.797652867246761,1,X,A
1.5321218258662954,1,0.27409476037574154,0.6112792552078403,0.055700998178779604,1,Z,E
0.6921107828237579,1,0.06229446276890016,0.17172802586209324,0.18793992727022413,1,X,E
8.685034468184772e-06,1,0.04098086997447059,0.2693116034774494,0.9384005077087522,1,Z,A
0.7012824814938131,1,0.3478983894591663,0.7804000231775801,0.32566664359381825,0,X,E
0.0017181172302672613,1,0.05284498177371688,0.27006880132546995,0.08079962471117141,1,Y,A
0.41838353177781873,1,0.41153213921291343,0.2834547086859337,0.379034270413772,1,Z,E
0.746138610695253,1,0.7614952438789875,0.37514235243805394,0.5480561560556094,1,Y,E
0.6884332636855104,0,0.9243958982674818,0.2890024710113829,0.6251995344269039,1,Y,A
3.3239450764919503,0,0.7856889191378844,0.8986741524726884,0.3192371192730735,0,X,A
0.12324563451203006,0,0.701798444565881,0.6901420599586109,0.9140977507131013,1,X,C
3.9807590256588656,0,0.782168865393732,0.7545988571679464,0.5194848744214502,1,Z,B
1.1207868304034738,0,0.8961497928018576,0.40669672765439513,0.11929673317944078,1,Z,E
1.0506654766043817,0,0.6727837017270383,0.3045989161229483,0.6474902806088538,1,Y,C
0.6055264838079559,0,0.7997715836547118,0.5289485256913001,0.3095813222316721,1,X,A
0.7459118201106301,0,0.2221591042628034,0.6785279196516356,0.3199813167948842,1,Z,A
0.22755541971557167,0,0.8033088231072387,0.8136949856267338,0.8262349024752508,0,X,C
0.5227857824076593,0,0.4699360558554868,0.06759554849746752,0.3064192360252337,0,Z,C
6.039170413716088e-07,1,0.3978674091797316,0.7528635077108131,0.17704892641795977,0,Y,C
0.1948770440909817,1,0.90558964234856,0.8521465039385723,0.7711064043172228,0,X,E
0.6074425941166884,1,0.2655301177929016,0.09260163286705048,0.25527042554689616,0,X,E
0.6015206561126586,1,0.5833247317881801,0.2570993631625347,0.9324653152435602,1,Y,E
6.359655889983573e-07,1,0.07008939823232418,0.40557579313150627,0.2616345236806631,1,X,A
1.2015370321699694,1,0.5952810003733179,0.8897234693861789,0.007740519602919993,0,Y,A
0.0011309829012781678,1,0.13666674666463086,0.417380278607419,0.6582403195913293,1,Y,D
0.2519611575508029,1,0.7927487095265742,0.046773205361059444,0.44572558858662514,0,Z,A
0.02810726186563245,1,0.3192536276103184,0.3770882086666174,0.8065345132573274,0,X,C
0.8120611566220565,1,0.041462907404494875,0.687509120709492,0.45481635720876323,1,Z,A
0.5655410627625335,1,0.9987120979106118,0.4362831757600998,0.30562558227709924,0,X,E
0.998947659493617,1,0.685798714114066,0.7676704596701611,0.3889535299506125,0,X,B
1.2059201491249885,1,0.8584954971091493,0.7775951958315518,0.5916438559844135,0,Y,C
0.009328468189528307,1,0.30687107692795557,0.363002967774939,0.24215727113147967,0,Z,C
0.0007667388076193804,1,0.2301331688992282,0.20124711974251275,0.22748952994702798,0,Y,B
0.0018925056184715947,1,0.22757946552568564,0.7149698299681183,0.636455710754929,0,X,C
0.12798097448355844,1,0.17601730348530686,0.55088326190781,0.7536584173073541,1,Y,B
0.3490527239355046,1,7.307382617782743e-06,0.6164338184563262,0.26129895785189616,0,Y,B
0.2231307486800253,1,0.46849281820534416,0.9410338007661353,0.2068383972055018,1,Y,E
4.546781238862016e-06,1,0.046919756397694856,0.737356524067098,0.8564759324064074,1,Y,D
0.16330523226027518,1,0.7885340962162933,0.1981569568626701,0.6439284755088767,0,X,D
0.25035073966755456,1,0.9725830180544502,0.7538146765120969,0.022661196284585405,0,Y,D
0.09506763016190102,1,0.49570246661023043,0.6214059425167243,0.895041152449628,1,Y,D
1.5095460787094348,1,0.24203611807065517,0.9255604507971597,0.6605195151360463,1,Y,E
0.40338372985592463,1,0.7679573553133974,0.40030289695351107,0.28328195134050127,1,Y,A
0.6213299253709366,1,0.6316790584234527,0.020616692818196225,0.804721506032878,1,X,A
0.22833695081985314,1,0.8670015980547645,0.8506586574095295,0.15837776470395692,0,Y,D
0.003021280169452312,1,0.43848004781937955,0.6461500912249085,0.043835957125511915,0,Y,B
0.12653302250129872,1,0.6385112858681988,0.27646713693345604,0.33474618958026203,1,Z,A
0.0025004786682505673,1,0.037200067749260324,0.3347485926972057,0.3389280152016497,0,X,D
0.6095021794451487,1,0.8517899080137891,0.7217506304039548,0.26632908120328413,1,Z,B
0.07211000934955833,1,0.04942907899509519,0.4726332904426388,0.4925094646801025,1,Y,C
0.5484483646433344,1,0.8405725565316331,0.7095485671149458,0.7335283026076685,1,Z,C
0.715449558846355,1,0.024247316736302316,0.7999312392501849,0.9934182417373415,0,X,E
2.180748891274138,1,0.6228175719027512,0.06089572726415049,0.30002317159399305,1,Y,B
0.977792629542621,1,0.34768022716568436,0.6005236466246424,0.1142694096601995,1,Y,E
1.8421769552143632,1,0.5021777134028578,0.4925329811615141,0.008129712138003509,1,Y,D
0.6195766911537696,1,0.9277669284292297,0.2743015230238586,0.7561957102770491,0,Z,A
0.4235645349141579,1,0.08442615909037765,0.47942569038349636,0.3214101561188806,0,Y,B
0.0004758964098912036,1,0.33572118804993056,0.7274553653462312,0.5022840760545743,1,Y,A
0.01755952518183258,1,0.6153255003001126,0.3588222244287622,0.7812089238043699,0,X,E
0.11222405097201035,1,0.18381615048875277,0.2893579655678459,0.22366575515381848,0,Y,B
0.25367787032739747,1,0.28158399173448834,0.7485680629654395,0.8925921881576534,1,X,D
0.01779954294871613,1,0.28674014910018275,0.7705627059394088,0.7256769418832465,1,Z,D
0.661668568037746,1,0.7307489172184777,0.526687697200844,0.8370388890676251,0,Z,E
0.5333235485797685,1,0.8356886571374276,0.9880753016451033,0.026768692538353456,0,X,C
0.15277134021058392,1,0.1952415736388129,0.952672702205245,0.19862861202688864,0,X,A
2.1160677593836406,1,0.866197459043545,0.7210934939158501,0.532102948258735,0,Y,B
0.23521372687586178,1,0.40262885599212994,0.27613664435944985,0.46862258055432116,0,Y,A
0.0002134151821173806,1,0.33589062936308633,0.788429749515383,0.6273727545156624,1,X,D
0.06962670697586901,1,0.1450874195616746,0.5549147730433349,0.42082945285665163,1,X,C
0.6388130061471777,1,0.8645398890802642,0.48828907494133933,0.79365099778085,1,Y,D
0.04599448306812038,1,0.549943216465177,0.8988128548643591,0.6686791969629187,0,Y,D
5.254032289951193e-09,1,0.2340922730009516,0.2019309105554058,0.9925320912449439,0,Y,A
1.7837348154423913,1,0.9164889800851029,0.4197228436566698,0.596540695954304,0,Y,A
0.6707651248468682,1,0.3186964891254629,0.19317842987759182,0.24353569172841338,0,Z,E
1.8627915606501013,1,0.7030229999234268,0.9917396850024112,0.7548815231893217,1,Y,C
1.1206839516612401,1,0.16026108265275762,0.4893266963794295,0.38971876195246413,0,X,B
0.4322317429302075,1,0.7190750183155261,0.4434970808699249,0.4566043373082821,1,X,C
0.6596687473447691,1,0.06400416133807274,0.3923995759623211,0.6936776633596127,0,Y,A
0.000297987855387793,1,0.4422109866260918,0.48600380782435504,0.6613624685999582,0,Z,A
7.343809639904104e-06,1,0.15041798598543388,0.08021742398995169,0.6479466468604522,1,Z,A
8.999126047289685e-06,1,0.3871020940092589,0.47140216809794744,0.6794705406454029,0,Y,A
0.011186007520932899,1,0.026659167894348967,0.9797905849260378,0.2938753468012938,1,Z,A
0.0037811759642453315,1,0.25073369955337355,0.7589296954042425,0.08738708301633158,1,X,D
0.10850977728110074,1,0.11455058116788486,0.5447955288765886,0.07755967235311001,0,X,A
0.013811688437817514,1,0.3938588924078176,0.2133265103842208,0.9265082722162377,0,Z,C
0.6041163445064252,1,0.19693758208589907,0.38311120910209995,0.8577404845421024,0,X,D
0.6545464432806389,1,0.5548419887039566,0.7641559702990913,0.021917929921540735,0,Y,D
6.703113345198123e-05,1,0.4963487007871903,0.3336120845537225,0.7119353529760744,1,Z,D
7.236984577166331e-09,1,0.46318936801038935,0.7613776862285867,0.8703307001072469,0,X,A
0.8070502062409047,1,0.758752041804575,0.7475133563271306,0.3240548160267668,0,Z,C
0.001932975390314752,1,0.2799741083525886,0.6882364692658071,0.9287498543092918,1,Z,B
0.050785011602806726,1,0.851274430342421,0.15434186886437307,0.13793097013246958,0,Z,B
0.4002503459709723,1,0.5182150511862106,0.13985514536084354,0.05906516499034653,0,Y,C
0.2703188850489676,1,0.4806591993203583,0.11661384432650035,0.9697321603292841,1,Y,A
0.13110325548354915,1,0.541550852386836,0.08675061001610573,0.4260092712206367,0,Z,B
0.11642369524270325,1,0.4199737821952688,0.32619855668050546,0.23232864301690814,1,X,B
7.702540786475129e-05,1,0.5661607208316437,0.4384416384969775,0.9440705297760925,0,Y,C
0.6927841076573285,1,0.7919991269482608,0.918977176767168,0.17196146926619682,1,Y,E
0.10099362121987757,1,0.38440713208705757,0.3616487400066337,0.8845114058883955,1,X,C
0.14675889582555612,1,0.5271503395837609,0.5299068336933042,0.8169125808515375,1,Z,B
1.6102729927672137,1,0.9414327590352279,0.6732964089318468,0.17805981494499656,0,Z,D
0.3791616436970522,1,0.18615424987533147,0.6851350131067158,0.15313914930003314,0,Y,C
0.8321790807258452,1,0.5560301829181618,0.8272914739763367,0.13551728279268915,1,Y,C
0.00022984937587926853,1,0.6090127672289907,0.6754725777358529,0.8143047276945754,0,Y,E
0.3943150288442651,1,0.7729853010999229,0.8638915414055085,0.8179896503027342,1,Z,B
0.020325337726714993,1,0.4711506155048928,0.7188249577650516,0.3296824120551657,0,Y,D
2.2209269732519106,1,0.6990236966194239,0.8471003518596201,0.9303430470588181,1,X,A
0.055356842992195184,1,0.46270398414103475,0.6626636726818237,0.9376181187976316,0,Z,C
1.3452221312087242,0,0.5873438831126152,0.7427030680533285,0.6289698881696686,0,Z,A
0.60193867794662,0,0.640016613083518,0.6889051825145671,0.8396546202352039,0,Y,A
0.2367396147489782,0,0.9245627091405725,0.09117929584742401,0.277096672810227,1,Y,A
0.06074737835957653,0,0.34695236901594684,0.6813744407215429,0.7027656685196076,1,X,B
4.016914299388526,0,0.14580129316580326,0.2660716343520082,0.5823601385558091,0,Y,E
0.4392714225294838,0,0.6755023213751367,0.34413407548938857,0.98489112565365,1,Z,E
1.04234236451619,0,0.6211743032532865,0.049883831859188876,0.2781157598619681,1,Y,B
1.301830129748476,0,0.7847917623084063,0.8990025378222786,0.23389809001761508,1,X,D
1.6782298751886435,0,0.7903396050759749,0.8713063177526192,0.08681912165697636,1,X,B
0.0339188216695544,0,0.18512761625639707,0.5067827085986846,0.37831684351427797,0,Y,B
1.7796847450509679,1,0.12004886889152488,0.2787142856344057,0.30665927013185246,1,Z,E
1.329079123672452,1,0.9090060522576672,0.21142511796301622,0.4226193007804726,0,Y,C
1.0471354717830532,1,0.39855676335646995,0.5017535193018526,0.4632961482516694,0,Y,E
0.3158679311359441,1,0.778656094802775,0.28403975269407644,0.6142636868410734,1,X,C
0.02597467918795074,1,0.3643911456588964,0.7671971701551599,0.8175167099858556,0,X,B
0.12291049297805769,1,0.7365391878119247,0.3702148860886818,0.13594702177156848,1,X,A
0.23016894259217577,1,0.10622841831757524,0.1658434992065433,0.8879316999836507,1,Z,A
0.7987557813443029,1,0.1729796312238292,0.9387192200790647,0.7440784339199197,0,X,E
0.5380663916488619,1,0.3588376490946157,0.1743939592762741,0.697860034395037,1,Y,B
1e-09,1,0.28237490257962305,0.30818232327094275,0.5500088998825247,1,X,B
0.0722722318574186,1,0.06756008285592763,0.5014321951080604,0.04458683695256571,0,X,D
3.134139676960844,1,0.9121243987689739,0.7740480278587634,0.45294303187175844,1,Z,C
0.7525405131729673,1,0.021923292841912856,0.6360762991577791,0.423861084973004,0,Z,D
0.5955193831904533,1,0.7672530795309985,0.4237206248418173,0.7758438775350049,1,Y,D
2.101770221080957,1,0.8627260710820314,0.7837493503273927,0.5565654164245568,0,X,D
0.0036515148100503513,1,0.22248420904464938,0.0901255388142953,0.20510661004581687,1,X,C
2.7282489467116178,1,0.8303544429463764,0.8728952138434266,0.29345155394523426,1,X,C
0.07160830413741638,1,0.15462845074331433,0.31353518927106794,0.3180993068722753,1,Z,D
0.23095903573941484,1,0.7080404924634288,0.5435101934716191,0.42166605487484454,0,Y,B
0.21887631422020548,1,0.8063903505477571,0.40513490468767477,0.9017114016162503,0,X,E
1.0330251275089695,1,0.5559219039431851,0.12424614370884401,0.12986180315341211,1,Z,D
1.3864284295820912,1,0.6281210534305043,0.22313228139827268,0.7474880121948645,0,Z,D
0.008443239746475891,1,0.3964432238276111,0.5246016939079323,0.7612116638380303,1,X,B
0.0022231038655984646,1,0.42470699679012835,0.7275416544910259,0.7206602789390434,0,Z,B
1e-09,1,0.025145807902381856,0.06078250070115798,0.6903325214626911,0,Y,A
0.20568691635418354,1,0.8220704799946197,0.49672067942680975,0.8892445543553549,0,X,A
0.8486657442155889,1,0.6809572800272025,0.7309126802067922,0.5297542171705295,0,Y,D
1.5797503829779866,1,0.36852439287338523,0.4337014852603379,0.4157773358203857,0,Z,E
0.009992802220125158,1,0.49218041155237024,0.6878302235403173,0.7021257088470731,1,Z,A
0.040898876187352634,1,0.8631102081471751,0.7600705496907612,0.8130002938268636,0,Y,D
1.5297362192746473,1,0.15228240894218048,0.37448547068842875,0.31359628820317154,0,Z,E
0.5587533408863047,1,0.9515922993353841,0.4274474555657567,0.898922895531398,1,Z,E
0.08875754200849009,1,0.04870048934413118,0.8597363322191938,0.888883828368519,1,X,B
0.06766402967214474,1,0.2774824489600838,0.8814276733777262,0.4038976282323594,1,Z,C
0.1918781272277608,1,0.7294619082574573,0.13050576559986238,0.6862427862729821,1,X,B
1e-09,1,0.44384754329679077,0.08724805846603789,0.07010061767715148,0,X,A
4.991547851764293e-05,1,0.3602559395777901,0.8168361341084682,0.9922763150557298,1,X,C
0.0005972111435974215,1,0.19044265681942907,0.7375445204062446,0.934180418437224,1,X,D
0.9994825896177301,1,0.8910092745785998,0.13679489125008026,0.8371728497111128,0,Y,D
1.383866527068477,1,0.5676741191088683,0.9371446734703249,0.22745977028243902,0,X,D
0.0026048392416881372,1,0.4027383495052427,0.5411008330901192,0.2283571049967188,0,X,A
0.011956970870237525,1,0.18963361971609138,0.21669765015141884,0.27099392561953517,1,X,B
0.06463884073076084,1,0.8863388695983906,0.42463300932565595,0.7963751412167446,1,X,B
0.0009707688719301828,1,0.10193159614992287,0.3408031972332499,0.4452702636650505,0,X,D
2.456239472835276e-06,1,0.5233581116273326,0.8181313804658421,0.7586650115146207,1,Y,D
0.00027083829048839584,1,0.16149499523255195,0.9935393363874602,0.5083541435611805,1,X,B
0.14163853845274327,1,0.14588145619356463,0.6402130739806738,0.6287370346199066,0,X,A
0.3735964121199506,1,0.8508054510686861,0.8813210459348074,0.6895399207123108,0,X,E
0.06317489953401316,1,0.5770506291071428,0.5136720453241456,0.89567660938707,1,Y,E
0.12431952659906427,1,0.09216469687077888,0.8985255232492003,0.45593403959559076,0,X,B
0.0011557562950094925,1,0.022662816153162235,0.5156835425742539,0.027810146899172827,0,X,B
1.0869229816453667,1,0.6568219503729676,0.8175131280715038,0.44733008003442076,0,X,B
0.47407641818084695,1,0.003778774417350861,0.21089556034331314,0.4838001576153306,0,Z,D
2.3093913150159464,1,0.9176489730829458,0.6346737510293643,0.9297710022203474,0,Y,D
0.9038806877475809,1,0.8099569152770248,0.10381645440336851,0.21394023758512504,0,Y,A
0.2940224295401483,1,0.7287568468638488,0.19247016657799487,0.2682667244336254,1,Y,C
1.833755441213852,1,0.6805128727707672,0.45363541278087494,0.07958529672814563,1,Y,C
0.003186961124553622,1,0.4581619437959883,0.8628826859108532,0.3486192368676647,0,Z,C
0.001193599503459085,1,0.3475022040046961,0.40732406330871596,0.6942542590508468,0,Z,B
0.22528906912549074,1,0.5277879363741604,0.5187473091016099,0.6942933154059847,1,Z,D
0.11995848730981105,1,0.084433957711322,0.6263199687327385,0.41627046350936026,1,Z,A
0.2591547444246517,1,0.9990847514453305,0.20637512215550147,0.17238027553846924,0,Y,B
0.02688816613832733,1,0.4559663501177278,0.8409824737632658,0.2669117758143169,0,Z,D
0.0007394786176794367,1,0.08709736233635978,0.9147213807400864,0.3863576867998123,1,X,D
0.000410883965749181,1,0.20634926098275175,0.831597231822306,0.7482807214212641,0,X,D
2.5129683065013055,1,0.6216690864629084,0.5116581494827568,0.9424793464522175,1,Y,D
0.13040593555763982,1,0.616652288275011,0.3742048702754849,0.0559420909261219,0,Z,D
0.044722982744939424,1,0.014846324453446802,0.7835263755148214,0.6367695790550436,0,Y,B
1.5272907343581708,1,0.4465497597929743,0.7532951097866832,0.4938908842060973,1,Z,E
0.00018001348620883434,1,0.33914309362754924,0.3481178179123723,0.8266968863199368,1,Z,B
2.4107201077029834,1,0.9847849988136456,0.9106808288934544,0.6596339412382274,0,Y,B
0.709398949106314,1,0.2483873126905336,0.28505516645775364,0.13925911371877187,0,Y,A
0.13133002597774285,1,0.5020480211290661,0.9827924429193337,0.12221417304785276,0,Y,A
0.15084556066587712,1,0.28953153573355495,0.03847091954741044,0.7891344750138792,0,X,C
0.2261561987282474,1,0.7183296787548958,0.9218139668224942,0.8008919828864394,0,Z,D
0.834050430443801,1,0.8074879238026904,0.01672458626929374,0.7156357811986438,1,Y,C
3.034876627024742e-08,1,0.1365442986955706,0.3735536273746356,0.9150508648104456,0,X,A
0.06387591639018027,1,0.3925206197213773,0.789147138266627,0.22700870433624332,1,Z,D
5.460825522009541e-09,1,0.2911850043044373,0.4425228133736936,0.8701741623195022,0,Y,D
0.6169104960955792,1,0.8278428013936294,0.39739769220367105,0.8277564904729595,1,Z,B
0.00024169272376380556,1,0.06675501252986449,0.15649618581601854,0.9380630018527052,1,X,D
0.17033798288774565,1,0.3333751167712473,0.6748339032476512,0.397531080331742,1,Y,C
1e-09,1,0.46482156099228433,0.16041922891570837,0.48572445293495525,1,X,C
0.0005506823955911287,1,0.4111165786487888,0.7879587815469856,0.32915784600723363,0,Z,B
0.00031217877657304467,1,0.13951825882935442,0.3172740421572394,0.6539115768321193,0,Y,C
0.13616537510181273,1,0.6759997223927388,0.2371287694876162,0.5559323746697936,0,X,A
0.37813530707007675,1,0.7699641520717951,0.09863002272236254,0.20160601265809874,0,Z,D
4.776145685824887e-06,1,0.5358692906636713,0.40882975211637484,0.26494350741271155,1,Z,E
2.4478761055727576,1,0.7923254525841622,0.9305045735571961,0.31232888146931925,0,Y,D
1.7350081046506691e-09,1,0.33373188344066085,0.7908920859056536,0.14997329541962112,0,Z,B
1.2848705568779648,0,0.49494133599677914,0.27160164592535374,0.25773186111729895,0,Z,E
0.7969220720101226,0,0.9114525590850271,0.523543415387283,0.5721148785091306,1,Y,B
1.2249613315846921,0,0.6763638092187996,0.88529782864484,0.04320483488497828,0,Y,C
3.4187051502140595,0,0.07506436083255119,0.14554796603812947,0.2968605358151095,1,X,E
0.22162262411341413,0,0.9988044660469545,0.8061905032624808,0.5406274584073866,0,Z,B
1.2115360586539188,0,0.0995767248642353,0.6536357280950458,0.08642139364462842,1,Z,E
3.384626284279392,0,0.13410827437972728,0.03199540229909237,0.20373918632259058,0,X,E
0.18445859336530984,0,0.9142236788112786,0.5694403234148039,0.15364489273713644,0,Y,A
4.318868888459705,0,0.15284767488617368,0.04024492430800308,0.6135896895892543,1,Z,E
1.2655764907327598,0,0.2880370341248021,0.6720736848031315,0.40285747614588174,1,X,E
0.0771393284702513,1,0.6986932566546027,0.32943910609413796,0.8957672207622484,0,Z,D
0.10314545949137052,1,0.027925984706088314,0.8897384055966866,0.40401908968954947,1,Y,D
2.1048732848109144,1,0.8962057610826967,0.07685139985835987,0.09407295082084699,1,Y,A
0.0014277681240825845,1,0.23230647446725583,0.019232689012075754,0.211713728056952,1,Z,A
0.1438069532306534,1,0.8019943589637952,0.504919151440675,0.8019583109827311,1,Y,E
1.323788861713305,1,0.8973612526534603,0.8938506875388466,0.9899643503581425,1,Y,D
0.5393983573767731,1,0.802779289098282,0.17387886150019627,0.1688008045178102,0,Z,C
0.0031559170243434433,1,0.3395834014709772,0.023408329368081016,0.4257263717164438,0,Z,B
0.22757550661072218,1,0.3939789259729236,0.24274608731655167,0.601319127523518,1,Y,D
0.25896959864427077,1,0.9550815464917541,0.8540764000421429,0.014984414799291579,1,X,D
0.2494402370761879,1,0.6951764703237135,0.37191926086414373,0.5591802531325949,0,X,A
0.3904093577067363,1,0.9318992677637615,0.00845300793130832,0.3827386701624622,1,Y,E
0.3642666039066172,1,0.07137344553252012,0.7076910920019319,0.27091220974341723,0,Z,B
1.027969367809528,1,0.8416182080328929,0.11952847874194095,0.31019977701376245,1,Y,C
0.7657679604330839,1,0.9711141407337779,0.37239465985117615,0.8838080320597552,0,Y,A
1.4244717507270224,1,0.9046104946240545,0.8029466476901271,0.8035002666543292,0,X,B
0.5924947331622286,1,0.7491049848068493,0.16381428785984675,0.37419665054284257,1,Z,A
1.316537810749998,1,0.05059627507939202,0.5905167494710667,0.6330067466001518,1,Z,E
0.06227537733452913,1,0.15720616194644732,0.3614433616356051,0.20279235833278053,1,Y,A
0.06074878204427635,1,0.2862173280311605,0.5675943451348268,0.6651888405114181,0,Z,C
1.0026019423535072e-05,1,0.4660405592261405,0.81971500599518,0.015322348245359607,1,X,C
0.024717718969752177,1,0.9140374064649767,0.5261938325782737,0.48771528758235905,1,Z,A
1.2156446785133406,1,0.20066627958228456,0.8619411788600732,0.6147882523370037,0,Z,E
0.013525514596903414,1,0.0565232729088706,0.24648077072373664,0.24728383747217286,1,Y,B
0.002594684785907386,1,0.03855972513369821,0.8623245692718247,0.34915949104157407,1,Z,B
1.820155147051523,1,0.45453838792602896,0.8459219652353163,0.355307274282888,1,Y,E
0.2148338033245654,1,0.3165538217865156,0.6282340171842581,0.2097034040136967,0,Z,C
7.587362109873922e-05,1,0.20330426374902788,0.41973989265013434,0.16984431343833906,0,Y,A
0.01215251582345325,1,0.27405814231452497,0.7415889430813823,0.7715534674901835,0,X,C
0.020080985973578613,1,0.5484502947506722,0.679562710140943,0.8632333400862108,0,Y,C
0.1983748940892974,1,0.5188457967358049,0.5005042420814082,0.9421782616857713,1,X,D
0.021652750413661905,1,0.07576527746849959,0.8716427956456341,0.577412458078769,0,Y,D
0.16815654403086522,1,0.36483613209453514,0.7738563936095156,0.9645379830493148,0,Y,C
1.3963434012562388,1,0.1799641072225019,0.4177471107249643,0.9916674966142013,0,Z,E
0.021850597272060533,1,0.4700132449857044,0.9474440491844661,0.07128600569268495,0,Y,C
0.015178380620751088,1,0.3591901260588899,0.9025435005845082,0.8713935159707898,0,Z,B
0.33285140168935146,1,0.7715565934840563,0.5018106986442278,0.5826227351168769,0,X,A
0.9623224999781171,1,0.6932187488219542,0.4583505133806651,0.9189478957065791,1,Y,B
0.0005479641902320171,1,0.16147318155318768,0.8782288840805261,0.8759741794358199,1,X,D
0.18977647783130208,1,0.8669232818316261,0.8839161038309221,0.4976378136970666,0,Z,D
0.011377053359004054,1,0.7408760736736218,0.28619198642071497,0.5621522257205107,1,X,D
0.003869874869435238,1,0.5066709933630676,0.7262744312630544,0.31986856694867627,0,Z,E
0.161203803200841,1,0.9298440226613811,0.2738817811943324,0.915657206849985,1,Z,B
2.091500076632619,1,0.8195752723394887,0.5560671409311129,0.37019104266959924,1,X,E
0.08250516191305651,1,0.6263336586227738,0.4596175201135796,0.6976783813898482,1,X,E
0.001382455482365044,1,0.3861955826742499,0.4792498318326185,0.9909833853670545,1,Y,A
5.352375986265502e-05,1,0.3463426981754615,0.6226402852759452,0.24336791063352403,0,Y,A
0.02444684764139945,1,0.2948986682032405,0.8640564342572721,0.4674319124351656,1,Z,A
1.3382156914321616e-05,1,0.14046655102448113,0.2914760975785543,0.3929442840690416,1,Y,C
0.8353123187555151,1,0.6262635530521691,0.008618545227751961,0.3692353304027072,0,Z,C
0.8283789902555179,1,0.19429151234115682,0.25061566260022117,0.011771371186170554,1,Y,E
1.094008652904358,1,0.31440725665543423,0.3763209133984333,0.5037551231360237,0,X,B
0.32685802819132787,1,0.9970694983886426,0.8819831602055804,0.04745478308373219,1,Z,E
0.9865390095308328,1,0.0005372144418875902,0.6958143655082005,0.1844379758970951,0,X,E
0.2466533852047704,1,0.22143366200901882,0.4431812653349889,0.38588902849974827,0,Y,B
0.0002810707435315132,1,0.33511101112652375,0.006883289105579338,0.18095950975866892,1,Z,C
0.7836826049023966,1,0.8185330966955419,0.5641120914584427,0.4351565887469031,1,Y,B
0.6483718571675251,1,0.5969402466109178,0.06905942456729353,0.7738800317805714,1,Y,B
0.15818279530151236,1,0.12514041246250096,0.2423357123858495,0.1715861452652957,0,Z,B
1.2574520630382322e-05,1,0.38459456185224905,0.32969118722574386,0.3696785572639739,1,Z,C
0.07728206216917487,1,0.31670774336605856,0.12882566720532396,0.7422701805171349,1,Z,A
0.9608488241779701,1,0.7361665426944831,0.23769773132480077,0.7491960312144523,0,Z,D
0.6451958527979061,1,0.9875703611018131,0.2174963862031939,0.9310613734635775,0,Z,C
1.9172933200839313,1,0.2937135611044739,0.676899516556399,0.36016224586726975,0,X,E
0.35512885242881653,1,0.45318071458685394,0.7797311493643241,0.6779605401630677,1,Z,C
0.4658304171799284,1,0.8103062272965051,0.7151886379511672,0.1255818083493475,0,Y,C
0.3077859958962609,1,0.5588938713180968,0.17562810993840272,0.01797425623812776,0,Z,A
0.11167421242897,1,0.698211208128573,0.3322088089337517,0.3735106026959437,1,Z,D
2.2921130144521613,1,0.26733609234697575,0.1410290902216058,0.7573787557007333,1,X,E
1.2573878315992855,1,0.45830613527416353,0.2823427910037931,0.5365699691307434,0,Z,D
0.2134489953996886,1,0.29380151905336005,0.6681894663079472,0.24001190615229628,1,Z,B
1.0454110970481823e-06,1,0.6032393783797659,0.7895149172694212,0.3855570964122248,0,Z,E
0.6137805138125587,1,0.7206288492398895,0.3170987692535372,0.4712327312923681,1,X,B
0.005429687114734401,1,0.25592650369502,0.4414438619936032,0.20251250653146857,0,Z,C
0.41348593381739546,1,0.5133703328590264,0.1123809594333186,0.308317666456012,0,Y,B
4.61533550837176e-07,1,0.019315400234283464,0.4048295691036168,0.33120698003496607,0,X,C
0.011835199980532419,1,0.10996292347076042,0.6867654834438892,0.919955414058156,0,Z,C
0.47527344860587306,1,0.8356364155618801,0.5731286804740897,0.7260778263552002,0,Y,D
0.07651484941464308,1,0.008809260456127621,0.6627528093441033,0.7064848640505214,1,Y,B
0.19439153660381925,1,0.6416562177271938,0.20544460338993864,0.8424823058746023,0,X,C
0.06435108516889773,1,0.07022618497379007,0.38277447163744893,0.7096957690736634,1,Z,D
1.0965293958123141,1,0.8224075232191331,0.8618843629129334,0.09736904402233792,1,X,E
1.1759108465469679,1,0.8944403004984046,0.0297872021448361,0.43134680961312055,1,X,B
0.0006862998839670758,1,0.2072608148026006,0.6553465289427249,0.8310804050239243,0,Y,D
0.8831282750378133,1,0.911876578718696,0.0821487126136512,0.1019091418278335,0,X,D
0.00010025689891597707,1,0.13989582264699996,0.7784902024807406,0.9722534039159243,0,X,C
8.794043564739118e-06,1,0.17296616854986102,0.9538088649148391,0.8224492251664315,0,Y,B
0.004126633812300898,1,0.11479334914120687,0.1697762083575446,0.8954734666785115,0,X,C
0.029636665967538875,1,0.3636843430103841,0.6289589802781838,0.19491742857850936,0,X,B
0.12027467676159206,1,0.8440396345530666,0.8826754575653127,0.9268843743398699,0,Y,B
0.5945419785283774,0,0.044150793214571826,0.7711277761964322,0.5386465492375095,0,X,A
1.2310735769047043,0,0.5683611057785196,0.34965156321945257,0.3076166600166744,1,Z,E
1.7020872278529482,0,0.7918034383685415,0.13785418318586673,0.08821426154558454,1,X,E
0.734856566605417,0,0.8161256873885847,0.8172637868751057,0.4646981170604113,0,Y,C
0.7366160910080121,0,0.6405681568217091,0.017832624635889416,0.8873385511759433,0,X,C
0.7246749046390187,0,0.8383506589881646,0.40826312394888864,0.4950119906750665,1,Y,E
0.9913768457965828,0,0.5711028368373392,0.2984048161872349,0.880723916497897,0,X,D
0.9390206087155054,0,0.41380995789822683,0.14537993515641257,0.6564199560631426,1,Y,E
2.423070880504202,0,0.21808428352930254,0.6002085451887467,0.12285606616633338,1,X,E
0.31642402493844946,0,0.798104827979213,0.16420010108713756,0.8313556277537437,1,Y,C
1.0384827704179098,1,0.9648452726168508,0.3212724615964905,0.4358033279504313,0,Z,B
0.0021868723300809785,1,0.14161642697145227,0.35814097585427185,0.1436927655762208,1,X,C
0.022168856633234084,1,0.165087350097455,0.9819855720491919,0.3200516154637131,1,Y,D
0.3836621324333961,1,0.6649499651446558,0.06247841362964135,0.2920321937802065,0,Y,A
4.093743296539465,1,0.8460677026595634,0.6196805093696905,0.8184404100053819,0,X,A
0.00015619174414863415,1,0.15688307544567937,0.7835823371975905,0.7431849489502643,1,X,C
0.006460733764810781,1,0.5829674250868,0.4632034841968936,0.4952788893719241,0,Y,B
1.4294144630863355,1,0.6642087509665443,0.5970324979301393,0.298391234867175,1,Y,B
0.08116700331839867,1,0.5949963275756629,0.30543342970111,0.17461597595547862,0,Z,D
0.04267252357772511,1,0.349901589089612,0.9213404738605359,0.2986884556322805,1,X,C
0.6295746134487724,1,0.21698077700988638,0.6774903767004375,0.5440221093297904,0,Y,A
0.966740121608248,1,0.8914689428866363,0.898573533938595,0.20537117625089174,1,Z,B
1.1721896009737471,1,0.980316813496138,0.6069140680190642,0.4201464881499898,1,Z,B
0.22180773225345907,1,0.9512839756211636,0.42026337937292946,0.8326448976300295,1,X,A
0.11315164647932804,1,0.4226503330200355,0.3175448777416836,0.002370045285107425,0,X,D
1.8474268941268626,1,0.23479986335201963,0.5754090714009847,0.6755997983420703,1,X,E
0.4091400794719328,1,0.8350409478536686,0.011791256589744115,0.7128240917599655,0,Z,B
0.746710655826379,1,0.8553544318771961,0.12483070833901333,0.6348488008251563,1,Z,A
0.00028499622244041004,1,0.48083075843561707,0.30513238212374216,0.06783144576619393,0,X,D
0.3870507797826513,1,0.8655032104667891,0.6850674584688184,0.4558217411439661,1,Z,A
0.7303774131243498,1,0.53882918310791,0.3842070381035275,0.03244538325680624,1,X,C
0.5567084023627902,1,0.9184655279269395,0.38183625728508597,0.253073203296171,0,Y,C
0.11246512791881391,1,0.15915108839367442,0.0670009775841488,0.5986118391306645,1,Z,C
0.09382266331675723,1,0.05845737169253762,0.6844659462903226,0.8253082674890605,1,X,A
0.3784980301329134,1,0.6301788677353835,0.45924521176650357,0.9534082070355844,0,Z,C
0.02910573955673094,1,0.08783378541254483,0.556048611437724,0.5964325211787238,1,Y,A
0.11412661160851983,1,0.06228381261175897,0.6562519760687474,0.16271499443169724,0,Y,A
0.0002360618884622556,1,0.24070350483058522,0.8488317445309366,0.31609130565417387,1,Z,B
2.622856854521674,1,0.7961885646438985,0.9359375696099052,0.9807869033730929,1,X,A
0.10884695114209714,1,0.7484852938410398,0.7950245138010333,0.21204487844946573,0,Y,D
0.9819943939098578,1,0.7629705947579313,0.6156661335259038,0.3198158927830109,1,X,E
0.05134732360460674,1,0.24179776385106422,0.916761783565944,0.7502269660888674,1,Z,B
0.16313087696620016,1,0.2474530313761253,0.7007113706370627,0.8634618786440613,1,X,A
0.09669001849883636,1,0.1862094709933838,0.6576332280155112,0.11200706055123288,1,X,D
1.3998867260619424e-08,1,0.6126133486009752,0.9771428453908269,0.5921499898416904,1,Y,E
0.07479672386885758,1,0.862978809092738,0.5059676381841175,0.7492206974255229,1,X,D
2.1553179942788816,1,0.9980919886347441,0.7031665784407258,0.1118730668115584,1,X,E
0.3977861201797599,1,0.9664364683763198,0.4119104279188658,0.044701021464966906,0,Z,C
0.19000067551865266,1,0.9038664838550053,0.5468718962956169,0.7144185874440447,1,Z,D
0.0007380084452989939,1,0.45408029111698855,0.676299037489847,0.8868199802392404,1,Z,D
0.11842447122376004,1,0.08635131431727228,0.18826964194000417,0.5810796923586286,0,X,B
0.29413316582704746,1,0.22237608612062454,0.039299998507968836,0.5563957560434657,1,Y,D
0.2619987110969205,1,0.7060593924443456,0.5699743042720616,0.13815199340570994,1,Y,B
0.2540803129323698,1,0.5336409771604345,0.1517428422702296,0.8971114952020909,0,Z,D
0.02023980504258229,1,0.4490195440316245,0.7147923717489771,0.3178946638281518,0,X,D
1.076647234990533,1,0.11508705860007273,0.47318014982203627,0.37344496819348183,0,Y,E
0.13601899300466014,1,0.21207698777418027,0.10688426364514692,0.4080692461754737,0,Z,D
0.7193452802991702,1,0.6198828526243708,0.6163496636342006,0.207062151567744,1,Y,A
0.5250671173647731,1,0.6855493298752064,0.19570812105741764,0.15178108329788176,0,X,E
0.825086617368373,1,0.8904776084001433,0.31776034564123523,0.531509891679095,0,Y,A
0.7554676861774174,1,0.9746077287355522,0.5796870173714104,0.8022496272755587,1,Z,D
0.8956805338057331,1,0.5008720378816913,0.10482493734545961,0.7774679877384938,0,Z,D
1.0185374519997104,1,0.08997516578413978,0.3771531983913522,0.9101024251166675,1,Y,E
0.31985954788773646,1,0.764986507194324,0.22716496772232075,0.4137406596786807,0,X,A
0.6336403091766515,1,0.9638198860996143,0.082569772906956,0.504324630489876,1,X,E
0.4711467685872031,1,0.1426295013749579,0.06210001906318163,0.28886213750932765,0,Z,E
0.0110343663386825,1,0.3132979191651357,0.28847915145640557,0.8484980158387532,1,Z,A
1.0739639477791203,1,0.2599023127363921,0.1972072199117526,0.001972063629211096,0,X,D
0.6658501437986514,1,0.8189723239209743,0.28558329754114464,0.6210895797396465,0,Z,C
0.007587825256673323,1,0.1860812017162694,0.24327852285697382,0.9651862092133053,1,X,A
0.4825633656611795,1,0.14455623245497318,0.7472279839220332,0.8865798557728102,1,Z,B
0.0012014180486116725,1,0.3199930941260464,0.21945359420496757,0.9490816857279766,0,X,D
0.5949756601444567,1,0.5829801679881622,0.47408732146300425,0.11079964852804958,1,Z,A
0.2738864808260687,1,0.13168674536555525,0.8335319393325481,0.08970513536651226,1,Y,A
0.019614734822844482,1,0.619799538436372,0.4052743352512892,0.9402704158578364,0,X,A
0.008142456435959048,1,0.012982802221991552,0.2880682769717796,0.5461652782589523,1,Y,A
0.12953967735836894,1,0.37317219268319113,0.16823392068911414,0.34587424755035756,1,X,A
0.5379978950763394,1,0.9371460746247884,0.5875597285609895,0.5526553638820056,0,Y,C
0.04532126141235709,1,0.14244790637336202,0.6618400516848908,0.09491143405458469,0,Z,A
0.9809139313241368,1,0.5800409670474158,0.5866477541331092,0.65149605730582,0,X,B
1.2485160434724845,1,0.9714534206237353,0.7807380372921945,0.7187051264733185,1,X,C
0.09241466210794261,1,0.5854451776043215,0.9250197556662563,0.8209885668848689,0,Z,E
0.002548506429600093,1,0.49633702498386345,0.27873539834935046,0.4995042328429067,1,X,C
0.04174224930181317,1,0.3634689587946406,0.571308825188569,0.11869038982986257,0,X,C
0.0007018499819434754,1,0.8558237372982698,0.3925041958398584,0.5944846962274034,0,X,E
0.025030077607300333,1,0.16423824643716545,0.8336448217687125,0.009932846718308408,1,X,B
0.6096190743195268,1,0.5724683680990954,0.5465046814215526,0.8305026094399935,1,Y,D
0.5606472936261422,1,0.8215324329343096,0.4327517786423428,0.3715719420362066,1,Y,A
0.2507624163287482,1,0.9817694837343615,0.043506102027861315,0.30183740244771495,0,Z,E
0.7213727828681097,1,0.7381074442731761,0.12380452120367691,0.0968725637806166,0,X,A
2.0114848991541514,1,0.2977120615215626,0.135616507245925,0.7820790005677168,1,Y,A
0.42522337328604065,1,0.5489334884526981,0.07148892655019012,0.6036887768521928,1,X,C
0.028393813148088056,1,0.018104745876356132,0.7729228726786596,0.9759883125830713,1,Y,B
0.25912347494573607,1,0.7957905348951587,0.24248662204043625,0.9464362521861284,0,Z,E
0.8649552829154423,1,0.8278658085189309,0.46432162566436785,0.7490513914463983,1,Y,B
6.456303676631182e-05,1,0.3813731324760927,0.5742471911817464,0.3940066664386005,1,X,B
0.43205045279455834,1,0.9715547508107024,0.6802459020319651,0.5827630787107948,1,Z,E
0.7538730102552632,1,0.06606810729421275,0.7324526915949627,0.616168829916708,0,Y,E
0.09226094249560621,1,0.29557746644607163,0.10853641329227504,0.5215869677317453,1,Y,C
1.1115282873563803,1,0.04193924777641145,0.9370921893370675,0.2012739900238234,0,Z,D
0.17944014962472696,0,0.15130295986619713,0.37815023140311477,0.8896337216367534,1,Y,C
0.14054647724530012,0,0.8710032317791229,0.8831083056667713,0.07706313030364753,1,Y,C
0.5501839069857348,0,0.7599041787582437,0.4096507286108432,0.8916654976140911,1,Y,E
0.5089525766809875,0,0.780708325631665,0.16811871473943996,0.9106176479321394,0,Y,A
0.2193645327196045,0,0.8968182016987847,0.040448818895100436,0.6529981210051918,0,X,D
1.8670885758721618,0,0.6272088592003935,0.8303709101021467,0.0012437887728007357,1,X,D
0.5046183876608911,0,0.9051911524127989,0.8843723718533282,0.10364960402954548,0,Y,B
3.244740811807919,0,0.26823240797294556,0.24526334721735954,0.6944204275623034,0,Y,E
0.13629152977931394,0,0.1738517535117885,0.5767188196491033,0.607185177759639,0,X,C
0.060270519789130665,0,0.8150607859669785,0.7628591825053055,0.5141088453069307,1,Y,B
6.401427196043591e-06,1,0.2502132381095451,0.3582696357749474,0.6578211025604912,1,Z,A
1.2126195789357388,1,0.11535300345225663,0.37043206266145035,0.8205620257099184,0,Z,B
0.14656787971884078,1,0.8605502384643688,0.6745245104881042,0.512828728916773,0,Z,C
0.8973100735566508,1,0.07160030146318974,0.6764684327814647,0.31150216912082784,0,Y,B
2.6367978480242886e-05,1,0.046877731880664686,0.41257577381899924,0.8203312656679607,1,Y,C
0.847439235400963,1,0.36003988906426376,0.4440512542835263,0.15656972886901355,0,X,E
1.7862943760541072,1,0.07903439243525712,0.08407067603325247,0.17989698230779838,1,Y,A
0.2510027331551372,1,0.47212530328126656,0.5211818129069575,0.3612712760308143,1,Y,C
1.99857760846991e-06,1,0.0360352287272121,0.26483748733577206,0.032442902512561766,1,Y,D
2.7955130407434443,1,0.5414622390966086,0.8358618208209306,0.13051514733892466,1,Z,A
0.005429615393924208,1,0.01700837977306413,0.9054240583393839,0.8705879530612849,1,Z,D
0.2617458901727574,1,0.2846369515241952,0.8752252588898644,0.7034680783319799,1,X,E
0.027126410872289432,1,0.2876758477437288,0.9506215746368298,0.672781720028264,0,Y,C
1.7580590349785452,1,0.8749716350498135,0.8133250973740088,0.14487289373840195,0,X,E
0.004199809098417606,1,0.5118721591289205,0.28682084660537766,0.8611000052020876,0,Y,D
0.024746474609747417,1,0.03587394479725858,0.923601642519158,0.14574371068621228,1,Z,A
0.06617694459630956,1,0.42258855814714524,0.4484640856630284,0.6537167160882033,0,Z,D
0.004209996934117276,1,0.36582039810888556,0.06215957055601562,0.12057703121495389,1,X,C
1.2453106408965438,1,0.7676694529929117,0.6172691538936624,0.7119792677329317,1,Z,C
8.294167496683625e-05,1,0.22299255334275647,0.8976139258089791,0.8576487004532511,1,X,B
0.09330791571331606,1,0.5927072315862063,0.29582081447852226,0.0009326217103144963,0,Y,D
0.0777038819999417,1,0.16985670604126124,0.7390170368996217,0.03701310718567774,0,X,D
1.1483659191935125,1,0.7746772502831114,0.8071383467034399,0.38219731291877357,1,Y,A
0.0026865589921001264,1,0.37456273872052515,0.41045298331841884,0.7366092904313607,1,X,A
2.0792909337185677,1,0.9349128499137612,0.885082291269556,0.38539594900827256,0,X,A
0.8748314787516313,1,0.21267385393181082,0.5557970714672589,0.14694052249736345,0,Z,D
0.2298834286029836,1,0.7647076773136707,0.2686139138983571,0.025890044731600725,1,Z,C
0.5538281831209528,1,0.9535254401826583,0.31596595658555116,0.04445477555446986,0,X,D
0.006585291714102274,1,0.4673541231821493,0.8812768791401079,0.4528639147257797,0,Y,C
0.2595214472359465,1,0.07140546634165645,0.17976876353752358,0.5286393276266514,0,X,D
0.0014690798668288887,1,0.42442474392551854,0.23871952511204553,0.050555264092255414,0,Y,B
0.2758962766564381,1,0.7334283081701725,0.09212821246797498,0.7260668746619184,0,Z,E
0.9997218716386498,1,0.7598883333633316,0.09834786093651471,0.6471315725087373,0,X,C
1.023183234346659,1,0.9611595457770321,0.7634891948308171,0.6946708194093398,1,Y,E
0.18160806412079442,1,0.9313153763594937,0.32402506946861076,0.7612113126756198,0,Y,C
0.0030832750648203252,1,0.23574279317726954,0.29362168332930094,0.7669011342226427,0,X,A
0.7919899535290938,1,0.5611465332094868,0.07026080236241394,0.0906732099158376,1,X,B
0.4884284058709406,1,0.9703485734033783,0.8854718537183003,0.9294199034560043,1,Z,A
0.0826032956676814,1,0.5982260365704866,0.9675144063013089,0.46744485165463423,0,Y,E
3.4093817925467245e-05,1,0.3848737824284644,0.05097710971819136,0.9615332666496949,0,Z,A
0.02569184960652881,1,0.16780913629116945,0.5380989383612508,0.6742264353625037,0,X,B
0.9633961054316553,1,0.8189270831971291,0.4737436858237829,0.4047965960378819,1,Z,E
0.9977616349603011,1,0.02892590209558754,0.5634320576799072,0.8666339324546326,0,Y,E
0.05275716759784312,1,0.4239697241267468,0.6051908814902626,0.6746247355101234,1,X,C
0.2676952110239448,1,0.8961865035509718,0.32117570345783963,0.5263989630905946,1,Z,D
1.767386073147669e-05,1,0.15442825357518364,0.24200533371934552,0.25414315705283486,0,Y,B
2.3308691087499334,1,0.8743993352175893,0.6677510307756926,0.9153357728527606,1,Y,D
0.04671401981325553,1,0.31080039832460726,0.27752330810246684,0.06333864916638632,1,X,B
0.1555745381279543,1,0.03836438016651522,0.659344709420416,0.8333822353448408,0,Y,C
0.16430787808932007,1,0.7405470622757744,0.072188538419109,0.669803007139546,0,Z,B
0.10431542516114818,1,0.8503095518272027,0.10262201094726031,0.8153084208364242,0,X,D
0.5764457762676447,1,0.7762745795196172,0.10249570443731981,0.17182639082629714,1,X,C
0.41114421016979585,1,0.265585783400898,0.02096398265047672,0.4042515533993635,0,Z,D
0.47540838902866583,1,0.10976211724006102,0.45608803755288285,0.010977420604599053,0,X,A
0.004368905098080566,1,0.4760109235379426,0.795383861435876,0.7376287772678676,1,Y,D
4.257600338682577e-06,1,0.4084451150134556,0.17568398030432242,0.47983371173739464,1,Y,B
0.6200461694878746,1,0.49251426091134154,0.8415287128542529,0.8162418061760989,1,X,E
1.0837726693580214,1,0.7032756901364287,0.045282504068413054,0.6969508244910965,1,Y,E
0.016161925468308202,1,0.5968630334802205,0.44791979174129726,0.2434340439067174,1,Y,A
0.22588337008737763,1,0.8160648014606879,0.06588513260708817,0.08743357341609292,0,Z,B
0.030497587776324712,1,0.1569534941092151,0.22127574524584182,0.25249159640151864,0,X,C
0.9315862395246123,1,0.8612400238842715,0.7558406234729679,0.8732517907593285,0,Y,C
0.9252664720571805,1,0.7605418381280629,0.3225155068575851,0.09672026386479093,1,X,A
0.07415015051959319,1,0.7126261672733928,0.7121755931207173,0.36671250514526654,0,Y,B
1.5474069507571682,1,0.5152948130454305,0.3338285146409884,0.04700482654567406,0,Y,B
0.14086703987444554,1,0.6092076203879575,0.22976723068566007,0.9670962917332973,0,Z,B
1.9868828985887739,1,0.2555727292130934,0.9572054915821246,0.7977815733292004,1,Z,C
0.3042015982822539,1,0.9258890492818318,0.17714111553197465,0.608087413468933,0,X,A
0.10565753345585481,1,0.7588312925818014,0.6533948760723144,0.21269637080327153,1,Y,E
1.6140834550694634,1,0.8142878934238598,0.794305925320948,0.6157865854229848,0,Z,A
0.009597180872316046,1,0.07047999232370328,0.253925660970853,0.4725523638520889,1,X,D
2.3974596145263884,1,0.18695576759223664,0.3707699299722377,0.03705811688299265,0,Z,A
0.03854823391596387,1,0.17999087873328434,0.36951856243779413,0.770631559968014,1,X,A
0.05396673708163377,1,0.16477647677657348,0.5587929310158909,0.37768310659833226,1,X,A
0.01959151262542268,1,0.2842758491467847,0.6859243544138077,0.7728362604393072,0,Z,B
0.5734709357237108,1,0.6778725289132383,0.20973824989354983,0.4054228135253315,0,X,D
0.0019405002589201782,1,0.004082375397905569,0.5018347607584037,0.8226039811930121,0,Y,A
0.09651472553309516,1,0.7289610523205257,0.4889089609232906,0.13919505750554617,0,Y,B
1.6454323692359987,1,0.24113349777897852,0.5602321381720878,0.726662181803698,0,Z,E
0.6882443884037229,1,0.6847023397568053,0.7067625797717764,0.11340586674173492,1,X,D
0.16230965597458877,1,0.7980778918664015,0.5230734343882798,0.16004481811813076,0,Z,B
0.5054290680991914,1,0.012237197426360424,0.3771397770868622,0.5189875280155591,0,Z,B
0.0003021120365604797,1,0.33648268726068686,0.6021805452742903,0.15952406697442756,1,X,C
0.03403402500021889,1,0.43080407612563554,0.779020489354062,0.3969274258159061,0,Z,C
1.9953515701006608,1,0.8010638987438172,0.39336402908644363,0.050361908129815336,1,Y,D
0.824991459639112,1,0.8764048645240892,0.5164728354806244,0.6290646375703921,0,Y,E
1.564787440498144,1,0.7000574015717391,0.8227705923598648,0.38298371093314665,0,Z,C
1.0122602773162728,1,0.23917582536860682,0.8825205003118703,0.537885451573854,1,Z,E
1.801561524933528,1,0.9669963904125443,0.8998737267934904,0.0002931763839826296,0,X,D
3.455090582988746,1,0.8970472881136986,0.7824639254515932,0.6942446957846036,0,Z,D
2.125796015317325,0,0.805280261762251,0.8370733693231461,0.3038885620523688,0,Z,D
0.042060175815859406,0,0.8581357927451835,0.10238312564123853,0.8826800861651839,1,Z,D
0.07436087202252008,0,0.5771690423821035,0.42998069406875716,0.7941999205962625,1,Y,C
1.8899876890373466,0,0.7217946813415573,0.8394786711441519,0.8541557529270406,1,X,D
0.08110563468037213,0,0.502039342270461,0.913747540610388,0.21866944213122863,0,Z,B
3.4252861703460367,0,0.8690073587427536,0.11552618237420187,0.6702323631112589,0,X,E
1.5529040256698816,0,0.7135584062431785,0.9465181096196932,0.9376222971276461,1,Y,A
2.6395093485812233,0,0.286976218099405,0.9123704238473682,0.1619075193130357,0,X,E
0.9195322264852932,0,0.8393056370094264,0.8806372399323075,0.5387712548762623,0,Z,A
1.4615923055051792,0,0.7962198356525568,0.851718113937192,0.7950443213608108,1,Z,A
0.4677487833967755,1,0.8418025748039207,0.7762338965497042,0.740887719631124,1,X,D
0.4811929195581958,1,0.7006155912640406,0.5985114992040871,0.2036563848854357,0,Z,A
0.0005597789955699508,1,0.46242601602302014,0.17727587535748535,0.05078494669412903,0,X,C
0.3048631390210529,1,0.9901445648042809,0.9915386658504465,0.7328510155191252,1,X,D
1.3600244399642445,1,0.26316308730556615,0.06636478031235027,0.9292798993841868,0,X,E
0.4592225113381926,1,0.7467670188194835,0.9608802488315922,0.8997669205452906,1,Y,C
3.9044977308208915,1,0.5412747044243715,0.2165274673838199,0.3664695561757978,0,Z,E
0.07251447275556942,1,0.4981412291894979,0.5456127484820795,0.9874815280384116,0,Z,A
1.7013430977415203,1,0.6411523663208348,0.6076691262948826,0.8639052334393083,0,X,A
0.1524462135108134,1,0.5118558019911782,0.9070591828435927,0.9121516135521627,0,X,D
1.0919724051856694,1,0.8140873037774822,0.8511883518347456,0.8223286774202924,0,Y,D
0.0020544779639133084,1,0.11040506577852982,0.8317278755398944,0.4266597506545088,1,Y,D
0.35933535867836625,1,0.3898022827366723,0.6073007603631179,0.24410343188824535,0,Y,A
0.08426823951733119,1,0.7353929054676738,0.029341112236520472,0.576181787209622,1,X,C
0.8035100619461637,1,0.819679461234104,0.9497911699300147,0.7411874587034215,0,X,E
0.20684711843767659,1,0.6290656081099326,0.246327997740175,0.22844346695669338,1,Z,C
6.720488497295335e-07,1,0.5048664250284866,0.1712041380099404,0.7329971805178983,0,Z,A
0.03367934862734686,1,0.4686221572549897,0.0007295011401048379,0.6663721288502704,0,Z,C
0.1770992511476517,1,0.999976194422124,0.2213320839294406,0.092547332230276,0,Z,B
0.6980793581824699,1,0.7116717276317848,0.027338108371058545,0.6508818538678925,0,Z,C
0.049521731890033595,1,0.6304116679370909,0.0451717179810639,4.3672015213158666e-05,0,Z,B
0.006917326783920829,1,0.142406817710668,0.19077235483713662,0.7207157850729689,1,Y,C
0.15094298798694453,1,0.17004618831943152,0.9051334764383008,0.7581046831639197,0,Y,A
0.011112431501870353,1,0.2984042692268075,0.3208952879334186,0.19173280990567887,0,Y,D
0.10903338921633066,1,0.14904137002515472,0.23603961466866696,0.2413620820007638,0,X,C
0.07880732155586041,1,0.5021906899528279,0.26001166090961836,0.5520345267959818,0,X,D
0.30390664134623013,1,0.5302836563263545,0.8674636246380538,0.7660415330390818,0,Z,A
0.0003013391212311617,1,0.6092221385728381,0.43767424963875434,0.34705361873024365,0,Y,E
3.299915823508997,1,0.8655439861550883,0.6364685117939668,0.09631808803683017,1,Z,B
0.39332838427041117,1,0.22906378292135443,0.38022838140436366,0.9914801307545095,1,Y,B
0.01575743361725534,1,0.07693100923062424,0.40669351599943815,0.9344665904221129,0,Y,D
0.09493905674178854,1,0.26165204172735945,0.4582775270718302,0.5924333478615245,0,Y,B
0.017563757903882562,1,0.5365824756876638,0.7385924354414188,0.15240082620066808,0,Y,E
0.4706980253053113,1,0.7215687063688115,0.034226325102326816,0.9876126652410862,1,X,A
1.3272687184424377,1,0.3763864118505734,0.21072717470187874,0.12828167818929992,1,Y,B
0.0038037825411236705,1,0.09681194041079211,0.161554444112334,0.16308204767637258,0,Y,D
1.7115398061814406,1,0.32332198917254285,0.5884985713513899,0.4521386400295364,0,X,E
0.07191891042128513,1,0.20658866601032022,0.9140201884408672,0.7696594659279378,1,Y,D
0.01955943132267371,1,0.14826745084228743,0.9112868241401543,0.7260888759140339,0,X,A
3.4121211724233422,1,0.9847695828692262,0.9897199889195133,0.15495938905125717,1,Z,A
0.7573066194704392,1,0.8032797884555194,0.027195112278157296,0.3509162026837025,0,X,C
0.2864938177066762,1,0.7296880659733018,0.25256602286540375,0.04695065855683811,0,Z,D
0.0015517165800132174,1,0.2681223318653668,0.6466201910762932,0.3988336429510654,0,Y,A
0.21962915140681638,1,0.2958949249884124,0.6347728168292595,0.469778202972177,1,X,B
1.2525081492302035,1,0.6415913975502336,0.9700170273562724,0.12794405725046787,0,Y,C
0.9958301643300699,1,0.9339111796709082,0.18851193850559467,0.6213252343120809,1,Y,B
1.2084761405227769,1,0.9635751431163386,0.11858158104967764,0.765998954407807,0,Y,C
0.5819493915696944,1,0.8290226047939655,0.8160108892393417,0.41999479514957694,0,X,A
1.0107398321772731,1,0.92961808134424,0.0204455598377431,0.060928219074863454,1,X,E
0.002443536809407771,1,0.034487934297489975,0.013204834490231576,0.6137988417511651,0,Y,B
1.8358691335287294,1,0.1058832636282615,0.6608100113843812,0.3906539729200311,0,Y,A
0.5766292881918242,1,0.9813313913687972,0.7172720968805357,0.4132934128315232,0,Z,A
0.33795096857043055,1,0.7776507953413296,0.2884382319189941,0.8528850486272463,1,X,D
0.3037032235828607,1,0.3953595657655229,0.20505042144474073,0.37272613802924626,0,Z,A
0.06075981052952258,1,0.3309062373400107,0.7910934324210386,0.34412446349888015,1,Y,A
3.140441701685128e-05,1,0.027111104747381543,0.16754923422753976,0.3767655455638199,0,X,D
1.6389400806032837,1,0.6040934480638832,0.7943222625203378,0.47211113090887746,1,Z,D
1.432433076084336,1,0.8683686900856444,0.8324407193046592,0.007184898250704674,1,Y,C
1.4414931500179937,1,0.8640311393522246,0.9550226455251585,0.889750218174136,1,Z,D
0.5973639233225525,1,0.8839238133889787,0.8973772614099834,0.8579519584295495,0,Z,A
2.6832364156034063,1,0.8484260101461244,0.08935721957631537,0.5721795105455023,1,Y,D
2.30611230990884,1,0.3953729670760112,0.8609535048663088,0.7080679084443668,0,Y,E
0.0005018137062776679,1,0.3735701889167826,0.7865527831251592,0.39000293877355596,0,Y,A
0.5255836657915739,1,0.7879280089753318,0.4129360277369196,0.638910571079394,1,Y,C
0.5698480261754977,1,0.31018513985031093,0.5911570857368702,0.08093707828015206,1,Y,E
3.504884427613061,1,0.7521531199618144,0.5699060553145102,0.9149515984165115,1,Z,C
0.00802413184666427,1,0.35925169176715843,0.8737846039112399,0.5226122900398152,1,Z,D
0.30435804104950825,1,0.3423686668999908,0.24082207662201127,0.9788846126890974,0,Z,D
2.1517127964128333,1,0.08329517491197325,0.21451657301893023,0.4526576104268828,1,Z,E
0.266753020420164,1,0.5205914433110324,0.48395557160425084,0.7301085198712209,1,X,B
0.28469917899615993,1,0.17990650699724642,0.9628134461934255,0.258086182149342,1,Y,A
1.7333702084163205,1,0.6314967995627697,0.9901706124705779,0.5714975623440556,1,Z,C
0.06493500599278598,1,0.29620585768750696,0.4139253258173351,0.17284718474258132,1,X,D
0.14526975050370194,1,0.5845468303327732,0.41652833571407,0.6431993303078318,0,Z,D
0.7520528499143082,1,0.5874787188692413,0.4798047962889852,0.2569192538511178,0,Z,D
9.133414550680703e-05,1,0.24233529062674408,0.15539592469955843,0.12642246203088736,0,X,D
0.030620243898654895,1,0.479066411199662,0.5006575636683211,0.4254680872417753,1,Z,B
1.4919417086135707e-05,1,0.2714444647520343,0.8892554703257466,0.43951865318795014,0,Z,C
1.2285045480147324e-07,1,0.025208506113165052,0.3351438263840971,0.5924079923986019,1,Y,D
0.08439717909264179,1,0.7866407441480955,0.28560720837446074,0.3031659140380206,1,X,C
0.014848212037999685,1,0.49980202812079544,0.6177804683289,0.8472575848935495,1,X,B
0.13179131559571344,1,0.5854447861031202,0.5105207982962732,0.6778570575450703,1,Z,D
2.9115577380032462,1,0.38910083989410993,0.8585579829571531,0.3969554185683605,0,Z,E
1.4064579365618584,1,0.044857408659995435,0.8003105281832759,0.38745920294007663,1,Z,E
0.04128010626546033,1,0.34026480428615,0.3108090154680735,0.8210436887955933,1,Z,A
3.263325023525588e-05,1,0.33606983934121404,0.6325981910859285,0.02329161030687832,0,X,C
0.6835878417309789,1,0.7630276765336048,0.053388801769633676,0.3238133842365136,1,X,B
0.7558801999301588,1,0.08907177419525825,0.3692638019674873,0.33793072921544853,0,Z,D
2.0161685846877665e-05,1,0.26009896213174777,0.15072283651872653,0.05462570538409217,0,Z,C
0.005394144662734295,1,0.3719854681119108,0.3188895748045758,0.10949139243958372,1,Z,C
0.33234700729569294,0,0.9376141896000669,0.7365870691467731,0.6605509906921507,1,X,E
0.19939975540083094,0,0.8709582583730471,0.877496112741782,0.6759370280399752,0,X,E
1.7557298016911258,0,0.42557243979478787,0.6099243372844685,0.07270339317335428,1,Y,E
0.1771017637923918,0,0.7198714172652052,0.7982526024890819,0.4885846541337897,0,Z,A
3.2866054678946135,0,0.9911607531511633,0.17157924799012647,0.08079452356802364,1,Y,A
0.1583681997968209,0,0.6743379681756894,0.940066855830776,0.520433267065319,0,X,A
1.0797168008444886,0,0.5780000817281316,0.14900040947468596,0.7603653872705154,1,Y,D
1.729868274312595,0,0.21031858214124188,0.25136549083218807,0.636473467678001,0,X,E
0.78046244291155,0,0.4876133771519665,0.10928732223289572,0.2724540774458547,1,X,E
1.8956496541337353,0,0.5437796739963029,0.2595645837454127,0.5063692132968274,0,Z,E
0.5359284467164647,1,0.5764372214492317,0.7598802014969968,0.3439680090244174,1,Z,D
0.4913197801014386,1,0.6999546062972637,0.25052746259144587,0.567919847027397,0,X,E
1.2823102170511826,1,0.7491630310263842,0.2093573604930421,0.18274340807933886,0,Y,B
0.6986431486219224,1,0.6850788777433662,0.9224228846299469,0.058851517175556034,1,Z,A
0.04722048665081101,1,0.8985555488109603,0.3500628729159432,0.8122616759976165,0,Z,C
1.0453204405300012,1,0.7874104641858907,0.40064440087534836,0.5269454681111443,0,Z,C
0.06280950760837456,1,0.13075107353270843,0.8311636764409328,0.3146847298160472,1,Y,B
0.048075129162849665,1,0.6544856174687903,0.06435705378755874,0.49221175163997455,0,X,D
0.02792542356818177,1,0.4006481383476693,0.5231804005545148,0.623709936195139,1,Y,C
0.5374397336402646,1,0.31648951212554355,0.4882536179057557,0.4284508995426497,0,Y,D
0.1329447682043373,1,0.7197116350717897,0.020540688793352357,0.09684726513296926,0,X,E
0.9216128826492194,1,0.7511854210682233,0.8160386044946928,0.8153749306511595,1,Z,C
0.7052671393884646,1,0.9428590429752158,0.47039183841267984,0.23076338016424214,1,Z,D
0.601798152015466,1,0.8538437527458993,0.9990385544407668,0.5892700952618874,0,X,D
0.93355512907937,1,0.4881043351876907,0.6600071727486311,0.21060342769378781,1,X,B
0.4102541186690422,1,0.013974081336984301,0.40351456126422536,0.11085639776233236,1,Z,D
0.7496505040656775,1,0.28158929578211433,0.3738497751452958,0.08077158200572931,1,Z,E
0.05876604536858925,1,0.39529905100088136,0.8921251514169845,0.348063482433955,1,Z,D
1.7006801030862626,1,0.15030465651770786,0.6934576294650907,0.5821838841908651,1,Y,E
0.014394156701781301,1,0.28749437014980794,0.004032806392765709,0.6640118707630669,1,Y,A
0.4021729912933676,1,0.7864144954442647,0.4720640406128004,0.4329308404352723,1,Z,D
0.004568107694973205,1,0.5908386088897422,0.9980150502795467,0.9417013610560443,0,X,E
0.045028287766508246,1,0.39240844290251387,0.1381163258927265,0.6194722539053402,0,X,C
0.7464211572059147,1,0.7163464461640038,0.7668071481490376,0.202211454399155,0,X,A
1.7204900301416908,1,0.8021957903588981,0.38728844904577375,0.25565144206989876,1,Y,D
0.834778985587269,1,0.9738144361063474,0.7375597615044406,0.8944760876047991,1,X,E
2.5202955920404923e-07,1,0.4412906814612363,0.3676720117916177,0.5838023775465367,1,Z,B
0.7807261188601105,1,0.08158624313153451,0.5629480507652309,0.5017313935650893,1,Y,D
0.0014291163099823649,1,0.20237787752524572,0.15282741205232775,0.44363368551679594,1,X,A
0.09077834852374277,1,0.505173333029209,0.023074098037111468,0.873176756425566,0,X,C
0.8713739689363009,1,0.10435485748051798,0.3951299783421717,0.2880045230751078,0,Z,B
0.606434673181925,1,0.4171404659986272,0.3681492526874983,0.4228544073857239,0,Y,C
0.4933201975058276,1,0.4470546831950023,0.32228980977296173,0.5542610507252481,0,X,D
0.8427571510154142,1,0.5352106541631615,0.30466780872009025,0.9945522372707699,1,X,D
0.00376369771825497,1,0.06032090709595772,0.7200164595910026,0.04691672395759128,1,X,A
1.062514376774715,1,0.8648616256885855,0.7392593219818863,0.9540280474430224,0,X,A
0.0035667914251439952,1,0.25915327169067703,0.2825312229777326,0.7438234459314035,0,X,B
0.009966101962974152,1,0.5610854460457257,0.2259863498277963,0.3828963133497404,1,Y,C
1.904938069887413,1,0.7117834191800609,0.7251729951990539,0.3582209589401423,1,X,C
0.6557163672674606,1,0.9540043449110849,0.228650855855153,0.746112925791887,0,X,E
1.3961889878431255,1,0.2019924059574416,0.4316082931781966,0.27357246907355326,0,X,E
0.5677825280398648,1,0.6943795850637883,0.4284295952437097,0.5892980629105629,0,Y,A
0.13894975714816205,1,0.7272544562626913,0.27946827524804796,0.30417555703895727,1,Z,C
0.22060056390584057,1,0.7327786198893138,0.20857742285424652,0.7027572421642345,1,Z,A
0.11250691313518811,1,0.9305057739283243,0.1850170557158356,0.5312446911492912,1,X,A
0.00363296803638714,1,0.48675476385231353,0.4832778365110786,0.8879157717139385,1,X,E
0.015373598145883047,1,0.6378739441992625,0.5164730434504915,0.5567679438299483,0,Y,A
2.0732493070643835e-05,1,0.2674551203363934,0.9043862613132465,0.9512327190794052,1,X,B
2.431335203400042e-05,1,0.4762929732152196,0.9395434667027578,0.9442040302258676,0,X,A
0.6294026140656261,1,0.5957454080842507,0.22964455090175984,0.4897643548160131,0,Y,D
0.6011712309648176,1,0.8219916346860047,0.8063037151320294,0.42635687335045,1,Z,A
1.6700782023233496,1,0.6220191827153735,0.17676322275088785,0.5393740454808346,1,Z,E
0.0018786238427533847,1,0.5121937023963303,0.5404479837057831,0.4342775103682236,0,Z,C
0.03346953980760294,1,0.10001243556385842,0.42443733262407146,0.7047819165138098,1,Z,C
0.13566488811246985,1,0.0550423616734258,0.06613615346311896,0.24827060313365412,0,Z,A
0.7861214914832338,1,0.6756757385528122,0.37811656992973197,0.9830691185266603,0,Y,A
0.8605358212537955,1,0.734430643083142,0.2790529154352148,0.05558843964254523,0,Y,A
0.7069208294131794,1,0.03243365537469267,0.9273476009448547,0.7040529350418389,1,Z,A
1.711993817274511,1,0.42804612441540524,0.6409587525691289,0.2720413365696889,0,Z,E
1.2586023810695433,1,0.9514160525462094,0.2387212635724556,0.38768395740919326,0,X,C
0.3961416177286778,1,0.525295555172506,0.3580198866678339,0.5585531853833847,0,Z,A
1.0432069449799064,1,0.4478704329879506,0.8885985608167837,0.9337768550040275,1,X,E
1.6804696092443672,1,0.8087379159745648,0.6537637864802677,0.15775688486945005,1,Y,B
0.19061287878806416,1,0.5974648343223466,0.22870345188157593,0.5449118975801222,1,X,E
0.20790839258596894,1,0.9880400928134399,0.08847589921770171,0.022977249055320947,1,X,D
0.19572104759611053,1,0.5411445737737469,0.007847878999981184,0.4057103050948929,1,X,D
0.013873304051313207,1,0.17394358615856897,0.39414900660390606,0.18383890644853385,0,X,B
0.56732890867426,1,0.6755397464188174,0.21463241975484726,0.6357394242430451,1,X,B
0.06796776212445532,1,0.5910150838042171,0.19449259732250312,0.8029179411938997,1,Z,C
0.1319007686971124,1,0.6205835839800359,0.04600050004398604,0.5212489627802637,0,Z,C
1.0032483579736227,1,0.7020213882877002,0.679367377645112,0.07975646299424621,0,X,D
2.0454459912038803,1,0.9156281331376528,0.655019889313325,0.9383317404039873,1,Y,A
1.0037814657876938,1,0.8999036821337456,0.44873759196540475,0.6778572631826831,1,Y,C
0.06327247164457815,1,0.13716208179536138,0.9040660205477422,0.9051777200278016,1,X,C
0.12843573336898634,1,0.8615643261718005,0.12899662663376388,0.4133528463612459,1,Z,A
1.0752163982142757,1,0.7529516152717856,0.4521482256350833,0.5825999007961463,1,Y,B
1.7913409738694162,1,0.43984886203321405,0.17485912109718538,0.4319571075894597,1,X,E
0.00010505159982452587,1,0.2291944913163374,0.6027688882008423,0.1992840754725813,0,Y,D
0.1820757327945921,1,0.880397024481698,0.8033914196964178,0.6934906973732541,1,X,D
0.016226965922585535,1,0.41028149094067956,0.191618471969899,0.6766505646072519,0,X,B
0.5457309310687719,1,0.536658413944544,0.6867134602303198,0.480062888260012,0,Z,E
2.921650012730327e-08,1,0.03391045124856207,0.7190966775722367,0.05698412755578852,1,Y,D
0.9378859226471398,1,0.3224719966442774,0.35727067478813757,0.010785555981239758,0,Y,E
0.19224443431431215,1,0.03021489601483629,0.15391020004617162,0.16600711878269103,0,Z,E
1.033987948883278,1,0.7946824229895421,0.8442403380855933,0.9291393221056053,0,X,B
0.001088786584939,1,0.14768874970849766,0.7900130167591126,0.551879874231406,0,X,C
0.05816213205121937,1,0.38298736018742785,0.3421457397110832,0.45225663964968277,1,Z,B
1.5352172403521769,1,0.04382135501661455,0.6455697466619837,0.7476685593590757,0,Z,A
3.670811692344013,1,0.13109753278904313,0.42262883938811535,0.288055262248346,1,X,E
0.029982465067472153,1,0.4069236925916889,0.9664734581470155,0.41378596206685614,1,Y,A
4.218701024518536,0,0.8803621986469468,0.6699566047184894,0.06746320563673747,1,Z,A
0.7522875135414848,0,0.1620504705464325,0.7261235573122776,0.3370738534324603,1,Y,E
4.1194261177249345,0,0.6590962179509822,0.728025988461132,0.42429302011519887,0,Y,A
0.8899654194134514,0,0.2852769533315477,0.2360038250649933,0.7615179612734914,1,Y,E
4.170742199604111,0,0.8587488085621855,0.9450580818229519,0.7734831778968615,1,X,D
0.981736871110311,0,0.18646007290992384,0.5640243503841595,0.13730794091609544,1,X,E
0.7043919399700915,0,0.8531828451495378,0.8951101100369981,0.9250284719210017,1,X,C
2.334440120715206,0,0.7404198239838011,0.43278615768074613,0.07569353980318161,0,Y,A
0.9077855095560834,0,0.6611389602331867,0.7191988890582377,0.8548573310484308,0,Z,D
1.5665631360102934,0,0.02073384639616138,0.24750974516932966,0.5188514638629048,0,Y,E
0.8067865908498022,1,0.8925675515540494,0.4835853650330212,0.49458542810903217,0,Y,C
0.3578807930481075,1,0.6737019151574555,0.7719580347181252,0.5932326913457522,1,Y,B
1.4500432679910487,1,0.4937213906325555,0.038113356686696354,0.086203316114557,1,Z,A
0.50624814061711,1,0.4890771201046227,0.7574068399882111,0.9830061871334482,1,Z,C
0.00022226512810468767,1,0.10495738443542624,0.8774777924640603,0.10441720358745521,0,X,A
0.7018748797366666,1,0.942280626075095,0.6545310672103429,0.3318322695600773,0,Y,B
0.2633957423388249,1,0.09585217207564367,0.26722984923674387,0.5038925051515518,1,Y,D
0.057611571555377585,1,0.10563503225076631,0.6566482075959978,0.1852689416915697,1,Z,A
2.6436264864959828e-05,1,0.4411611608868371,0.25635895927509855,0.5971602049629564,1,X,A
1.9049402847780574,1,0.6100441225724279,0.708888823108255,0.5781339215813329,1,X,B
2.213584488122625,1,0.041854318081818054,0.12637177053507342,0.6263705233307365,1,X,E
0.026128255255234725,1,0.04619433184649313,0.5207007223840949,0.9606952623854417,0,X,A
0.32491454479284876,1,6.57272207790216e-05,0.009223146513884672,0.0824765827304419,0,Y,E
0.006434350144044427,1,0.032202484073655446,0.7526860402791087,0.060311470612216644,1,X,C
0.26766569712591987,1,0.782668387427469,0.3578168652767423,0.1546038500766136,0,Y,E
0.961126799598087,1,0.6305705895810909,0.7840408200915328,0.4567825384493185,0,Z,E
0.42942441804448245,1,0.611115015306766,0.22098998423291383,0.5810215709620625,0,X,C
0.32773390128999513,1,0.4375185567093951,0.4498646173252049,0.5483498604632764,0,X,B
0.00048667196536259795,1,0.3738555964168083,0.7996492151755706,0.9238666952390303,0,X,B
0.795124077237506,1,0.6385560253607309,0.7346126178224938,0.4123409116039195,1,Y,A
1.1493202377248972,1,0.720821744290005,0.28351164156737907,0.8816513441781335,1,Z,B
0.5607569431321842,1,0.5160069680510521,0.39807016705432874,0.5183758837105394,0,X,C
0.40465780174730465,1,0.35177317850463663,0.7076363362317722,0.3077400414126642,0,Z,C
0.10791479101925376,1,0.4209733613117417,0.9648979735892241,0.12991904336015014,0,Z,D
0.314488081731336,1,0.4113831875169285,0.2605725267861728,0.6712013990149075,1,Z,E
0.27124028122551824,1,0.0714636680288877,0.2814321562537183,0.453536513817153,1,Z,A
0.004480955187469789,1,0.08981602179249393,0.75221683678881,0.638323608578269,1,X,C
0.09705570350761067,1,0.4161396828626228,0.10624973787489511,0.13907231642416684,0,Z,B
0.5212851322448406,1,0.5577394725780551,0.03965677295396519,0.19477632826894586,1,Z,C
0.015410009853730366,1,0.0954194201220725,0.18755178875446676,0.978383635990821,1,Y,A
1.349095965432406,1,0.05713214087308327,0.9401377100354543,0.16904930752539793,1,X,E
2.4256863842659997,1,0.8824472236558573,0.6976815157543013,0.3461685386239598,0,Y,D
0.0639120824220554,1,0.09284620573265323,0.8959926545139028,0.1331722851748901,0,X,D
0.6671246036636501,1,0.9760640767282683,0.4187262304514656,0.6385040789867727,1,Y,A
0.06539456850377322,1,0.03538719928227896,0.5708703601682975,0.18641819118559322,0,Y,C
0.38201188138905523,1,0.5918456265341616,0.006537670887319824,0.6819753451262527,0,X,C
0.44050069470354153,1,0.3574528014306383,0.8115403630000987,0.4360968085349506,0,Z,C
1.057481936897071,1,0.53288815751443,0.4952955529801538,0.9793234950524307,0,X,E
0.7646364182289693,1,0.9881231878989712,0.4479502148203016,0.06520495077722888,1,Z,E
0.01405724901673356,1,0.33585228599757244,0.8175610652438295,0.8414283978135613,1,Y,D
0.0033196194979752368,1,0.3210503252159277,0.13706858415121803,0.18363642898253163,0,Z,C
0.3137525545451519,1,0.994555115347587,0.33013526585849917,0.35853195168226604,0,Z,D
0.12314296775684402,1,0.20493944252094443,0.7924647693919429,0.7693519483344143,0,X,C
0.0006704364931263817,1,0.4134308583427171,0.5172665522669836,0.5131215822179139,0,Z,B
0.15174206147802116,1,0.2771213703233094,0.1148566283873721,0.20822944349438677,1,X,C
1.327601631713849,1,0.7393424478599334,0.0006060492767765435,0.09245188886149935,0,Z,E
0.26148605293037175,1,0.940394281559459,0.0010614619438961137,0.41547178385976513,0,X,B
0.3086272794693849,1,0.9154108819445115,0.3518152161507534,0.4891573069150028,0,Z,D
2.008645293074553,1,0.43588985914484546,0.722478587668959,0.49185013430996827,0,X,E
0.40282037191500486,1,0.6804442507087193,0.5995252208596162,0.6539101135887763,1,X,A
0.17992024543793103,1,0.8900513666612897,0.08268318050598156,0.9668583405792694,1,Y,E
0.15042564160886301,1,0.3000874074958946,0.724666816015529,0.5546855692244145,0,Y,A
0.6638441022219504,1,0.8064185569183232,0.9034651989726076,0.5004503331556028,1,Z,B
0.5841293778795863,1,0.6607283613786092,0.35997112163082756,0.7449818051004794,1,X,B
0.5008238155962135,1,0.541996236800222,0.9961662201162444,0.6676255451223548,1,X,D
0.10211602995276432,1,0.3907804374450097,0.8942171398884713,0.6845301417344372,0,Z,C
0.13338458485293467,1,0.773850758909582,0.19562435628074126,0.7486638352637829,1,X,A
0.08207356497859913,1,0.7498990664486002,0.1402027638172333,0.7047133777736064,0,Y,E
0.5077961959933314,1,0.7419154135997301,0.9990747547698077,0.5582517928399016,0,X,C
0.0004985714312542421,1,0.5828937347637306,0.7698924417443285,0.05423894145911534,0,Y,C
0.009086952288819028,1,0.48132100604470884,0.10322605116317907,0.6658978424259376,1,Y,B
6.546091441760151e-05,1,0.15813688531346348,0.8335631894779006,0.22553392800810446,0,X,B
6.364949460105644e-05,1,0.44340062316099305,0.7267719434713247,0.7918334995462833,0,X,D
0.003332154101974425,1,0.22477880696796348,0.8811650752132603,0.27387242610231566,0,X,D
0.002939537213320114,1,0.11651402955644141,0.3909902301249084,0.5093749811965939,0,Y,C
0.0006722336489042101,1,0.29043711504471903,0.18175650590838255,0.12112814995781251,1,Z,A
1.0514536102699743,1,0.4709094975406978,0.3553233265783221,0.9928331843454229,1,Z,A
0.14125870089955542,1,0.6340758415346647,0.4522977574799387,0.03489268436669668,1,Z,B
0.00965216277076477,1,0.2082735167958697,0.6677894996552948,0.6284588249078455,0,Y,A
0.29686303358634536,1,0.3171557161301102,0.9993704978929115,0.6983212230127066,0,X,D
0.07316673287555023,1,0.24090130576846924,0.6751346262787034,0.4874414210377148,1,Z,C
2.4099528121119307,1,0.6504821659167311,0.4901538135518493,0.9650969850356007,0,Y,C
0.48579546359714054,1,0.8319349867782343,0.9649381855148735,0.6943542059880871,0,Y,E
1.0258644010678646,1,0.06927976957725912,0.1608593117218623,0.2268868243609885,1,Z,E
0.2100921283110268,1,0.29287524790192243,0.7687881910435487,0.997291313724439,1,Y,B
2.0997262020926586,1,0.6878616257461649,0.640614774605987,0.31340132361372364,1,X,B
0.4010648936242869,1,0.02323274896838534,0.19418980663591545,0.7267026918560877,0,X,E
0.0847571542397873,1,0.5077154201163616,0.4784504295365598,0.34074686690240985,1,X,A
0.08924962349449839,1,0.24715187087775203,0.24694049543152596,0.7344192776645773,0,Z,C
1.0866532353376344,1,0.761075681273159,0.16583693415591905,0.5029261991417866,0,Z,B
0.010312272413770765,1,0.28277347765634175,0.35476187829455186,0.9542254071362033,0,Y,C
0.002475576939344247,1,0.6144913431429138,0.18367439519146378,0.930517130039213,0,Y,A
0.4223390022938456,1,0.6870517959804522,0.6290462309046587,0.47195513431090297,1,Z,C
2.053258233211929,1,0.6605461986544552,0.2964967508888833,0.8615472241291305,0,Y,C
0.49876985907079874,1,0.47468762282035915,0.8760889768391862,0.24108819618158728,1,Y,B
0.00390790905946135,1,0.38932041293928477,0.7810540615398065,0.5327743878867957,0,Y,C
3.0432620464722975,1,0.9783938383868931,0.37847223329058444,0.6342155128829191,1,Y,D
0.9386647711164764,1,0.36609250932041637,0.6558269521797435,0.39929721493411385,1,Z,A
0.6864838246709899,1,0.757709829522551,0.6309842803746717,0.8678370999546945,0,Z,B
0.44605763575978585,1,0.28534265174849827,0.6538782511123093,0.4465054256472082,0,Y,B
0.11577873641321382,0,0.31542979557625306,0.21809275672849238,0.08473774693996972,1,X,E
1.128682522321412,0,0.690411278387181,0.3420150355311309,0.028000237263442807,0,X,E
0.9192318114670003,0,0.8541868880813579,0.07422999662202123,0.31310163023906934,1,Y,C
0.26211226842764795,0,0.2257628136154951,0.8934316951995738,0.7844074664418617,0,X,E
0.11508345551212523,0,0.11410183341888058,0.9192256928778411,0.08861885714608042,1,Z,B
0.9535226918592206,0,0.7675509765186047,0.08704103547133257,0.9922573441346447,1,Y,D
3.9350371536856463,0,0.10412907511381453,0.7176075642846097,0.5766382340709509,0,X,E
1.5540227683987065,0,0.6253589133384226,0.04989981050196968,0.6546417115960647,1,X,E
2.636381520704002,0,0.35383214576622746,0.7091087371363246,0.13699686670424616,1,Y,E
0.6121898576831065,0,0.6465573925870592,0.6793671616153286,0.5734281844706164,0,Z,A
0.13899350518492584,1,0.29137203792419364,0.9051249015151054,0.4743973027615076,0,Z,A
0.9578397185005015,1,0.8982233332928687,0.4033822179429867,0.043179796017800975,0,Z,E
6.316157452776117e-05,1,0.4142817935596832,0.13591672497933793,0.9074603959521931,1,Y,A
0.899839241948691,1,0.7573273797649519,0.8078737890578648,0.9091686842718478,1,X,E
0.43567885474891666,1,0.39276393855474456,0.8905019944108049,0.41350055685160336,0,Z,E
8.107317108465352e-08,1,0.626471722144044,0.522506891568326,0.46147735498193976,1,Y,E
0.08179853664284378,1,0.04755229980509457,0.26628432716263684,0.8909205755880871,0,X,B
0.12302683153702179,1,0.6303990706305668,0.1734983595714903,0.6018908749445825,0,Z,A
2.176781394707277,1,0.7543803195460057,0.6153856949971233,0.24951902011217475,1,Z,B
2.4935204682362824,1,0.5153930289350671,0.9902229650058405,0.21442892168513683,0,Y,B
1.2891813283273016e-05,1,0.5211175500218589,0.7680988832186154,0.17717603197166176,0,X,E
0.22143458918851,1,0.6653433901373913,0.38665392916989527,0.4285050749945216,0,X,C
0.013540815475653898,1,0.27325683084429164,0.4865782568245921,0.212248851635656,0,Y,B
1.0870124316710923,1,0.6434853394362062,0.7916830215153157,0.8581555307680825,1,Z,C
0.3830372287135272,1,0.3908298388482956,0.34305029832368505,0.534340417778311,0,Z,C
0.7334885907600371,1,0.8755652951728459,0.7080709762156152,0.1408742996714093,1,Y,D
0.0003474034677299556,1,0.02151369355850208,0.9957280492461154,0.8030261095889134,0,X,D
3.7429075125018616,1,0.21843085843450916,0.07756082849965829,0.5656325125836685,1,Y,E
0.0003032521197153095,1,0.13019327037123896,0.6681033101504185,0.9154334552769487,1,X,D
2.0852608897036724,1,0.9056113511018832,0.734597814295034,0.25744428283253395,0,Y,D
2.006003229040382,1,0.9145228330568015,0.6186559126607253,0.11432273927568248,1,Y,D
0.18968704695129066,1,0.9434303203847111,0.5517932962492686,0.2731046134664439,1,Z,A
0.18367930557824,1,0.7116161441286981,0.33337371999341325,0.7292593200752696,1,X,B
1.3585378674861315,1,0.8443246624981363,0.8210459188426334,0.7339867440807656,0,Y,D
0.5803341867823824,1,0.2864203754344823,0.3842410595177982,0.32141276513165207,1,Y,D
0.005798140229799858,1,0.23764170205388402,0.42829091265772357,0.9004946639542131,0,Z,B
0.18073438708190204,1,0.7440097159646203,0.8009233586473694,0.09821840667923032,1,Y,A
1.7608855415918103,1,0.9422790754746195,0.851259424175583,0.27102021555764577,1,X,D
0.944784690052097,1,0.610177519947628,0.1942521053046694,0.6982184174563058,1,Z,B
0.05736480346690688,1,0.6481500413237722,0.7443356076136575,0.6396448728034987,1,Y,E
1.3516117713537394,1,0.5930866426756441,0.922261415496062,0.441322790570261,1,Z,B
0.39829900672685764,1,0.5599938431557737,0.07298981880785849,0.34207549116735536,1,Y,C
0.2681434456844429,1,0.2654242591747281,0.35593192535467544,0.14509615864738645,1,Y,B
2.9611447834649165,1,0.4715437152648114,0.13350265312199305,0.503898984988935,1,Y,E
0.35015600808205455,1,0.9410459930480588,0.11582620019870471,0.8328940399956583,0,X,C
2.8606971519925097,1,0.9018085015625165,0.40102880583899725,0.5305895348382468,1,Y,A
0.437186741263576,1,0.4514423419956143,0.2948699192040757,0.9306498314863457,0,Z,A
2.2577531506480395,1,0.2898686949708773,0.2564454420819451,0.9982192207761161,1,Y,E
0.0017685273830108897,1,0.2855084174367739,0.8473277153836539,0.02557494112413561,0,X,A
0.03931552904348286,1,0.3973238422821843,0.22104536577744338,0.5896479939966695,1,Z,B
0.9291004490706644,1,0.6409504759268893,0.7016366771321453,0.7417420869544399,0,Z,C
0.40242733918108803,1,0.7659549615007861,0.6817273843389503,0.09051186423909174,1,Y,C
0.25790141977944064,1,0.07656692989447489,0.10299137122301427,0.6030801671863267,0,X,A
4.2237824512283734e-05,1,0.12016343606005997,0.6853586656536635,0.6146569143463806,1,Z,B
0.22154898269597936,1,0.6975090797266752,0.41847733335607695,0.7923833631013545,1,X,A
1.0014521140223853,1,0.31712414932769784,0.33785368365992485,0.8998511939922555,0,Y,E
0.8570420702180777,1,0.6945441295530818,0.6196295024076726,0.39211336665382834,1,Y,A
0.0454183334480009,1,0.17246020137165574,0.7928132972738995,0.5572437729426468,0,Y,B
1.89800945555163,1,0.7481531213824881,0.5764480529532523,0.11461949248386927,1,Z,E
0.0026798301215644237,1,0.09955727614865029,0.08173850913699499,0.25855658117632296,0,X,B
0.3843858330178753,1,0.5907173739810143,0.33253012487631706,0.16595687761475264,0,X,B
1.3728177016576997,1,0.9909534645123343,0.10136169308903298,0.922216326345082,1,Y,B
0.09836477784011,1,0.527284975933434,0.9765576981157522,0.06163785500108088,1,Y,E
0.5182967156557494,1,0.31892368675024807,0.7400583047192082,0.6308323230147829,1,Z,C
0.42941428489766403,1,0.7995017721387792,0.6378116953262896,0.7404855979965909,1,Y,D
1.9149965250925833,1,0.7122340962286274,0.5078136097447725,0.9484090940420095,0,Y,A
0.11338419805348321,1,0.45478954457215715,0.15932237450981845,0.2316759813427901,0,Y,D
0.3528214744325737,1,0.3863085166685353,0.39829400430574646,0.010618451685580732,0,Y,B
0.4423668057430376,1,0.9660574302425904,0.8614959912811926,0.8590908339041251,1,Z,E
0.07087233142001918,1,0.15270436610264093,0.49017427195711194,0.928975087699424,0,Z,C
1.3335998184488718,1,0.9512202984139385,0.9446960367554141,0.3417998562208264,1,X,B
0.667092665225162,1,0.7372699181589657,0.7642680991605331,0.42727104170525043,1,Z,C
0.3153754045725148,1,0.9028273311981341,0.12755932111561374,0.7633870040765424,1,Y,B
0.7064481744792285,1,0.9124868216165704,0.14767700282930296,0.0506084352349051,1,Z,B
0.3691004809749528,1,0.8355289369472217,0.29181196048631763,0.14248641791345484,0,X,C
0.2103708740083663,1,0.1478731448910634,0.6931192159381477,0.9382851820105644,1,Y,A
0.058657957755666734,1,0.637019909881725,0.2336640648750925,0.7835494520805568,0,Z,B
2.1076693102733977,1,0.4758638369890136,0.13026022303766682,0.4846771758949696,1,Y,E
0.8917216462002724,1,0.6997222336488902,0.15242777744052505,0.5334728488534564,1,Z,E
0.011744874052142723,1,0.0822326417993906,0.20133691257309494,0.7945341353468287,1,X,C
3.1239862172305255,1,0.6157839960863309,0.5840492641207596,0.8950110693371743,1,Z,C
2.252409561635494,1,0.5379340656946896,0.5809991144966521,0.9862673237971403,0,X,B
0.2876542904566491,1,0.47568637970299477,0.5217686889078293,0.9095903723863878,0,Z,C
0.0002976405647798511,1,0.30450815370411366,0.05247606387721193,0.1594244659818439,0,Z,A
1.9723172337473038,1,0.9922141940745121,0.7804594943604418,0.8306228342812855,0,Y,A
0.1341973379657229,1,0.9199503453699427,0.28173352649588723,0.5894235219383084,1,Z,A
0.23218529560144074,1,0.5321102147464052,0.8737817588449288,0.5425780239553509,0,Z,D
6.847174541302544e-08,1,0.3226816488034284,0.4633037856488439,0.74869784172144,1,Y,B
1.4715462563844979,1,0.912263224259633,0.04320363377620051,0.07049306998039395,1,Y,E
0.9130787694151554,1,0.7816514760345812,0.14419212735587728,0.795554090821499,1,X,C
0.0001522896275775271,1,0.1889905882469527,0.7620471303209005,0.4602910606175057,0,Z,B
1.0917629256947456,1,0.6033372869241547,0.4901419316938851,0.36647968234347317,0,Y,A
0.005996691845420191,1,0.2556147926257475,0.6029112562952245,0.6642617616631584,1,Z,D
1.5961826303678117,1,0.904316599384054,0.9290421346173958,0.8461505468737678,1,Z,E
0.4298568385433858,1,0.939140947548224,0.4644997669988896,0.39320341929218083,1,Z,B
0.9324351942256773,1,0.8645889524557494,0.0855694160827084,0.39106368608888753,0,X,E
1.0859701287100199,1,0.7006051972992787,0.057401668936482464,0.28648330665025035,0,X,E
1.5211353154360634,1,0.055613460902809386,0.6269910526318185,0.07244490878056398,0,X,E
0.4993308041761123,1,0.5479468031818763,0.5412895639442075,0.6351830845819215,1,Z,D
0.0006375001950290346,1,0.4880202438470266,0.747695636899081,0.6137032049043185,1,Y,C
0.021257479971628298,0,0.8664731843464774,0.6488319960664793,0.8027561077886576,0,Z,A
4.105993673628248,0,0.18568267538663086,0.14461423323787215,0.733542593200546,0,Z,E
4.345835921665295,0,0.5826982183357483,0.9700934996757975,0.9922857478074883,1,Z,B
0.3113955803450643,0,0.7527954291031494,0.9449508584096872,0.8788493024216447,0,Z,C
1.4417373689375221,0,0.44761971545429036,0.07451128949521058,0.9425318525679955,1,Y,E
0.3372887997039166,0,0.7676264998581488,0.5960519218886686,0.0342732828677732,0,Z,C
4.392929249569543,0,0.8314379958411174,0.8986580548280322,0.8984375910244725,0,X,D
1.5700239118983375,0,0.39839558794868146,0.8187067214011503,0.4451836023782698,0,Z,E
2.7142489693709546,0,0.5537036321649361,0.8957975573451391,0.9111671121471264,1,Y,D
0.4995043553025044,0,0.9952741816362605,0.07953721015141835,0.9001575992990138,1,X,D
