time,event,F0,F1,F2,F3,F4,F5
0.01903874652921224,1,0.775125221365428,0.5049640537701365,0.04096136164871356,0,Y,D
0.0005547985006357363,1,0.08054608857786749,0.16207143647817823,0.010857023231423124,1,Y,E
0.011989512378843074,1,0.881604433829317,0.8611076641188292,0.7965608522510186,1,X,A
0.3872485687046,1,0.09963909977077245,0.7361695450469178,0.6215558351356438,1,Y,C
0.22168344064039322,1,0.8407561244488011,0.9260424685175122,0.17166262446580582,0,Z,A
0.5326003560684478,1,0.6032759096636671,0.1965942632374461,0.19024687089652859,1,Z,B
0.02082024635402907,1,0.8683637874088997,0.9359236720108143,0.482265123966201,1,Z,E
1.2867383552219172,1,0.18534794033061097,0.38377775227069943,0.5521224559334454,0,Z,C
0.27557591516263796,1,0.9583318741533086,0.4931986919453446,0.5948062289948347,0,Y,E
0.9853699506655733,1,0.3818553246084119,0.2551673210813321,0.959163814371706,1,X,C
0.14213170224210897,1,0.9105508826081193,0.207918196215639,0.6014005354558046,0,Y,D
0.07998996109346294,1,0.9759345595383786,0.8305190225137361,0.6844824584720833,1,X,E
0.00750957267386592,1,0.6492731678865217,0.28407758276173367,0.5925843595187907,1,Y,B
0.42905762623008165,1,0.8985174367102818,0.4604082766921488,0.9538861612825814,0,Y,A
0.43336299752018975,1,0.2522321025519987,0.9123962644401136,0.34541563381432683,0,Z,B
0.19320255112605358,1,0.6843798940775685,0.40773442858126774,0.2894000649823394,0,Y,D
5.3950058684953215e-05,1,0.917536745796293,0.814929902693624,0.9493059350045804,1,Z,E
4.908479069335876e-05,1,0.23582228713048514,0.7574173066270442,0.602332917437144,1,X,E
0.3907918405073279,1,0.24333648391874274,0.7414212497660152,0.3204658440345597,0,Y,A
0.042233560186646084,1,0.4966922313527893,0.030499930376045037,0.13619364052351968,1,Z,B
1.1773756149772598,1,0.1718970757286089,0.439826376590682,0.4378134143834296,1,X,E
0.8095628180926188,1,0.5669270107852529,0.5325730684203512,0.6769310381405568,0,X,A
0.4090264598956302,1,0.7352957801429583,0.5251733856608546,0.577044653614831,1,Y,E
1.1596911445581972,1,0.0006455731906999107,0.224428052608317,0.05410465464174774,1,Y,E
0.021191360535114664,1,0.3852492981787954,0.11860197684854168,0.0012820769943501231,1,Y,C
0.05864942395726214,1,0.5296974922228557,0.9471450688084939,0.8381900741133813,1,Z,B
1.540636497594144,1,0.13713974907847526,0.4582316063959422,0.26119296007567583,1,X,B
0.51580746502785,1,0.789660909911806,0.5138902460888334,0.7308543178635172,0,Y,A
1.1269510479684097,1,0.5379511478530016,0.45884435963459025,0.9680971166985437,1,X,D
0.39463497074908865,1,0.14503656544030818,0.6002386917396741,0.06492052146840199,1,X,B
0.6763943172871354,1,0.8022291557735465,0.35939551086776256,0.9616879951828811,0,Y,E
0.04409750425733216,1,0.8491778825822145,0.464726483556134,0.03507136486873019,0,Y,A
0.05499876623448535,1,0.9772225965212099,0.9486705512319313,0.12733954371244094,0,X,C
0.9496376560311988,1,0.7984774396396279,0.18973648140442811,0.24116035439445083,0,Y,D
0.03134245381890707,1,0.2519447265216239,0.7706488817665281,0.2232649722571135,1,Y,B
0.3375858158451549,1,0.7599241129373299,0.4602000098697029,0.7322033992028484,0,Y,A
1.3767244388324584,1,0.38599364300776606,0.8235349558041802,0.504998156824018,0,Y,A
0.46922854540003806,1,0.6786490949451618,0.5014681282166678,0.1191954430821427,1,Z,C
0.060976979724644956,1,0.7306877941675487,0.3644981383309943,0.12070852056990933,0,Y,B
1.0902977232243363,1,0.4405166635809439,0.7592231765117431,0.7393224858385419,0,Z,B
0.3309648695687574,1,0.6986009130295663,0.5724528464736292,0.5558151919200557,1,Z,A
0.20390108159728804,1,0.5944450368066664,0.29033505059245235,0.40194001255416034,1,Z,E
0.04025498394164682,1,0.4775640741554007,0.3385328557868792,0.5822985410455367,0,Z,E
0.748299626655155,1,0.8587601379551733,0.2330596866648903,0.8020969154826736,1,Y,C
1.3690627290060462e-05,1,0.2789858691348457,0.021326414836724483,0.13834960031937893,0,Y,E
0.8059428937542289,1,0.19925787777437742,0.8662515300182222,0.9698577284642722,0,X,A
0.9475872240639223,1,0.26194716417110375,0.30006323410219726,0.6694888532425604,0,Y,D
0.43983249389315315,1,0.7440846805778332,0.6675515157162843,0.9568534350066289,0,Z,D
0.09282474915355042,1,0.8096486932921404,0.17699765831607472,0.04332985485170948,0,Y,E
0.3461049503070598,1,0.4601999804270748,0.8167317449720108,0.63642767862746,0,Y,C
1.5761195244624389,0,0.188610246439596,0.24113497121301009,0.7239361593803647,0,Z,B
1.6132524652779325,0,0.30252429780479506,0.3149277836477261,0.8807860947062933,1,Z,A
1.5125260974889965,0,0.44548173336736596,0.3021409631762382,0.9880684672770453,1,Y,C
0.21282015220137443,0,0.09438642161649002,0.9338619847261563,0.7861632770972331,0,X,D
0.43256701883132376,0,0.6397816156396371,0.675916916285931,0.020532265053450183,0,Y,C
0.32533003331527577,0,0.19025375598633099,0.10041445575804198,0.5645982087471376,1,Z,E
1.246857399817752,0,0.31484885846074107,0.06175946598830562,0.7918421791633932,1,Y,B
1.616903519340693,0,0.8585335200607218,0.39353655034369805,0.8660595272645101,0,Z,C
0.3593499546620823,0,0.6765690474280912,0.07024947425600159,0.9716949170251022,1,X,A
0.9455492968346648,0,0.9919506928855807,0.8249854830306028,0.17147641217977594,0,Y,D
0.9084217848698325,0,0.6802910991406467,0.6578541325741861,0.3122813432408055,1,X,A
1.616804626495379,0,0.1555040145941271,0.05561243433362706,0.9745820822713435,0,Z,A
1.6029773236958749,0,0.4551048255016287,0.5186146186711421,0.09379888223930744,0,Z,B
1.15120749471059,0,0.38257058250859466,0.7843633594907361,0.18802983187665312,1,Z,C
1.210776747015377,0,0.6379991214210674,0.2662469730359387,0.09647958307707849,0,X,A
0.8084160849365911,0,0.08928066154638026,0.1875689150895079,0.24286151860227256,0,Y,D
0.8723348904631121,0,0.8981824059118311,0.970448798736846,0.48751703943527036,1,Z,D
1.0969810909780082,0,0.3639207687478996,0.2372660435230377,0.5254944786472726,0,Z,A
0.9444083770350208,0,0.4564297867599031,0.27752799523628213,0.8826047353485356,0,Y,D
0.7284415507091806,0,0.20574665729329478,0.0983516505856038,0.37811844206971,1,Z,E
0.7055206309065835,0,0.26576031460763694,0.8719511903787622,0.7922792890240646,1,Y,A
0.0665761602755884,0,0.6758634906996197,0.49403589783372814,0.7510682688170464,0,Z,B
1.4877864368103153,0,0.9140199482187684,0.6539459807310257,0.024747470120084825,1,Y,D
1.1509974891444852,0,0.5896695623957428,0.9510166446864431,0.534876596840482,0,Y,A
0.43307243485505154,0,0.00957080851711245,0.6946337765229478,0.7231505036954925,0,Z,A
0.04618092274416942,0,0.7070601509456502,0.19696454783623074,0.9133807905669862,0,Y,C
0.6983788700536324,0,0.0768946066439139,0.48702631246741546,0.81333094558159,0,Y,A
0.16561509766907068,0,0.45839189142958625,0.6582158417489873,0.0971150598857683,1,X,A
1.309901195774373,0,0.3943360615842999,0.458892815135831,0.1453407327882994,0,Y,D
0.45828777752254735,0,0.1581683886691635,0.7598878625531508,0.8366550323394283,1,Y,B
0.2815278527284106,0,0.06746731323023247,0.7267235603923634,0.9352448633263454,1,X,D
0.23572507697578365,0,0.6426798123278947,0.8872411833202827,0.5635941720760028,1,Z,A
0.34456829363315944,0,0.07619264328398867,0.6940096226244252,0.9551032604363665,0,Z,B
1.3087473538620489,0,0.19650325352216913,0.7450550054255349,0.16492792716985882,0,Z,D
0.6428665036305776,0,0.4310356937334161,0.6010965160369445,0.924760659397515,0,Z,B
1.2210331279003064,0,0.3957082446602096,0.04725642378881523,0.908791360530817,0,X,B
1.2323661507145927,0,0.5648359304437552,0.16797913515230878,0.3674829045855136,0,Z,D
1.496352598508436,0,0.8737900722393778,0.544252578497962,0.9160683877728815,0,Z,D
0.12931347814584856,0,0.47471219298360645,0.5394680456836642,0.3969998478161654,1,Y,B
1.485734194892859,0,0.23176601327052238,0.07750364535136622,0.463114514560384,1,Z,D
0.014674833265861264,0,0.2125160838415424,0.31122031705931186,0.7208506095471038,1,X,E
1.4791774773518234,0,0.29808598159893396,0.6382149966372328,0.2899160223503541,1,Y,A
1.0555861674894684,0,0.5982079247171459,0.44846518861063545,0.3101950806925322,0,X,E
0.7100393756279622,0,0.2543806238738012,0.48118777799837753,0.7013550734478313,1,Y,C
1.5307532797378167,0,0.9701080881728102,0.9359685288621205,0.8608292874991846,0,Y,A
1.602701458784064,0,0.32331300318095335,0.3112270333434215,0.5527313946147792,0,Z,D
1.3220687611710489,0,0.39192648147231346,0.72013748212122,0.8901075804889251,0,Y,B
0.6386947326327657,0,0.16411399493627066,0.423739388328939,0.7891596634764221,1,Y,B
0.7751246224688819,0,0.38862823596626594,0.6924292802260541,0.9218018027802798,1,Z,B
0.8716410125353969,0,0.9966284726718531,0.9223774158955665,0.06112152534805326,0,Y,E
0.5184615808508735,1,0.9132930842959811,0.1767064054024472,0.9158636876395498,0,Z,C
0.016230914446871473,1,0.988954697499802,0.8387332782532549,0.3406729513709734,1,Z,B
0.023560695978456378,1,0.86323344853547,0.2563785594536141,0.537848404895869,1,Y,E
0.003619803663838602,1,0.9989215072989388,0.7556361167351509,0.5690859424268526,1,Y,E
0.0017412878900747953,1,0.9086235143575278,0.045421916463111445,0.7979917690892462,0,Y,A
0.11333251170675114,1,0.10351585386918494,0.8450726384935586,0.007859434112004626,1,Z,B
0.31409705448714914,1,0.21084760507895828,0.28784414534028413,0.6531684259831361,0,Z,E
0.7533463696036806,1,0.6335491944110753,0.010705094956016348,0.5698062115901562,1,Y,C
1.2067836437661794,1,0.6972763538234705,0.5882278946592263,0.8142692949769581,1,X,E
0.014807125650761983,1,0.24516375005777902,0.8325670247205418,0.03413990163227021,1,Y,E
0.2380196536365884,1,0.8813282592094219,0.34378425453032924,0.436796727307737,0,Y,E
0.0135554595356361,1,0.5445110420545082,0.8766078121078331,0.14410880895958023,1,X,E
0.00067254677870781,1,0.2914081446032829,0.6863710390489209,0.7489680195591467,1,Y,E
0.04887587060381259,1,0.21696418548066776,0.9260883871776735,0.22577850951681455,1,Z,A
0.06960831736481884,1,0.9021243595587426,0.11604223790479273,0.292795933427784,0,Y,A
1.3386620638182167,1,0.730199135484343,0.6054408621141605,0.40148905858822814,0,X,B
0.20888294862538195,1,0.7021007819449193,0.23931462707224405,0.6819131185366069,1,Y,B
0.7561024287866953,1,0.8159548103328429,0.8236164223301043,0.690629340266777,0,Y,A
0.5230415532556347,1,0.529019323189323,0.15748390443100624,0.5283480393748005,0,Z,E
0.6686815052581865,1,0.5775717729258987,0.5266852989701187,0.9832826949246604,0,Y,E
0.8072921109096117,1,0.8647609230170269,0.36239818540295266,0.8272146217671157,0,Z,D
1.070505100640104,1,0.29829550321052944,0.5600810000826759,0.7524875962069352,0,Y,B
0.19804781654981907,1,0.5328466040784898,0.3552472822291256,0.5054610200729442,0,Y,D
0.18036173507996467,1,0.675873198178803,0.5106539739127665,0.7118293743049248,0,Y,C
0.3318964470965134,1,0.12789262113071265,0.7746842874475093,0.09264252919379046,0,Z,E
0.7140479793510784,1,0.8611734918112747,0.7090256920164666,0.2852636533041816,0,X,E
1.0341914507428567,1,0.009695459728477518,0.8351969481097775,0.4331326201571426,0,Y,E
0.065993781851363,1,0.9657974687433553,0.4014895105669801,0.14420995156053573,1,Y,A
0.46118853766952983,1,0.7619079294316178,0.9122273525354372,0.08411123069696713,1,X,A
0.9586853511513879,1,0.4880000410657487,0.43857828335800986,0.697278010041587,1,X,E
0.0001193603012423987,1,0.5014886764805159,0.9704318190389886,0.9258412501642229,1,X,E
0.04221946507455396,1,0.614943916657442,0.5285275011966517,0.605840445392924,1,Y,A
0.27304754342993975,1,0.32261873919394224,0.7954464958719444,0.3622197015581923,0,Z,C
0.8082763737658626,1,0.6969757677700477,0.3029651434939026,0.37111554590529305,0,Y,D
0.030621780354564702,1,0.372278838826095,0.4951931813376552,0.320408177574921,0,Y,E
0.7407243294547353,1,0.5921321115598365,0.15484458581044758,0.33804120102040025,1,Y,A
0.3232657495240983,1,0.177805396266569,0.6254581544172952,0.2555307993657543,1,Y,C
0.5861185319773395,1,0.8285031551103255,0.9533797117819071,0.9540602646039155,0,X,B
1.0893237035246703,1,0.7201525397335886,0.6412268241618754,0.7966819027851211,1,X,B
1.5180196205067316,1,0.017176004045331483,0.3612591007181394,0.9122871299895017,0,Z,D
0.005567812214212313,1,0.14340045659684786,0.9135313499814482,0.8009172430276191,0,Z,E
1.2845660174474918,1,0.6855228834512439,0.46263362269526487,0.31078975809042675,0,X,D
0.8829410708631321,1,0.7424290574052813,0.004861380578680685,0.10440407149645159,1,Z,C
0.016766382590833368,1,0.48558831541300307,0.5344526085235938,0.15666615511597837,1,Y,A
1.111890392274394,1,0.7080983615376233,0.466080953658668,0.38659343242332544,0,X,E
1.1456819872112196,1,0.9817027677614389,0.15229882265331873,0.35906387889467095,1,X,E
0.6905689297432974,1,0.47540954530158286,0.8838254952665925,0.7416315965712189,1,Z,B
0.22990873145658008,1,0.6054389883084472,0.9742507754599787,0.2560280147604046,0,X,C
1.2353163478720972,1,0.8009511042696132,0.5197244527587509,0.2456737630861845,0,Z,E
0.8980765288964577,1,0.663775380082205,0.0565891170138596,0.592023654452236,0,Z,D
1.5580354707203352,0,0.41456036499053583,0.43000875155796126,0.8605691353594735,1,Y,E
1.375424966445338,0,0.18625740848114436,0.2579978450956193,0.020869247354725284,1,Y,B
0.6300965119257059,0,0.971755360169442,0.8689876509111847,0.6636510927520503,0,Y,A
0.7733112986068424,0,0.849888554280298,0.37501887037975346,0.5896510616126015,0,Z,E
0.6529040276902857,0,0.6903801940808207,0.5072721211658183,0.538006924159956,0,Z,D
0.34866143816025397,0,0.4627646150621971,0.7696879594880517,0.4272473439346597,0,X,A
1.156372546229313,0,0.5306098051044618,0.2896633659080263,0.1824267287342337,0,Z,B
0.6566430895346206,0,0.9032516954697037,0.6634469318735634,0.33007121860591304,0,X,D
1.3352254719811283,0,0.15878925059723736,0.38584239132693654,0.6743970096761428,1,Y,A
1.377990646078499,0,0.5773208580325233,0.2907692614042604,0.5438655002526323,1,Z,A
1.14780111323944,0,0.05248320223566183,0.06908332796245908,0.9585976121231315,1,X,A
0.9609213983014411,0,0.2612393733100359,0.2796402444800328,0.03716682351796774,1,Z,D
0.8408796484451698,0,0.09876665801346873,0.059684003686890086,0.7862153301637581,1,Y,B
1.3434222831228895,0,0.9190787510136192,0.7360542378665287,0.8490594629641256,0,Z,C
0.20765760511499903,0,0.9950210546466042,0.3696175518540836,0.10456990397469945,0,X,B
0.968265733570222,0,0.23916858740049485,0.048711310476915126,0.2492432370977128,1,Z,B
1.1231275942708778,0,0.4854350240435342,0.5121831870232127,0.49547173007039946,0,Y,C
0.5985818653535376,0,0.860757848646917,0.7771877601016512,0.820236529064263,0,Z,D
0.9352858892530713,0,0.36675428192823245,0.526423684486375,0.3725353134343319,1,X,A
1.4359219834350399,0,0.7867377672762381,0.0023583606319054207,0.3322894869892382,1,Z,B
1.4823032728638095,0,0.33950222097425087,0.1452740699848949,0.6720440859998865,1,X,D
1.5051151493601787,0,0.9283445301631414,0.08564092386901578,0.39737836751653555,1,X,D
0.23497883024668464,0,0.39439426205293293,0.5650769203774754,0.5104736797211666,1,Y,B
0.1807210263892065,0,0.687267491142548,0.344469147807164,0.5434336701466802,0,Z,C
1.6023764469434743,0,0.4737560648992184,0.2627171130704088,0.9302786257497427,0,Z,A
0.32111773121764375,0,0.950612528152169,0.5779469659281552,0.8383868032186402,1,Z,A
1.1803957482325544,0,0.6501200358135382,0.24805386279585206,0.09027601709637134,1,Z,A
0.13317382345542497,0,0.7110563852603408,0.45879702095468466,0.8518810084766727,1,Z,D
0.1480019428947464,0,0.04283602937424469,0.8702135168848805,0.455093034909698,0,X,C
1.6165324382569897,0,0.01831555101436788,0.10238558129251318,0.49239347051702764,1,Y,E
1.0268712663138961,0,0.015968994440320183,0.20832972337598188,0.34822784157943987,0,Y,C
1.6168882672043727,0,0.4694581523663237,0.6785597106269287,0.5198444300498594,0,X,A
1.4377577483985253,0,0.15333513349200634,0.32097712053180594,0.16602017258587265,0,Z,A
1.2992803368289838,0,0.6757945764789681,0.30083677418688304,0.703085646501828,1,Z,C
0.3680995818400454,0,0.087522526652275,0.3333367580326282,0.7369637355126599,1,Z,A
0.6939532418511477,0,0.39487623572057584,0.4760353585981225,0.16562604998994834,0,Y,E
0.4021905122548888,0,0.28567926479069594,0.44032032603958127,0.3891324443159222,0,Y,C
1.6158243803470378,0,0.8311491629491792,0.34269407531540697,0.11493150469276636,0,Z,D
0.390774394798001,0,0.303506083943047,0.4663479145353314,0.36717527867972943,1,Z,E
0.17586124341746026,0,0.14080914151856194,0.785025043141583,0.3644331582206197,1,Z,E
0.2171815969882237,0,0.19214374510900312,0.008783162781758724,0.38368352507987635,0,Y,C
0.3823645775599122,0,0.7127798102029743,0.21181056425117617,0.3268373498380116,1,Z,C
0.5872167572637145,0,0.8428741992219893,0.8019336086493419,0.3474826269952851,0,X,A
1.5868799483761569,0,0.157543439394649,0.7833967856529946,0.8760651873215345,0,Z,B
0.7926330067997719,0,0.3615234742202922,0.6423705942706744,0.8477090864432674,1,X,B
1.488166254231628,0,0.015971427726576115,0.15865198879368891,0.6703042480558355,0,Y,A
0.33451456816251507,0,0.788200188497861,0.5967199314872583,0.7665679457152655,1,Z,B
0.048654095752106184,0,0.22669662450315708,0.7123088505519151,0.9494275829183881,0,X,B
1.5523371687358767,0,0.6074578388789817,0.841537174834543,0.8928214329657859,0,X,B
0.9131397958288354,0,0.491540246588716,0.4249416708621804,0.08893207650268475,1,Y,B
0.10229256712368556,1,0.09294412403897956,0.0830085725016162,0.6169675304889286,0,Y,E
0.6413621103975725,1,0.079489531535203,0.4371329834955272,0.7984904523333916,1,X,B
1.1913391891517295,1,0.2989024039898709,0.043607525366541555,0.7800589576609237,0,Y,C
0.29533102805396705,1,0.3550125642413877,0.5884730757499206,0.01656657126916139,1,Z,D
0.8554319072590487,1,0.02931566607115421,0.17661730585766366,0.7450123871438773,0,Z,D
0.31228359312667675,1,0.9175034169567242,0.02308368291149321,0.3118396769162983,1,Y,C
0.8456056245778966,1,0.2353004817232064,0.633412236880257,0.6219847322450196,1,Z,C
1.3825548018963145,1,0.4273450606493989,0.13773516618075987,0.9616722181692582,1,X,A
1.4023434612720662,1,0.07141033633796556,0.08507593181044071,0.868974601953996,0,Z,D
0.4190682287543464,1,0.43288412050554703,0.8832727885968289,0.5330497622654065,1,Y,B
0.3419672455354655,1,0.9691626466534734,0.6550193227317445,0.5702033849698755,1,Z,E
0.2195220256425893,1,0.5163802761868788,0.04966121094081721,0.023195229012629937,1,Y,C
0.8049485935942396,1,0.9051044805285119,0.07844201604370826,0.2707958661768487,0,Z,B
0.5773924497660916,1,0.8137348267120189,0.04147211754731572,0.2938369734730433,0,Y,E
1.4830157908241395,1,0.9053589576872032,0.4544674563357687,0.17319058650654695,1,X,E
4.678468368979047e-05,1,0.8665426361254417,0.7058852908660335,0.34898391560751174,1,Z,E
0.4173230404455604,1,0.743217590916106,0.6431716281972181,0.7626218545055962,0,Y,C
0.061495700795924646,1,0.22758965258664987,0.9388169728233613,0.03869507249084014,0,Y,A
0.0001854664864821769,1,0.3844201675529003,0.9428388431276029,0.5898423982811916,1,Z,E
0.09772362544780444,1,0.768725190633493,0.4486709317365458,0.24472334052531586,1,Y,A
1.3545034200367054,1,0.27013875566391976,0.6163637408993203,0.3319940933490948,0,Z,B
0.08891075166716443,1,0.48525549601156137,0.5617467035244926,0.0024744571342147914,0,Z,E
0.7331929134599919,1,0.8389352177739531,0.6957394833114361,0.9176212042189618,1,X,A
0.19667503898588543,1,0.49353497072409913,0.9028166532851567,0.058531061013875285,1,Z,A
0.336702409477895,1,0.7735388982580774,0.2476006072118314,0.2849103234968432,0,Z,E
0.1505165152524168,1,0.8241773613313335,0.4658416082258118,0.23865739994643742,0,Y,A
0.9415591576495618,1,0.09351903886777402,0.8207734473320089,0.030862410270471208,0,Z,B
0.08312063230011696,1,0.2997106585882081,0.9681343134926275,0.8762182464953188,0,X,D
0.5163104687360579,1,0.6819645978905757,0.4416632326048141,0.9494593757258498,1,Y,D
1.2418081185731078,1,0.4815101146258498,0.20209237395304136,0.6607510171272214,0,Y,B
1.0037773673065404,1,0.6900653133429234,0.6893467089033738,0.17719528471145063,0,Z,D
0.5878523856369775,1,0.5673770004001396,0.6076582011791629,0.0659339766766267,1,X,A
0.1838824694534016,1,0.556665638248757,0.23442429155875888,0.630626512225072,0,Y,E
0.3824928816236846,1,0.5111065731914827,0.022203560133287392,0.13699767746563007,1,Y,B
4.5247777240756685e-07,1,0.48896440283781917,0.28310857453271643,0.7200641108741583,0,X,E
0.004506744721828951,1,0.30692322326448307,0.03401016697370085,0.053329805411243214,1,X,B
1.052706434356397,1,0.23926668088069625,0.5950569556440926,0.3717769790882247,0,Y,B
0.00036585134203088706,1,0.11284216394024404,0.07208488064747642,0.14764995101598022,1,X,A
0.031227728019982588,1,0.35190731518277607,0.8111654359359197,0.7516502353082423,1,Z,E
1.1979704038299401,1,0.670797718709096,0.6120633665948865,0.08692092487266523,1,Z,A
0.3454847785462121,1,0.5812284577742719,0.24844968836765224,0.13292254450353924,0,Y,A
0.22236989598969245,1,0.20563840211613638,0.8592158337276249,0.5344174176906181,0,Y,C
0.18675995459746322,1,0.3454213450628518,0.5723444169137899,0.1996811083977732,1,X,A
0.1733782858713431,1,0.7425461771948554,0.05019746844008055,0.7279713849162767,1,Z,E
0.02560506442409193,1,0.07014072292823836,0.5137757530667476,0.6491991786848301,0,X,E
0.3671750952800434,1,0.03639843426125344,0.982534460380844,0.6525620734935959,1,Z,C
0.0793149938379286,1,0.868026882069095,0.9707852837950952,0.29252055581976977,0,Z,D
0.1561073020664981,1,0.6460214119854585,0.2850776726456212,0.29645288853645624,1,Y,B
0.12138943390658799,1,0.43208292133427517,0.3546894823351937,0.5779863263071804,0,Z,E
0.5675696425436989,1,0.9637244628132421,0.7392010035352887,0.581754073603953,0,Y,B
1.3237380633126883,0,0.7899092233856368,0.3798184217398838,0.41870405685074696,0,X,A
0.38846532216159224,0,0.500686633718653,0.4152193343840771,0.7749623529367432,1,Z,D
0.6455217597460564,0,0.3727505277099389,0.9266602422978117,0.8231359233922726,1,Z,C
1.5085960064715873,0,0.21303902518339413,0.7912545561927508,0.5181164095101823,0,X,E
0.4593890033654462,0,0.21900314812008104,0.5681240149021276,0.3052980912503813,0,X,B
1.008611739400904,0,0.5859851257375248,0.3985046470463619,0.8100011445374343,0,Z,B
0.7454951330996021,0,0.9432411676955026,0.06387336154026713,0.03275925674159341,1,Z,D
0.9496638335991676,0,0.2751733412573689,0.4833620322530986,0.0774427553658974,0,Z,D
1.2186598128689898,0,0.48478919488513217,0.2412636412191297,0.926059747385168,0,Y,C
0.4776003609229544,0,0.5866574952741955,0.39753397773536614,0.20470615750244014,1,Z,D
1.316615611582996,0,0.6421133859504169,0.39914574388546886,0.4921252306585985,0,X,D
0.8981328575192774,0,0.0001254194433920608,0.0890449070081244,0.45786164418267594,1,X,D
1.4835719784278625,0,0.5966701240611884,0.6918668983596963,0.5062661129132543,0,Z,E
0.29551922353676296,0,0.20164143054320816,0.3273429734621436,0.7955527775050657,0,Z,A
0.02577374033861485,0,0.33986844113034853,0.904092221814104,0.44110157001780226,1,Y,D
0.13325325784011002,0,0.7224697649044691,0.09063526514514053,0.2952039277435421,0,Z,D
1.6175996728848574,0,0.04704426342915535,0.31364456846824473,0.49034888130828336,0,Y,C
0.8211849911817058,0,0.780061407684319,0.44126255800940717,0.6351399986383587,0,X,A
0.6295668514816477,0,0.3949876314053703,0.36396529169844727,0.8483790599298265,0,Z,A
1.1335347002761784,0,0.9587417334287942,0.8842175824252012,0.4510422686061284,1,X,B
0.6763421393682265,0,0.006269046132756029,0.47706903559389335,0.2294917087414886,1,X,D
1.0693826917299083,0,0.4730826802494569,0.7809994162516943,0.019125596767058606,0,Z,E
0.45709273089170077,0,0.933508182543382,0.4135801620393177,0.19621946708648697,1,Y,D
0.4908747764157876,0,0.10837467123783384,0.43599634506969676,0.553113055101473,0,X,C
0.025097979526516892,0,0.8834294093019229,0.1375883895123272,0.6567035355340254,1,Y,A
0.3847697496212142,0,0.22925819956108584,0.4273738931615998,0.2708233174237754,1,Z,A
0.03510833648843729,0,0.16313044120103737,0.33469263301460817,0.8395367775007685,1,X,D
1.6173148817094773,0,0.19543959710540992,0.22287787483559596,0.9615579350403901,1,X,E
0.23808844502533646,0,0.7356730480476498,0.2453270675292536,0.8244547255680821,1,Y,E
0.5872646456884247,0,0.6975765059916879,0.4205862516105432,0.5994071722094033,1,X,B
1.6088504301758155,0,0.01524730656735529,0.23726987619062656,0.8722644422048039,0,X,A
1.4208905304371529,0,0.24269490501049062,0.3523115564732565,0.6349345239438556,0,X,D
1.5387195707594183,0,0.6643925303591272,0.21546177634911412,0.6714738283670895,1,X,A
0.02032550840704997,0,0.009776941828309238,0.3525432938034885,0.997635974571457,0,X,E
0.7574375900477557,0,0.3488734226577356,0.05296015058548176,0.7909034101976163,0,Z,C
1.5176157498507572,0,0.1314145368235935,0.006132670906806026,0.27910838205669963,1,Y,E
1.010607384450215,0,0.7438122568654505,0.27696412630445555,0.515977141191265,1,X,E
0.6034474137068588,0,0.7699210881417624,0.5152535476689432,0.13738843537027812,1,Z,A
1.6101388264916814,0,0.2540516250004331,0.7497053553436291,0.3127583091364501,1,Z,A
0.8708730270027573,0,0.5086541736313568,0.10976173999814554,0.8916188293359906,1,Z,A
1.3290079391526588,0,0.007360042224156649,0.614838432716108,0.7672537972750332,0,Y,C
1.5963737022085556,0,0.9813501269363186,0.7059817416891384,0.4548215834487961,0,Y,C
1.299661766099458,0,0.5993963074148905,0.64448159510309,0.08545389488324706,0,Z,C
1.3648080017243724,0,0.22236295440043952,0.3916636268004866,0.7400929233944891,1,X,A
1.3694891975486085,0,0.7886015528675978,0.3031755328709894,0.11798213428317106,1,Z,E
0.9756978861878282,0,0.23616648393495254,0.5608540347992634,0.7412124038240933,1,X,A
1.5888185328426083,0,0.44822242328138007,0.4170237309588999,0.9796168781405871,1,Z,B
0.5828603927287892,0,0.45985285372102935,0.05986535077557176,0.4619631782143584,1,Y,D
0.9013486614728068,0,0.908874524325266,0.8419779859076731,0.5633184155603613,0,Y,C
1.0121932649764864,0,0.6818711659331271,0.19787852025755004,0.40432919781221144,0,X,B
1.2709124250436095,1,0.9515764867034339,0.826055378449487,0.22511014797127316,0,X,C
0.3285030412281816,1,0.9645019519725418,0.9313516502645055,0.05094270341235774,0,Z,B
0.9633058804514991,1,0.11623148960722884,0.6009379619712067,0.7966294367975003,0,Z,E
0.014338797933317533,1,0.8959910667118074,0.4145500781212781,0.6803861868693041,0,Y,B
0.550300446771998,1,0.855209141921255,0.40605413573222326,0.27499379756252973,1,Y,D
0.12876460801932518,1,0.5861805525531446,0.29601994643752405,0.4384389343357892,0,Y,D
1.233016678212343,1,0.29141520020983525,0.6863553174541328,0.7405719876092786,0,X,C
0.2986667265358089,1,0.30345223029473545,0.949966023177561,0.12806302636891254,0,Z,B
0.02454556898560879,1,0.7237413655051982,0.7280143684470946,0.47178927294049333,0,Y,E
0.5946432431327828,1,0.3155854204770242,0.6495120088090303,0.6837777792214669,0,Y,C
0.11142960538585531,1,0.40690224522585305,0.3371558469731998,0.16261918956896682,1,X,A
0.3116938496241298,1,0.9502685449880741,0.9665915930890813,0.9799619496888526,0,X,D
0.5377428939762222,1,0.26675265721065544,0.6945167086446362,0.7362777302303457,1,Z,D
0.006280218147848742,1,0.21441634419290956,0.6274509722381009,0.9519991191562485,1,Y,E
0.6321173717563848,1,0.47130034658827247,0.542518723198373,0.4469522799728852,0,X,B
0.21721464705269963,1,0.7801025622508743,0.5058458674158345,0.47891459836200057,0,Y,A
0.35610370097026955,1,0.5672300384463562,0.9299624338819046,0.30068558746209806,0,Y,E
1.443530865548075,1,0.12511736960548736,0.6106124930127568,0.44685242666317426,0,Z,E
0.5517391093759367,1,0.17812565429416383,0.7333218658475033,0.7041427163869408,0,Z,E
0.00011686558075643382,1,0.36335834500267095,0.17017129065482917,0.09683094476847776,0,Z,E
0.5576992680000837,1,0.8401648439660662,0.7985413529123947,0.6301660663134458,0,Z,B
0.021504329332601147,1,0.4604530116430873,0.306547177329773,0.7285316710052888,0,Z,E
0.10506905571204331,1,0.11647614554086072,0.6619046432106348,0.1504518874854055,1,X,B
0.7888196036118286,1,0.7866042136181812,0.6732800840588231,0.6932566093465984,0,Z,A
0.2265850574143973,1,0.14981820726424122,0.8902804596279422,0.27864234452270886,1,Y,D
0.10018547813980763,1,0.3332562562344352,0.9099946709852238,0.3725572191663056,1,X,A
0.1715883817825946,1,0.5269281737435707,0.3878967707552752,0.05543017007010509,0,Y,B
0.024685406603953904,1,0.8423592687172665,0.33481289362638145,0.9223805369392917,0,X,C
0.02132829888915255,1,0.8746275326200715,0.9862821815260789,0.2104512394763537,0,Y,A
0.09689579591835962,1,0.4315328834926613,0.23687715291791178,0.4724128394555127,0,X,E
0.6064848842395377,1,0.687452883548837,0.4305528254919503,0.4620481290738463,0,Z,B
0.1726676586546485,1,0.010578007724889038,0.13797537861664233,0.6777438802929894,0,Y,E
0.8224834719135001,1,0.41620887296617104,0.0355584802391089,0.592519860468964,0,Z,A
0.13985987461739544,1,0.09062965503099296,0.7190462367070833,0.8051045357394904,1,X,C
0.1328455080744668,1,0.8448162439080675,0.8969005485578013,0.9259219253758832,1,Y,C
0.24706392075148903,1,0.9348977623270927,0.896827765404101,0.3633252006781057,1,X,A
0.9246798710386591,1,0.43817493067152313,0.9801756458229496,0.516400623929259,0,Z,C
0.5929386662525893,1,0.7906517923731725,0.7085049770393047,0.12446498144860296,0,X,C
0.0018951190403222367,1,0.2950933247389754,0.9502026475127431,0.2821908200007889,1,Z,C
0.19470168680013444,1,0.9971137206947869,0.4130747704658103,0.5606122497171826,1,Y,A
0.09678211627087766,1,0.8943577758908199,0.35069887321586923,0.2182013704360357,1,Y,B
4.1353795474929315e-07,1,0.6326023046264856,0.8404773175670849,0.8959962180608773,1,X,E
0.03254719279747976,1,0.9430190726874302,0.3555942973387055,0.9006008443974883,0,Y,E
0.0018038931413369359,1,0.9154436555550267,0.4538562823327795,0.6415363953625337,1,Y,E
1.559693906257018,1,0.0985779258676992,0.8207834679339613,0.5338404980201636,1,Z,D
1.5866475685298536,1,0.7524030680685778,0.4218266667923565,0.42528829262012047,1,X,E
1.3761892576850818,1,0.6204963232542483,0.7304520736851223,0.6692320973681786,0,X,A
1.499009124934458,1,0.8795117182872623,0.26576447289878935,0.9110458699976837,0,Z,B
0.5245974760389195,1,0.35209085860919176,0.7967774611804214,0.15637427672083581,0,X,B
1.4815745787858243,1,0.7107208275668229,0.6043243562898033,0.9325216783436713,0,Z,D
0.5866728147762498,0,0.8179755723952977,0.27567963074242263,0.5785969940120193,1,Z,E
0.6654888132813893,0,0.28229278125486024,0.11628863100258102,0.3113298763163731,0,Y,B
0.20405123796893518,0,0.4330612881448098,0.7424220491092451,0.498787647963855,0,X,B
1.1815930370868784,0,0.7918768263095394,0.19646102524731357,0.9084340746375362,1,X,D
0.931262489991292,0,0.22251233096151668,0.23070926189665952,0.07458220342883848,0,Y,B
1.3632750252858754,0,0.7823132503649275,0.6823122665558154,0.20675034087014332,1,X,A
1.5492747110276528,0,0.04029363671392472,0.5362948400599048,0.32465326804338535,1,X,D
1.0637672804551441,0,0.06616572538904386,0.8598897610878843,0.5865885247288014,0,Z,B
0.898487607872024,0,0.24746782574194803,0.8245498419593279,0.4612117746332298,0,X,E
0.7516551347174704,0,0.15815291269947085,0.29558214337126143,0.7586146560208834,0,X,C
1.2743427287096476,0,0.37688698525064424,0.9429716451943879,0.4505555471290986,0,Z,C
1.4634223263540223,0,0.3798701616077471,0.025289336578087074,0.9131359955800539,0,Z,E
1.614947095154035,0,0.014984712337445805,0.8593437518225732,0.7912076108118646,1,X,C
1.2705862584223655,0,0.6570501549565422,0.16999178920265468,0.5970913605962447,0,X,E
1.5089420711387753,0,0.4826626255563121,0.8721049397882319,0.8213592384209839,1,Z,D
1.0766545590858914,0,0.5968828269945016,0.7734667515560252,0.8361646523045944,0,Z,D
1.4742250108477994,0,0.42870701145103407,0.9467827200688335,0.5381114328342526,0,X,B
0.1418172262147135,0,0.4196876605066757,0.22619912685602517,0.012291916525610236,0,Y,E
0.5212055965822712,0,0.694564077108803,0.1452736898562038,0.8649729147414279,0,Z,E
1.3236508976118637,0,0.325508503852881,0.5045087213101267,0.6521252490969499,0,X,D
0.45895785687490115,0,0.29954166981767094,0.017592286463634643,0.6881091473035036,0,Y,E
0.7709401935280864,0,0.771158829271072,0.4728510737442352,0.1720548906239605,0,X,A
0.09179812369176786,0,0.2166855776307447,0.6168060119937491,0.7942254226200327,1,X,D
0.16617422854492114,0,0.8673732824698941,0.6769068889902975,0.34139721515921484,1,Z,A
0.10273825585004015,0,0.23178929963040806,0.9827357668493649,0.5726066890352665,0,X,C
0.09573953514484349,0,0.24605132029026489,0.8341953892981202,0.9912306601830093,0,Y,A
1.617170567692791,0,0.2426397609118035,0.2991099173445879,0.4420630577248068,0,Z,C
0.9028083702604485,0,0.7691930219083691,0.37797935719814457,0.3439718819830223,1,X,E
0.198100081347953,0,0.43588997380573746,0.012891283164708112,0.7286871568909588,1,Z,C
1.5418427689722125,0,0.9611931139138616,0.08840131970439014,0.05374865798426276,0,X,A
1.6025734936318412,0,0.715843361519446,0.5834053247135067,0.6034978366810307,1,X,C
0.23195962709028048,0,0.14392407317301203,0.9150917085082345,0.9691226590640364,0,X,D
1.5924121710840922,0,0.24716003934552477,0.07904602659193571,0.26860418609994685,0,X,D
1.5962607197599528,0,0.06868762084042845,0.7076559515239803,0.3970300040864547,0,Z,B
0.787962201124463,0,0.955459823879149,0.48314706759635073,0.9553936087075074,1,X,B
0.3654207022875987,0,0.4962390332504829,0.040048494330798046,0.1343607547494705,0,Z,A
0.6515897993610118,0,0.8103717854812531,0.49324208909758316,0.024701484157207187,1,X,A
0.0019761487805049706,0,0.6973717763056545,0.8389027272294817,0.8180585595617578,0,Y,E
1.6099736743745947,0,0.4866524964499659,0.6996335952034152,0.24077763497735538,1,X,C
0.5552366281613609,0,0.5030109685740538,0.046042182574825175,0.8831424565629387,1,Z,D
0.7287343417831605,0,0.26579628164650504,0.6574289037965128,0.43109971261207314,0,X,D
1.150267446340421,0,0.07885903474994638,0.7264707263305951,0.918457537421221,0,X,D
0.6784211226934569,0,0.45663439173342,0.6445456478655692,0.9078033735713015,0,X,B
0.014551139691053006,0,0.5029659400452644,0.25505425790354586,0.21849104516115836,0,X,E
1.525199052781784,0,0.435190475343039,0.0466763728729791,0.9618072702854009,1,Y,A
1.2579363599418802,0,0.513274168632871,0.3917968974915258,0.16300108199910668,1,Z,D
0.7330978254256669,0,0.6642218367743873,0.6959850990608977,0.9011030377795648,0,X,A
1.3116840282411666,0,0.4782469672096572,0.321478615564028,0.5272888185894791,1,Z,B
1.6182077285081304,0,0.8243771342148885,0.8887128847357877,0.5578966569168952,0,Y,B
1.4075503359157961,0,0.2887989306546175,0.4444133491023683,0.8189328216152466,1,Z,B
1.0637138574141154,1,0.341691547718869,0.03284510413908015,0.47068965862885104,0,Z,B
0.5612850518997466,1,0.09122128454948397,0.14139443132851082,0.5712530188244542,0,Y,E
0.6163729108018517,1,0.09489633635627659,0.7891456995670314,0.5498516178091525,0,Z,D
0.28304815778302506,1,0.6784239945087803,0.8084187220491343,0.8891462563039539,1,Z,A
0.4251032130021857,1,0.5630684338363937,0.6124954010516106,0.4655369032468726,1,X,D
0.9674206706109909,1,0.9860067504148593,0.4872549772703534,0.5317652458315134,1,Y,E
0.5128833472602734,1,0.43240699421450746,0.6121787241853058,0.17839866252246472,0,Z,E
0.37524917375988914,1,0.42932479167438764,0.8380978463843325,0.014869691006873742,1,Y,E
0.4443185765877251,1,0.1238131986573826,0.6098484469149806,0.6892229709673283,1,Y,E
0.4062458238952639,1,0.9957411971668707,0.8271827212502151,0.24575417288143786,1,X,A
0.20307063285758278,1,0.5570092809113364,0.26853448352140785,0.7320490853189363,0,Y,A
0.04479522309624538,1,0.15526610701480292,0.8099565011668269,0.0071041688139761305,0,X,D
1.2231058214191113,1,0.5297178505267903,0.06205684812935519,0.38720810364722114,0,X,E
0.027329532567072046,1,0.8973266475363898,0.26354454181990794,0.10480045129865112,0,Y,D
0.5973220337641668,1,0.14034532944028177,0.8674896361792445,0.19794812072921153,1,X,D
0.6036382483002628,1,0.9258857045698051,0.5093266715183827,0.30166563762429743,0,Y,C
0.20893855124444605,1,0.3321220349338492,0.6876498084434259,0.38000271363513516,1,Z,B
1.4021444164939485,1,0.6686161600237526,0.05274660824691868,0.2571088601345808,1,X,E
1.400835238758656,1,0.09593789774184158,0.20945057069931805,0.5846924282767043,1,X,D
1.2527699822797667,1,0.8957608369602648,0.6314668469970334,0.15054129494332602,0,Z,D
0.13460175279066464,1,0.8376948889923918,0.5368293391990765,0.658887211945277,0,Y,C
0.06803273785995481,1,0.5472759460800111,0.7943388126517,0.3802750019220379,0,Z,E
0.41059013575324327,1,0.8257969921030737,0.019332214548075988,0.7536789014746584,1,Y,B
1.1316234797436333,1,0.1460491875759059,0.6317936028996093,0.29829509998137305,0,Z,B
1.4970972207948285,1,0.41080180486063345,0.44145996182164604,0.4598972562491642,1,X,B
0.5106378134333343,1,0.06383488611896793,0.7907215134875076,0.7571805928363153,0,Y,D
1.143436943151202,1,0.10477744322878624,0.930431406678697,0.1839227825501426,0,Z,C
0.24219192071311268,1,0.7442358431988304,0.49125634394166484,0.29679692330876306,0,Y,E
0.09064722567738451,1,0.8598581092939155,0.8054006818528885,0.44831096818667593,0,Y,D
1.46994033388941,1,0.9003361971391979,0.968971284927261,0.26388433692613233,1,Z,E
0.5866292057781494,1,0.5310925600716934,0.8378133305722197,0.5435709137264462,0,X,B
0.34527697382916156,1,0.7938535281289921,0.6182368721583722,0.3463489248130839,0,Z,D
1.3497902972213423,1,0.4548616988219628,0.05322324245689436,0.08567298088396513,1,Y,C
0.2695055264591667,1,0.4803605785684203,0.8445639938875202,0.872416268711232,0,X,B
0.9848224995764638,1,0.6510683430565347,0.6107452869491324,0.4237158266861686,0,X,B
0.00412084439791626,1,0.42256201646536584,0.7163128680083378,0.17086898178374654,0,Y,A
0.00038372050636827494,1,0.6360316912209342,0.7839738669174962,0.09832798572656698,1,X,E
0.36213227902910405,1,0.36420044588546097,0.8323228820292916,0.7396898901213865,1,Z,A
0.5545649015020929,1,0.9673647507907901,0.28429649434125315,0.20149085164171165,1,Y,E
0.15094268626161794,1,0.706214642213854,0.20804589454520483,0.19842682601376505,0,Y,D
0.00016316623398546335,1,0.38729163250889664,0.9637816702468547,0.5787490619799657,1,Z,E
0.11590782944399322,1,0.4312059289128848,0.8247150241673114,0.4358450802894176,1,Y,E
1.2217264540781836,1,0.44274721062764544,0.5424070267338004,0.8645592585831198,0,Y,A
0.13734438514209232,1,0.9327972671889098,0.5667089886796005,0.9808428347004551,1,X,D
1.1477458911794292,1,0.8279108454215426,0.2141806934972309,0.5983891593499318,1,X,B
1.2517568037696551,1,0.41309846302195863,0.1403914520778321,0.7487657962190797,0,Z,D
0.31627760775340685,1,0.7845851004150615,0.22045542496546167,0.8623510082655818,1,Y,D
1.4793980753236724,1,0.01832693918367756,0.6372064717452101,0.729671010468644,0,Y,B
0.26151484001930536,1,0.3986885740319466,0.7426166798933737,0.11689584304746259,0,X,B
0.4476960460871309,1,0.7902166647044225,0.1966271950691857,0.9422132932919141,1,Y,B
0.7908254159651787,0,0.32464393256915736,0.9744937109314814,0.010160423620719783,1,Z,D
0.9300329730318933,0,0.6528326063634645,0.4033593176101694,0.946068422484623,1,X,C
1.3918750345073834,0,0.9645947346663905,0.0013767381032410153,0.4814444931548171,1,Z,D
0.7666368656864335,0,0.9967902252202516,0.7134960366372638,0.0306966201407487,1,Y,B
1.1061408294414161,0,0.5539505196658386,0.7908222753437343,0.9747518538802563,1,Y,D
0.4981302069438601,0,0.31343245134669806,0.1309576063424277,0.2224207464223521,1,Y,D
0.8751418310398033,0,0.49389586804495544,0.06924119692412212,0.6499058991975492,0,Y,B
0.2944599462234028,0,0.4235534045991347,0.9194711800481289,0.8946016992712224,1,Z,B
1.599620761020802,0,0.4321316833730007,0.6051219684032623,0.6461776789148016,1,Z,E
1.4434481329221134,0,0.6792298574683612,0.315136374689863,0.19703675062175297,0,Z,B
1.5535501429335474,0,0.14644971145263785,0.3313177063508469,0.2520548595849317,0,Z,C
0.0516286996791859,0,0.4835691290175478,0.08913940745876126,0.7463348947144672,1,Z,D
0.6122225462272619,0,0.02963711373481448,0.30568664346984564,0.4556217076944211,0,Z,E
0.6839331943220922,0,0.7525011893933728,0.3283015971547083,0.4953114878070335,1,X,B
0.9109782077560538,0,0.5876059347622689,0.6953531219449093,0.7829570343739015,0,X,D
0.2215519837808038,0,0.28115270930458036,0.5000249650672535,0.6601728096987912,1,X,D
0.03802628639274048,0,0.4027973841464759,0.1811877175882063,0.6408307021930408,0,X,E
0.39348103841818766,0,0.5339716975776639,0.4141963715584829,0.22794309482108244,1,X,A
1.2180314489696862,0,0.4884289898892239,0.22784461022586666,0.9042149013235171,0,Y,A
1.289516295684124,0,0.6770150700595852,0.24228081641029187,0.060459696973519717,1,X,C
1.4218463973122337,0,0.0009533847713993904,0.2090526503331217,0.2824272122978181,0,Y,B
0.6464425949163838,0,0.5144262609130728,0.6455626030725152,0.5053106890808461,1,Y,A
1.555820249927273,0,0.5424044583342805,0.8043206967450438,0.8248305482904746,1,Y,A
1.5497677663946394,0,0.6690818857262263,0.7104045892195521,0.7704326447453635,1,Y,A
0.7136448838094774,0,0.889422438206562,0.3149652881153673,0.508706692577495,0,X,A
1.2812398716240907,0,0.475113070572441,0.5294168027636227,0.4885500662928115,0,Y,C
0.15944768830893,0,0.42955854868926,0.9875477795308736,0.0656163264823213,1,Y,D
1.6124693033423125,0,0.5358910540809808,0.5839279788429498,0.37541167827241884,1,X,A
0.38302472315725217,0,0.1256352608150021,0.4003435556074312,0.46871578701937855,1,X,B
1.176306003887168,0,0.7757032563723526,0.7966415778446058,0.5146218545599822,0,Z,B
0.9408152760512252,0,0.037262634167339104,0.8320052557681494,0.5312117489080543,1,Z,B
1.5918327905080039,0,0.4920854572168196,0.859165984559653,0.7087972997691215,1,Z,D
0.4673744925107965,0,0.09935018351932123,0.4113268138412596,0.7160867913654503,1,X,E
0.8137529300771461,0,0.8085883671932509,0.2056818089865453,0.3438363486646666,1,Z,C
0.24317508701483034,0,0.11060146405053517,0.7950488524052938,0.25361875215370755,0,Z,D
0.39063952134037533,0,0.5557507075025224,0.03818162871722364,0.637354407487915,1,X,D
0.15415945754535457,0,0.0063208788349983225,0.8884601776479955,0.13142254494558603,0,Y,B
1.2608983208033266,0,0.3753146397888004,0.5050406313540438,0.35649965057478783,1,Z,A
1.0055840712547848,0,0.8132317489149545,0.636013884711156,0.35685256685766753,1,Y,C
1.5044117420393819,0,0.32665147454822285,0.5032836988487434,0.17214629640966594,0,X,D
1.6087223798739576,0,0.033635052591616144,0.5842273578477554,0.4716776611970759,0,Z,C
0.5372347185026409,0,0.9534594386747448,0.8180522211095068,0.36604163552056157,0,X,B
1.3513908728803816,0,0.9030000656841748,0.23099058375739812,0.8113973049409443,1,Z,E
0.7547100345041778,0,0.4607007703091063,0.6721683848381075,0.04167638005416807,1,Z,E
0.518543619965105,0,0.7920633392441431,0.10950526266625815,0.9400164273520838,0,X,E
1.341387840915549,0,0.5579292947408415,0.5105055967122337,0.03243824832722442,1,X,E
0.07515078602827492,0,0.7027660417568499,0.15052117583838998,0.591058064380087,0,X,D
1.450085978682398,0,0.5751668128527303,0.81083247467092,0.03631176641320666,1,Y,C
0.604209398133458,0,0.3160403920739183,0.6323033764339098,0.33382082410204406,0,X,C
0.763364895668116,0,0.9315441533865997,0.2757834942727715,0.6153002178357894,1,X,B
1.1757119051995375,1,0.4750385510933287,0.4668368554429726,0.5401255251233201,1,X,D
0.0006490863670641602,1,0.7541265412835497,0.710123179811126,0.8889378923864432,1,Y,E
0.19679763943129047,1,0.5502798607501622,0.7190047278140768,0.004029932520392299,0,X,A
0.04711106654657189,1,0.20942596594964924,0.604526322806386,0.37498667519877993,1,X,E
0.01658347613107704,1,0.8767813803852683,0.7293826803352339,0.18926235202990926,1,X,E
1.501338383737205,1,0.0065048953460751235,0.3445180830050665,0.5315165117071429,1,Z,E
1.522433935744989,1,0.2938800715181892,0.6103169636222174,0.8000261304582862,0,Z,D
0.6201350185246868,1,0.5379145284631828,0.11592796613790946,0.02881451260558754,1,Z,C
0.4644976770852392,1,0.8922323687174801,0.6149178202823334,0.16722646354197002,1,Z,D
0.0008489035926521053,1,0.9431436228306003,0.7065103723513633,0.7419652344947241,1,X,E
0.003725830163170687,1,0.4382020487462208,0.2207290804708767,0.562589514324403,0,Y,E
0.4538412334760113,1,0.3282330535067266,0.9081113286582639,0.15951971102926255,1,Z,C
0.275304192154496,1,0.14736977193394196,0.9211372366700377,0.9259253975887016,0,X,E
0.10255729674450154,1,0.8946133601929867,0.41504890696543517,0.6490537750765643,0,Z,D
0.7672379754419411,1,0.40593279416539585,0.9184963917815822,0.2934787514987789,1,Y,C
0.32858907293863737,1,0.9618618955134965,0.8286922513087772,0.7827405788693029,1,X,A
1.1361449160354717,1,0.13224189398793296,0.7483296730297777,0.44683940738901595,0,X,E
0.2640134495361162,1,0.055823804349929396,0.6962286268187327,0.6513320183647135,1,Y,D
0.051098365584564334,1,0.26792545191062567,0.21388667312281306,0.6901263454991137,0,Y,E
0.26236434812056075,1,0.6551233792950241,0.798488699966948,0.12411900635563233,0,X,C
0.5906880665537053,1,0.09527196180043629,0.8581321472802055,0.7989667655295689,1,Y,E
0.523215450277246,1,0.03536273845331883,0.45405825697401914,0.011933405040561174,1,X,D
0.955971539783986,1,0.748013264523248,0.271200532367496,0.9917747010864393,0,Z,A
0.46224907289856265,1,0.43468972968912256,0.9238256781383148,0.008042778177088095,0,Y,B
0.35401206601157953,1,0.19701140176288345,0.7130045864414353,0.7338826360444661,1,X,B
0.5669988707937694,1,0.4002979927806527,0.7097443263047467,0.7632308285468274,1,Z,C
0.8203684124355972,1,0.09676572462410271,0.8087425916005396,0.43954136488567397,0,X,A
1.216799033911772,1,0.3247509399652745,0.919712887949247,0.4796729061722328,1,Z,D
0.9390906645270073,1,0.5802371645027062,0.6616906332766354,0.9225933489252556,1,Z,C
1.2257206865982269,1,0.21636155419685388,0.5091568754453878,0.5899967767834496,1,X,B
0.6534984593090478,1,0.8466083016513084,0.729736676385366,0.7207016044710233,0,Y,C
1.2051548178926617,1,0.05087730344083319,0.17836284653213386,0.1005504816781615,0,X,C
0.6576366888909599,1,0.2168765659648647,0.5961866773264679,0.9296968781543354,1,Z,E
0.2299299712011898,1,0.25525700701528775,0.663867222441014,0.6843462463371536,1,Y,B
1.127741671731582,1,0.01134472820776189,0.42603561030049575,0.5010988180973114,0,Z,A
0.12034693986437928,1,0.682723353139669,0.8560760176360844,0.42126369830410126,1,Y,C
0.6962039530325896,1,0.8506337091917757,0.1254347570745168,0.1931876720068788,0,Z,C
0.022614985656879014,1,0.7015112203709813,0.08765817884992244,0.9407948202124359,0,Y,B
0.5142611917543993,1,0.9018916334868937,0.750307166123189,0.2047149859060603,1,X,C
0.0013291147320588059,1,0.2780813871225635,0.3310085759038428,0.7113606092656066,0,Y,E
1.3431201475178358,1,0.5595937936443465,0.4351083360379897,0.6512662716385285,1,X,E
0.0007075686425801381,1,0.8907734138901034,0.9569266037284245,0.3961150047839046,1,X,E
0.677366823069687,1,0.19499123648337746,0.769555450638895,0.23992743224647128,1,X,D
0.37022798331789664,1,0.04508637149793071,0.8660886866079712,0.5305813916390746,0,Z,A
0.5572010706804844,1,0.7275258473301079,0.05779988042249873,0.7243173801969716,0,X,B
0.1186141745352478,1,0.9369016494194531,0.7943118691801325,0.9973277543805815,1,Y,C
0.078493368680349,1,0.9408320490809611,0.14740388000136684,0.7483458736356505,1,Y,B
0.23992782260611173,1,0.4742991760071691,0.8100955392821116,0.5914098729894841,0,Y,E
1.1903763114264807,1,0.9675916813024978,0.6598204824207765,0.6354749897535749,0,Y,B
1.4870028898649787,1,0.3046372771295559,0.7563116189823995,0.7342242584036628,0,X,B
1.2230238226139067,0,0.020733504989557505,0.49912892617883686,0.34512698931432795,1,Z,A
0.24626365307322393,0,0.7689823885566099,0.17406673226655744,0.5583841234569668,0,Z,A
1.4375918445832327,0,0.009973396028582937,0.6334330659679739,0.8740684218811864,0,X,C
0.16776385738273059,0,0.3661180068965578,0.37419006844642166,0.9289511092001709,1,Y,C
0.9674603057399326,0,0.7187014145509151,0.9235018962236513,0.37951289109527164,0,X,B
0.4609182487104332,0,0.6649669594926356,0.051872760491823544,0.49107681606079623,1,Z,A
0.461655260532043,0,0.23252362897821666,0.40601958212323264,0.6916153831966674,0,Z,A
0.8964047292998243,0,0.3596077268019766,0.1916071419714671,0.38089569787517685,1,Y,A
0.10124776144203992,0,0.7815648904448401,0.9233515013323456,0.06852394352665137,1,X,D
1.152293141248722,0,0.18027067150344844,0.22540401561290302,0.3008417911600676,1,Y,A
0.6398568859139457,0,0.40556531904595783,0.27340020307059854,0.15973542072205293,1,Y,E
0.14763068159423312,0,0.32888216527024816,0.3071309042963485,0.9662888784654928,0,Z,A
1.2662095551414907,0,0.9734262955145581,0.8988611866693739,0.06492574013235008,0,Y,C
0.9900678096391111,0,0.14540636903564508,0.1494637252583786,0.9092816092227057,1,Y,E
1.0163242096869363,0,0.151123197470324,0.3057268303724443,0.7359669260918468,0,X,C
0.5370711167346318,0,0.07621086933814214,0.3179687554340781,0.7417018290369356,1,Y,B
0.5852400938568068,0,0.0017166303499548397,0.1609892515304452,0.64280837588305,0,X,B
1.4613114207811986,0,0.8952467811966904,0.5093656495527937,0.38003166387015996,0,X,C
1.1353109048630605,0,0.5861807218615525,0.6548195965713689,0.23519690357521916,0,Y,C
0.9560485436747158,0,0.9005454358732862,0.123578765209025,0.38856696832323323,1,Z,E
0.0015566403477066438,0,0.9904905091141324,0.5879123509212401,0.14332194340949744,0,X,C
1.390919000142544,0,0.14648136449269222,0.07879038661583326,0.404608905907638,1,Z,E
1.35734340386693,0,0.8138264933171145,0.5580866646498778,0.2237066847727479,1,X,B
0.2076325787516936,0,0.7113375054847975,0.8716407757219117,0.8725110580571929,0,Z,E
1.2268730066866216,0,0.46177085649203864,0.9056177484016862,0.9742529218681718,0,Z,D
0.2801068980765718,0,0.8647814580479894,0.6628103395644683,0.9953890338304626,1,Y,C
1.2250092206472443,0,0.20154955159398769,0.4063650355176833,0.5301230109264681,0,Z,D
0.48613984383586056,0,0.8032417280789175,0.23611275364933515,0.5183143754874191,1,X,D
1.608868715941445,0,0.8040881344418431,0.35402054270572214,0.961135412160373,1,Z,C
0.2587793499693548,0,0.8373532140584469,0.4908333913550793,0.5760536325916112,0,Z,D
1.6056901057390442,0,0.3612714867672693,0.5689976654038469,0.14603801322365828,0,Y,A
1.413346270484532,0,0.08985928850801017,0.22794735460185922,0.2980917580364565,1,X,B
0.45715587277998476,0,0.7117579102678545,0.11413215985681557,0.2544133854660575,0,Z,B
0.44091597562216833,0,0.2899684131658351,0.6245845783194489,0.2902028229412448,0,X,E
0.5133664666909793,0,0.472496436455759,0.0030547629652538655,0.9366177750032824,1,Y,E
0.707193629526838,0,0.41943923709855824,0.23136078209925837,0.38019473449339813,0,Z,A
0.2438127638198411,0,0.6022945124008175,0.7467608921418477,0.6761012999933282,0,Y,B
1.608721636124645,0,0.6406832321191631,0.44089496998841915,0.23837925743206423,1,Z,B
1.522903855105628,0,0.9102510298101928,0.6235460672308477,0.8027780307381595,0,Z,C
1.5855170934066694,0,0.037809499199397134,0.22200473097429185,0.31415864147854444,0,Y,C
0.4250031250477869,0,0.32581185091902165,0.6850239006482913,0.7753618113430215,1,Y,B
0.7316910885575548,0,0.5519282114338536,0.9277781255621101,0.829923498927643,0,Z,D
1.3583412658735634,0,0.8662628241167385,0.40202229862356487,0.4597392255524867,0,X,E
1.4089843445832226,0,0.05391700813708378,0.42029121397131397,0.33524488595126956,0,Y,A
0.7199687534031763,0,0.9784636303384883,0.6395683090711372,0.22821829916929726,0,Y,D
1.538845443891113,0,0.11096822152536179,0.4285042487478177,0.7540196495315945,1,Y,D
0.20484694714812685,0,0.5045156717733661,0.7335604244489248,0.8802367140496253,1,Y,E
0.02335243480328532,0,0.4778224449373263,0.9651207184312798,0.5061747888832784,1,Z,C
0.16034801975995266,0,0.23207782513764197,0.7077680677717599,0.9653250203987006,0,Z,C
0.9208502185319751,0,0.4058247487028498,0.8351338590145312,0.914616696399262,1,Y,D
1.1445820850186752,1,0.7857144299771291,0.18061966725925882,0.3816255486472778,0,X,A
0.5086847992361717,1,0.9330883285503598,0.16375737172638316,0.15640666525543157,1,Z,D
1.2164191221815897,1,0.5896823666778482,0.6521561208074388,0.9111878139780641,0,X,C
0.4256201159623703,1,0.7481626148706975,0.4046714279880951,0.056899375004797026,1,Z,C
1.0505268814339268,1,0.08410892181596241,0.06967356243314671,0.8253238619300138,1,Z,A
0.9337712039770758,1,0.3613262240519334,0.505685461042356,0.0743159120257586,0,X,D
1.479380672089726,1,0.2781045324778465,0.20901848253839317,0.637166254416068,1,X,C
1.5734106949963764,1,0.7949876240134897,0.6944032110732953,0.6048231443072798,0,Z,D
0.2179392816713653,1,0.5305979912985601,0.8610183238114852,0.7507253049199996,0,Y,E
0.6327551529259918,1,0.8983313175472825,0.5103621534794017,0.04395085103285501,1,Y,B
1.1440905295029793,1,0.9737396790880425,0.3672510363148893,0.20956354442223235,1,Y,D
0.1977777225288675,1,0.5901537436535172,0.30648006829118013,0.804530337409585,0,Z,B
0.815762368195429,1,0.5241376104246852,0.043442523635851105,0.3895142448917902,1,Z,B
0.01698222486302609,1,0.2847150423482927,0.3884597626178803,0.08434923427077334,1,X,D
1.38629567195322,1,0.9742931203603963,0.7395111998940033,0.1630984044067878,1,X,D
0.3403383262188312,1,0.15413603462364267,0.7178028205795152,0.31741185876582345,0,X,E
0.9362376804353709,1,0.4771343407297798,0.6671757961609132,0.5251383905880052,0,Y,B
0.7118766520164086,1,0.2489813959044016,0.5884092014489836,0.1751915582410647,0,X,B
0.5146027592299638,1,0.5649327294859536,0.05109070980589381,0.49472856206711935,1,Y,C
1.2077912475231602,1,0.4508085414185762,0.36288129344250974,0.13482799008521562,0,Y,B
1.2306351635324018,1,0.14671837305873847,0.6211868784199398,0.009042168195760203,0,Z,E
0.10184800680573929,1,0.27113366085227464,0.052087511389312446,0.01721173647793628,1,Z,D
0.9454304858529504,1,0.7404348622647952,0.8700696502308286,0.12369449732877025,0,X,A
0.7518511016323051,1,0.41758569187032635,0.6419547314543755,0.732899208070777,0,X,B
0.09394881628143235,1,0.14516272398701668,0.7697236181534124,0.2913035854092697,1,Z,E
0.4249883408457435,1,0.6038299355652491,0.05502895770650684,0.19050328501856773,1,Y,D
1.366213288906894,1,0.9539198441882469,0.24317387415858804,0.7980283984772818,0,Z,B
1.1819928926292781e-05,1,0.4298777393168641,0.7944998072373167,0.8785426547837843,1,Y,E
1.3484986162074928,1,0.4480723440118677,0.3771796878462722,0.8119991884438799,0,X,D
6.20704520140499e-05,1,0.532975262105692,0.7204497208128834,0.9710915361780008,1,Z,E
0.4660716740558264,1,0.7118182215368036,0.37655700921607593,0.8494327898247485,0,Z,D
0.7862904660746134,1,0.9598393906125714,0.165234761397407,0.052360015450539366,1,Z,B
0.11961895756349264,1,0.8530262530724287,0.8693351902638922,0.1589219246886885,1,Y,C
0.030122369853729205,1,0.4264394111146752,0.37625373336747103,0.11420355982778119,1,Z,D
0.11833725140302664,1,0.5341705152128448,0.46450427710432274,0.9479702028158404,0,Y,D
0.3032696697243179,1,0.6750462168933974,0.6919018595301414,0.7527019755468746,1,Y,A
0.01453401004159921,1,0.6178625241344119,0.7234963645429793,0.2273368753776387,1,X,E
0.022496552557835475,1,0.9683160056614915,0.7401017075156975,0.2476957898671991,1,Y,B
0.01144898797874351,1,0.17551107481087358,0.03721780323775281,0.17508635571186604,1,Z,D
0.29524462687390485,1,0.5900015034561769,0.9306916617818146,0.6757865142082073,0,Y,C
0.19340321529965487,1,0.5665691749261715,0.8008147244618017,0.22342363066034376,1,Y,A
0.7909681642756091,1,0.8410143100385974,0.8413075395819303,0.6784122857318368,1,Z,A
0.12985503786870878,1,0.7317120925813748,0.48364112304806417,0.14942635236373392,0,Y,B
0.5925151155741305,1,0.7815798502115577,0.39058408287704893,0.9189923801150391,0,Y,E
0.6521370830814649,1,0.8414054960243026,0.04236228521033358,0.6282847914584883,1,Z,E
0.1638208239316015,1,0.41227005781038617,0.8542976250231404,0.38831435485249366,0,Y,D
5.4251356360365167e-05,1,0.07041463749318666,0.27126341640986285,0.14249233694566366,1,X,E
0.03975630642099237,1,0.893128364883565,0.4693821716579637,0.6356440594939674,0,Y,E
1.091100267185675,1,0.11321933588734956,0.3662581921451147,0.14523348871377606,0,Y,C
0.49344794449593166,1,0.13010747793987243,0.2809655297570057,0.06293894912928932,0,X,E
0.35723462338947826,0,0.22777302436319014,0.9552904163051005,0.909514442255793,0,X,C
0.8892187430853147,0,0.08483117429551656,0.42254540292578724,0.5536195547782183,0,X,B
0.3504199411253096,0,0.0008519149481355237,0.1657464583295849,0.23823719593750592,0,Z,C
1.0671055971278673,0,0.12417333882636383,0.5560483534937563,0.39241645340591,1,Z,E
1.4350967715414968,0,0.24925876202155461,0.04616774312225258,0.06151507837596559,0,Z,B
1.0860731264372308,0,0.21633402486463127,0.19675455213000148,0.5715023563887128,0,X,A
0.36074645903303315,0,0.3205230232376578,0.050153506925175395,0.9903368113430883,0,Z,C
0.5219004858381525,0,0.24057117829146157,0.0316743582171547,0.7597282168398758,0,Y,A
1.6176649734925046,0,0.4963242864422289,0.1842816395726068,0.009734072518016945,0,X,A
1.4992599643654172,0,0.6226179544860962,0.06068051536624208,0.6047963263512032,1,Z,A
0.005628633895831036,0,0.33612141284078256,0.23851800653825272,0.2170325882815517,1,Y,D
1.160894745548817,0,0.24206619663415663,0.36500837668509334,0.3153318683391011,1,X,E
0.3136843418822559,0,0.383412288617914,0.05866901016661896,0.2791095463003619,1,Z,D
0.35033753976323456,0,0.3633142445062524,0.030071918525965025,0.2743836196707239,1,Y,D
1.066425342218276,0,0.20178267795751093,0.7059042745209582,0.8029928481623317,0,Z,A
0.5101617861351462,0,0.7827206400080808,0.48975613215910097,0.8601284847092344,0,X,A
0.2137260519960663,0,0.8149389663246626,0.08753505069738399,0.923327737057367,1,Y,A
1.5986471892275762,0,0.06574692101051793,0.3080697664167107,0.1332224565381145,1,Y,A
1.2783506397490962,0,0.6990231812100866,0.3580878954247483,0.37122845164839957,1,X,D
1.069224714475718,0,0.15664759256482275,0.4557309387450229,0.6589793675897069,1,Z,D
1.0486639496876444,0,0.004643714418576805,0.19650702820136434,0.7359322909337671,1,Y,E
1.3225336686595022,0,0.8148654988364177,0.6908676882717579,0.31804141740889713,0,Z,C
1.3731828606711685,0,0.09272656521099287,0.8043678756889103,0.6970830721455631,1,X,D
1.5067424093297375,0,0.02097021253637399,0.16630573024282636,0.24161254368914198,0,Z,A
0.3747499185735967,0,0.5972348429841354,0.33404859816828025,0.7533587580347906,0,Z,B
0.8480903727548789,0,0.4945717698567599,0.3959278922744359,0.7489836926616921,1,Z,A
0.45342006406712754,0,0.4947089826665635,0.6771179467990535,0.5597367757768086,1,X,B
0.8318084476501459,0,0.6185769176473809,0.05121526121889597,0.921159768227486,1,Z,D
1.3856141497266135,0,0.387171971134716,0.6554131143878097,0.9006215426707838,1,Z,D
0.13750720859791773,0,0.35219904443851824,0.012794399966801207,0.11729764430228418,1,X,E
0.10204901644279238,0,0.4307263630996153,0.43122888477551435,0.586336240892353,1,Y,A
0.40861417154640217,0,0.3040763152649977,0.23355752848576328,0.22293621382738227,0,Z,D
0.09863941030529656,0,0.67355387631006,0.4129098835404147,0.1909088111335686,0,Z,D
0.535694260669117,0,0.8313245681210127,0.639650212007184,0.756989187559653,1,Y,C
1.1045073581461369,0,0.7271944255326602,0.6277682360286734,0.5778497721949332,0,Y,C
1.4112480295732825,0,0.03005372003717033,0.12618783415278034,0.12509223758527854,0,Z,A
1.5947622268513193,0,0.8869511973947661,0.011191267008548111,0.41961269129265066,0,X,B
0.15727078519152027,0,0.0972987017703002,0.6425197638516015,0.6833007811465146,0,Y,D
0.4217265586760537,0,0.6786194731735238,0.487475262711788,0.5237626202734841,0,Z,B
1.1852631993581715,0,0.5927604780659046,0.43390047411678145,0.6566037155231355,1,X,D
1.4072019326789182,0,0.3834265119583078,0.42847991771545024,0.8629956966787082,1,Z,A
0.540651099084488,0,0.7667776784908814,0.5509155138253141,0.7519298784366457,0,Z,E
0.7981528367107837,0,0.6859805808606116,0.6342332349416033,0.6291637267773039,0,Z,D
1.136936089680441,0,0.11233409445948672,0.10144527667148229,0.27710811378815103,0,Z,A
0.5749081210676608,0,0.26767014972856795,0.08046578418271544,0.07821449418431947,0,Y,A
0.453776289927899,0,0.9364976570864117,0.6348897899488098,0.8539283016250954,1,X,E
1.6160095667405412,0,0.7664243091855311,0.6741056448102979,0.980857718711744,0,X,B
0.8808239046519009,0,0.5434155796565928,0.529698299555617,0.05196443626124503,1,X,D
0.4841754281857684,0,0.6347801648783112,0.591687022773526,0.18662543467506076,1,X,D
0.13257065529989254,0,0.7365026938193752,0.23500959734521376,0.6912794122104244,1,Z,A
0.43486273633612504,1,0.5999690383986662,0.3232002088920456,0.6104295930345727,0,X,A
0.08257500571658109,1,0.6089000582181618,0.7529904088554613,0.8012590186966515,1,Z,E
1.3082049441715968,1,0.9561107994647455,0.5764843460810276,0.19106085479202184,1,Z,A
1.1995318107130097,1,0.8858071030213216,0.023397348435550414,0.7262407225635835,1,Z,D
0.08124242571970697,1,0.10636300620032313,0.8521731157749016,0.49639783309302143,1,X,A
0.36940897443344467,1,0.8482195871777319,0.19909200750803857,0.6723423891560484,1,Y,E
0.7113586376326508,1,0.6587117588371157,0.11042777768874035,0.9677289731675914,0,X,B
0.45372493735926944,1,0.1010203311231469,0.6332271868962959,0.28493808822800304,1,Z,E
0.5799706875582543,1,0.5442424588923341,0.719256657897881,0.1372162043756232,0,Z,A
0.393947896263393,1,0.7722958889141007,0.6900979460888637,0.06752918932918806,1,Z,D
1.4885550383634556,1,0.22758063990042476,0.18748658833441467,0.6302501824945016,1,X,A
0.025930055713799586,1,0.10632890614828383,0.7173677379902783,0.20570207238548488,0,Z,A
0.6364901526443495,1,0.6563917150200076,0.8220035444519109,0.06734053033610621,0,Y,E
0.030510859941120974,1,0.12250150186061126,0.46679412148890986,0.08810727892935799,1,X,D
1.0973996852490553,1,0.3626006410213347,0.7181954745020976,0.021412023147716397,1,X,A
1.3081182529674507,1,0.2164167315842176,0.6964341248739745,0.7674316537930815,0,X,A
1.0677957522955532,1,0.8218643348927007,0.2466872921135621,0.07065178868271982,1,Z,A
0.10002458928578006,1,0.9982169255936132,0.09114254024789825,0.9142119699691978,1,Y,D
1.4914568529825172,1,0.4451167482960038,0.2752279473279884,0.8426255833323587,0,Z,D
0.23120151335176864,1,0.733829781991686,0.6837228442679569,0.1805921273722222,1,Y,E
0.7091290598170678,1,0.7798526428483378,0.3474430773415038,0.7909396959782861,0,X,C
0.05205444946679812,1,0.7035452025427746,0.9027163735589216,0.8667909895156803,0,Y,E
8.8349393214685e-07,1,0.7015800279771814,0.8436762881014848,0.2624129773490217,1,Y,E
1.2060283003936587,1,0.2283479702502761,0.06960829519092315,0.6498409862391981,0,X,B
0.7074850345584499,1,0.7087056980309385,0.6437898999407182,0.5310294373156222,1,X,D
0.41430743599483993,1,0.8234874203737858,0.7153461081455263,0.08957788251285459,0,Z,D
1.244837598119917,1,0.5406320450388145,0.681214642525312,0.324785176210047,0,Y,D
8.81611749969348e-08,1,0.008808136789424603,0.7656941555318344,0.8541562277756202,1,Z,E
0.8926478171766165,1,0.3486132570626519,0.5852631060253929,0.7491650577046006,1,Z,D
0.15656786778903475,1,0.9119743794574012,0.47085953657854296,0.6859988122987685,0,Z,D
0.1906077436014052,1,0.07884614890167174,0.8119120555658409,0.8474698620605865,0,Z,C
0.10243216231165202,1,0.321491417835747,0.878360120029364,0.008119310217164832,0,Z,D
0.7417669875570985,1,0.3958285506169926,0.3606334014815282,0.5267213373066559,1,X,A
0.2422867425824772,1,0.5859085451662515,0.3208705582466109,0.6386204979097436,1,Z,C
0.030267346439892952,1,0.5401470281173982,0.04937104585979124,0.5376426606966013,0,Y,A
1.2376145183482232,1,0.19148284441969632,0.525892187460885,0.2000857305140783,0,X,E
0.13681131401204355,1,0.6566134215211503,0.5177238884313721,0.19512213698501224,1,Y,D
0.6006513423253187,1,0.9306420940869289,0.8362179900498368,0.4084621869748408,1,X,D
0.6796371139843107,1,0.7949511711792129,0.15723166405964428,0.08554371342372702,0,Z,E
0.047583141994167466,1,0.8226496292789601,0.8341139414415187,0.4944968150685374,1,Y,D
0.45867635181758515,1,0.24887454089527383,0.5802222906644272,0.052693106811853574,1,Y,C
0.25681533118901884,1,0.10976483544473781,0.6633187194252903,0.0677723376933439,1,Z,D
0.035187048607376196,1,0.8372176776757122,0.5907917417452413,0.9311478109467279,1,Y,C
0.696863632370561,1,0.5436595770792888,0.4837904557867385,0.31110663940886607,0,Y,E
1.0535376127857283,1,0.23975321474067313,0.7886692850167087,0.2606364124805155,1,X,D
1.54775903105094,1,0.1566102564021956,0.4726581824218693,0.22506254495576927,0,X,C
1.225990154328726,1,0.09206332161070607,0.3223173965388446,0.4416071732213793,1,Y,A
0.8593845904497142,1,0.48881294302425093,0.3760944465935532,0.18208404331758765,1,X,C
0.1490549341231118,1,0.42505526661917825,0.8494590441431291,0.09668760996266812,1,Y,C
0.02515486568260951,1,0.42827677164952804,0.7736757994082138,0.027117446493780673,0,Z,C
0.0909069634178735,0,0.2960417533287404,0.09724018720851113,0.9023188889351269,1,Z,C
0.8044788052154362,0,0.20651877756708648,0.5525728532301766,0.8841013969490624,0,Z,A
1.2281729774415273,0,0.8141703979096683,0.947404494948384,0.6605269927584099,0,Y,A
1.6147136914878262,0,0.5825518108150236,0.476549236935606,0.8575537410639186,1,Z,A
0.7066375997909743,0,0.5003982853883796,0.8566513067015249,0.537991320450492,0,Y,B
0.21370102001514427,0,0.14370887602378757,0.005871675580499169,0.2787418202224634,1,Y,B
1.1106204767538752,0,0.6904367456368485,0.7467468224357816,0.5587539280571374,1,Y,D
0.565257662196212,0,0.7825418772403573,0.40634145701445146,0.4593171745727218,1,X,A
1.5852863702841637,0,0.4063206518214637,0.9111667638742752,0.2189496868382359,1,Y,B
0.6903047313700292,0,0.23112706745966294,0.033050745360348466,0.6090358255916423,1,Z,D
0.22659473070913497,0,0.961439916052817,0.737748033603468,0.12473711539380739,1,Z,A
1.3373416689226134,0,0.1632890910112068,0.4905580585106779,0.43843743131080193,1,X,C
0.024621506172915024,0,0.7618386831598944,0.3728841725296236,0.26381321799189905,1,Y,E
1.456628131211186,0,0.7005269095400404,0.6722008994950995,0.7401982701281458,1,Y,C
1.6175743150705608,0,0.8240110051614938,0.10162507716214264,0.6060202217700347,1,Z,E
1.5658153020627705,0,0.600087938270863,0.7328844127130885,0.03921356460293646,0,Y,B
1.4681896174940992,0,0.4810044160485706,0.47973202837785467,0.7846927156402251,1,X,D
0.5674740528980108,0,0.05307379892557784,0.2098161265781604,0.7704461407921874,0,Z,C
0.23722254010994587,0,0.7123957888605346,0.4532969357556307,0.5989365856526593,1,X,D
0.5967433672206801,0,0.4760688510690848,0.25915940711338314,0.5210416349419288,0,Y,B
1.5879991546661185,0,0.17444825398993047,0.6111149356502805,0.3426509492242835,0,X,E
0.9929913606826145,0,0.45483622412681357,0.9280436814682936,0.5301678834698528,1,Z,B
0.08134380964758385,0,0.7205995750246823,0.4697042480541027,0.2850916545100435,1,X,D
1.3682980441423434,0,0.6506428535515233,0.6325325863418297,0.4142383254928539,1,Z,B
0.37104393557384213,0,0.32055049698784843,0.04139680713732108,0.7005974724795191,0,X,A
0.2053369909810244,0,0.015416619475368987,0.6870436184622488,0.08423059272729594,0,Y,C
1.31206530177721,0,0.4257467776081867,0.14821117652759797,0.824784000201189,0,Z,B
0.4832751545492633,0,0.11989761627755069,0.5658570258109047,0.6503840812352853,1,X,B
0.08948132925824866,0,0.7714120255923348,0.3041349990099975,0.831843203246312,1,Y,B
1.0777376459285837,0,0.6474492548597387,0.6193244049231921,0.051199964931004094,0,X,C
1.0432498981302596,0,0.4440929302596158,0.10764790668097346,0.47996028224647946,1,X,B
1.6172841698358444,0,0.11908523849800967,0.6249957865558338,0.6385077851489344,0,Y,D
1.1462802661486982,0,0.22713224649963848,0.8868778702195103,0.9141890412532603,0,Z,D
0.3444299863710152,0,0.9709270018776683,0.04065203913694737,0.9124026158147622,0,X,D
1.359073578712676,0,0.5972126521529261,0.07132310865411029,0.13393235985882668,0,X,D
0.8451856150826259,0,0.8473744240286476,0.4324174093663671,0.9612725029682374,0,X,A
0.7481542087365786,0,0.7721073245048202,0.7935106803772282,0.008551566796503374,1,X,B
1.4552400915970023,0,0.2384342850575164,0.5612914159039822,0.7598786024275276,0,Y,C
0.791258481473226,0,0.1498929380328401,0.5492877687183749,0.6201096141987875,1,Y,A
0.31496199326030494,0,0.35972386643082843,0.9444717393393801,0.9212912104559542,1,Z,A
0.7745494033475746,0,0.21024093304089253,0.26449047353059707,0.23846913479584264,1,X,B
1.5829253865182251,0,0.6124236712391585,0.5327864069926768,0.7631501230328133,0,X,A
0.9427101223270852,0,0.6309861245085988,0.643449640473981,0.8150062131224054,1,Y,A
1.2946904105562769,0,0.20785106095581818,0.2951868792877189,0.22396694765476088,1,Z,D
1.407243307904544,0,0.725891907497079,0.16339045411376818,0.966581131488167,1,Z,C
1.5253433852230354,0,0.16896205347097515,0.40801112437595655,0.6628879351481828,0,Y,C
1.6172692608091832,0,0.566916763387097,0.20028983576885473,0.4713172391127761,0,Z,A
0.20870296236085312,0,0.26219114926923304,0.7648056950600229,0.4958213108491327,1,Y,D
1.0889610849222313,0,0.06501389346477338,0.3826603151939437,0.14283147193859258,0,Y,B
0.426883513391794,0,0.9297251110829347,0.7018504616733571,0.49383987434744836,1,Y,D
0.5225307369780251,1,0.2203110829795043,0.7271191824692155,0.9077757555686417,0,Z,C
0.07621167539755658,1,0.8389369799109099,0.8661739093039962,0.6912712582825516,0,Y,C
1.258265750611097,1,0.20271888175003006,0.06888898950692834,0.5042613545773391,1,Y,E
0.05680142583548782,1,0.8784858328387063,0.4150363383152039,0.19628953914975256,0,Y,B
0.027978348983988495,1,0.6769471708692661,0.5664263482453025,0.6734768302795042,0,Y,B
0.5197815295057322,1,0.8152557882337648,0.6465582896959116,0.8994816968281552,0,X,A
1.2525328029115825,1,0.19764403163976474,0.2231197714571893,0.007070952987174639,0,Y,A
1.40508010025798,1,0.32615676426445817,0.5991262684407624,0.48074621057341793,1,Z,E
0.0767307108321313,1,0.762167100842714,0.5401092407154847,0.07094414155715834,0,Y,A
1.297902784045207,1,0.007911028445002799,0.5848203103873867,0.8276347607435941,1,Z,A
0.3985997524379048,1,0.9314474349381947,0.9010102299638902,0.44989578757629256,1,Z,C
0.00021394375028859435,1,0.8055219666414843,0.9557697565253346,0.12329922900215262,1,Y,E
0.15434977140299233,1,0.6474405658452983,0.18002583106982561,0.8229550146134427,1,Y,B
0.19837524209274346,1,0.9722621513319445,0.4095737591834693,0.7325445241585303,0,X,A
0.8747979690888924,1,0.9373360975669943,0.49729954701775936,0.2979902211233294,1,X,E
0.8874213697565723,1,0.7637151068221515,0.9379030745807677,0.25351800294787163,1,Z,C
1.2137728454771448,1,0.7523376053685434,0.3832157724645361,0.08742489878370574,0,Y,E
1.3957517797625414,1,0.6051101932763489,0.3733594989296679,0.8833722314047229,0,Y,D
0.6009832392390633,1,0.5754511967948122,0.08342812003204114,0.6200343832019463,1,Y,E
0.0037720059130622293,1,0.05433501420280995,0.26072182474405947,0.08651574304920218,1,Z,D
0.5217141735032428,1,0.8003878278117984,0.6893250305125558,0.8691816001675026,1,X,C
0.9604791907881968,1,0.70847291507503,0.4484649744717557,0.06412561857244325,0,Z,D
0.010478997555443799,1,0.853617615501357,0.951539686707924,0.7352957782971629,0,Z,A
0.1690858190912329,1,0.6347418057286848,0.8129551418073377,0.5950781968992628,0,Z,E
0.13825814326079594,1,0.6588265003376559,0.5120834807076895,0.9032990529641691,0,Y,C
2.2772521953170747e-07,1,0.5735354812378839,0.8756650361932989,0.06266924344282532,1,Y,E
0.11906292705797708,1,0.43322511151950027,0.7511031644704228,0.5635005892595502,0,X,D
0.663598120397536,1,0.8699596060083282,0.4542275246417151,0.6818836944193821,1,X,E
0.3468725071470429,1,0.9934917763316391,0.9119589804359199,0.10559356592542402,1,Y,B
0.1130119170809426,1,0.7377031523088381,0.025348399808717614,0.5148369171785548,1,Y,A
0.345524584847256,1,0.24258488101920306,0.7107580995532912,0.03671546528578773,1,X,B
0.2188636595325901,1,0.9336621358252466,0.26309853711986697,0.37302093680052206,0,Y,D
0.15008354706817353,1,0.06002715193078523,0.7841919277396647,0.17504477294145793,0,Y,E
1.3021171135907703,1,0.9971038762416145,0.5402529025212596,0.368118039208704,1,Z,D
3.1994071760152733e-06,1,0.2934108455717004,0.6031486275119231,0.09931519802289457,1,Z,B
0.37700250484941467,1,0.5086416459362776,0.4830360951259389,0.042861596286422166,0,Z,D
0.7598704049205693,1,0.5739079150728523,0.22472884675506055,0.3600474224281056,0,Y,B
0.41051609908082964,1,0.6464709889065992,0.6556410234017851,0.37811574678093174,0,Y,D
0.4673162533620254,1,0.8333711555743402,0.5919424292297737,0.21222590594676582,1,Z,D
1.2404824113835171,1,0.3361614075526268,0.3145629170160904,0.8094913225930299,0,Z,D
1.244768225068419,1,0.7061680637994404,0.06401086122388167,0.5702842004571718,0,Z,A
0.045858800867954824,1,0.11296003312990033,0.750334085802032,0.41560948848680246,0,X,C
0.981486030428491,1,0.6100929858129188,0.866792626071784,0.1619312292599514,0,Z,D
0.16863474746406087,1,0.7746414139728868,0.8516058475242582,0.7936594327879118,1,Y,A
1.3806371225893168,1,0.9698519172928944,0.4010771944371153,0.011418297336675765,1,X,B
0.9415518329404321,1,0.3704058747207124,0.2496032938666224,0.7311560395189687,1,Y,E
0.9549364397839533,1,0.14673254040331263,0.05322434128122766,0.11625744223055945,1,Z,A
1.279488198742034,1,0.41017053940340487,0.002310123586400925,0.9791815831571861,0,X,D
1.3353180558614604,1,0.5890088544587508,0.5572587151714817,0.46276505752361274,0,Y,B
0.2135969614438144,1,0.6442754719560727,0.8386245441457258,0.11474651323842511,0,Y,B
1.0178829674534524,0,0.03012097894232979,0.7194821528974255,0.6670797749893146,0,X,E
1.562441507746056,0,0.3984389877669494,0.4037638921477602,0.612402735917176,1,Z,D
0.5663346634253421,0,0.698061056741458,0.3089539953459477,0.5363960919852369,1,Z,E
1.5731878509278958,0,0.043903971246489926,0.12363672362490896,0.27504898147286805,1,Y,A
1.1912047217185453,0,0.5918000193464265,0.6934999830065269,0.3650584669447967,0,Z,D
0.7779834909975017,0,0.6594008482860227,0.27630867095503286,0.03058974827746208,0,X,B
0.5570091647228712,0,0.9704928500293651,0.4049272333985102,0.909485311136728,0,X,D
1.6114854920051187,0,0.4021312067565741,0.8860133311138041,0.6522815324550736,0,Z,E
1.1377916197398186,0,0.39902702858838357,0.5381666206523714,0.07217168674626528,0,X,C
0.5847245224330777,0,0.44250925387025586,0.029951831032980714,0.4865405990657028,1,Z,B
1.3068882847188974,0,0.4029707579426569,0.6714372007362434,0.6007125494150026,0,Z,E
1.3666956724123884,0,0.10981795814702056,0.7339499115841305,0.556568953833131,1,Z,D
1.4665699924202473,0,0.7336984582882069,0.511983574491096,0.4411656419899995,0,X,D
1.0199796869427464,0,0.3696657727246744,0.4464731347384515,0.10299686664179908,0,Y,D
1.4851358572070057,0,0.5769429903417095,0.2891812079760585,0.8682785992955663,1,Z,B
1.568492202720199,0,0.28682067234445263,0.5314597828061997,0.9717702876330284,1,Y,D
0.6139000338857904,0,0.5017669883262901,0.13798035748414195,0.09749004224504743,0,X,A
0.627941990615828,0,0.6585632938517891,0.40993517369303123,0.7802495128090405,1,X,E
1.1750287455482356,0,0.4435291113440498,0.5854592840768267,0.8842323548950665,0,X,D
1.3258202541804944,0,0.9432851350843546,0.5972402528830288,0.21602918023085294,0,X,E
1.3034033787778,0,0.8658153025848597,0.394654818594274,0.08463995929981372,1,Z,B
1.6141455676617746,0,0.3506038900434919,0.13172906353896252,0.4275289870332756,1,X,A
0.8139139544361621,0,0.6308629995539453,0.6006259653526755,0.02726802396084471,1,X,B
1.608027035882589,0,0.30399008696354013,0.29823941376559415,0.5304014133719867,0,Y,B
1.1706006460967229,0,0.628411282803641,0.717365140092841,0.5092861738756735,0,X,B
0.7725366732320972,0,0.47384287242202516,0.46154373606869603,0.11957872900434363,0,Z,D
0.6320004921275315,0,0.5455783116465569,0.6270568104203638,0.31467993327024757,1,Z,C
1.284226175895516,0,0.8932032643455519,0.7843105903401955,0.568814699691317,1,X,D
0.7492898226448484,0,0.5442751398821859,0.4818169163909758,0.8550230050375287,0,X,D
1.5541131539032553,0,0.3932547598522683,0.695135389338805,0.18381487520628548,1,X,E
1.1080910684172713,0,0.9518079896830454,0.1820265212872587,0.8150433727465262,1,X,C
1.3447327654722578,0,0.4742072849786496,0.9443393196370451,0.8040228019433191,1,Z,A
1.6105377852654041,0,0.9624380699558674,0.024514664267023978,0.8726056922283626,0,X,B
0.2570417121440073,0,0.9917723661436629,0.46812516087558576,0.9600887596324164,0,Z,A
0.6472334485348961,0,0.47419365852133266,0.03292547519976419,0.34782546609802756,1,Y,E
1.0092399120198958,0,0.9427277744529111,0.24383895741671768,0.4856222033464639,0,X,D
1.53547515435445,0,0.07092488381906781,0.16440397283779873,0.8146857987936184,1,Y,B
0.5913580784856723,0,0.43499643823391965,0.24004730880762548,0.25361491876922126,0,Z,A
0.6608158395738157,0,0.8694305795817803,0.34189994717138794,0.42448832475452414,1,X,B
1.6159044745204354,0,0.41111188434445356,0.05811520635729839,0.055103529536694174,0,Z,C
1.536338930319671,0,0.42141693276084147,0.2101200903238909,0.7514145416004709,1,Y,D
1.5687175491173926,0,0.46181385576166933,0.8418347659510717,0.48336272109129563,1,X,B
1.4419018914256132,0,0.945491622771817,0.556600385729858,0.44445194987556125,0,X,D
0.48118245037905155,0,0.5639123590744611,0.5745044742879849,0.531928472832706,1,X,C
1.5212041199592106,0,0.38175424598686825,0.23213745567164457,0.6305157711630038,0,Y,A
0.27960633053438394,0,0.08288205367867918,0.7245835006364674,0.16832134767040619,1,X,D
1.3565959728988297,0,0.9047143592743367,0.6126990872841265,0.940924704843078,1,Y,D
0.6662421566114979,0,0.8081012776132795,0.4602657620858378,0.29947489049089704,0,X,A
0.8537113724327353,0,0.7546300868241428,0.18557896556948883,0.46687241979337213,1,X,E
0.5327391995836949,0,0.4109979636099622,0.2913162653610615,0.10265004417163281,0,X,A
0.7137213247420839,1,0.8389067628937636,0.20280836330858676,0.016752683415241387,0,Y,B
0.5733650045143063,1,0.17558951772742093,0.8814248069572069,0.07945920002206286,0,X,E
0.8928053987700072,1,0.2108796340970096,0.8324783015198177,0.67509620711955,0,X,A
1.1839036267861047,1,0.048882114557486256,0.4569772714105963,0.683751672875685,1,Z,E
0.03524204444291079,1,0.7577058810631463,0.7601063965367973,0.7862342004902501,1,Z,B
0.6626459767144881,1,0.9335063771699823,0.7407805355308749,0.5083031878955743,1,Y,B
1.1492896055488195,1,0.22209574075915206,0.5740722151611144,0.7645155551154631,1,X,A
1.4329430982683025,1,0.16361832156541456,0.9324605065336073,0.3775568914539448,1,Z,B
0.32767698188131317,1,0.6224139079526593,0.3742895536337614,0.7701016417960712,0,X,D
0.6875623389444112,1,0.6551047657816413,0.7109260117833422,0.06491560376057481,1,Z,B
0.017648810538968912,1,0.49791948753967175,0.364249463988484,0.867275387221378,1,Y,A
0.0008197324619838088,1,0.8327400376727944,0.7743151189469021,0.0962542065736639,1,X,E
1.5608065200887355,1,0.40499413792192973,0.130767944926096,0.788272926726386,0,Z,B
0.8956666744471921,1,0.08988556625617905,0.44597040078835404,0.4919070886667841,1,Y,A
0.00022830501801674965,1,0.6564068395434177,0.8489947535627104,0.736458517732304,1,Z,E
0.9284319405926376,1,0.64361453134027,0.5509375109443109,0.29156121342459407,0,Y,C
1.4203648413644074,1,0.047022344320476916,0.09605153266590427,0.5606122956433052,1,Z,E
0.33642752511119683,1,0.13792693774296783,0.9346755723773837,0.7233383388345647,0,X,E
1.1205120588671924,1,0.37589336286413977,0.5222617509509404,0.05909759978823914,0,Y,A
0.032292418361158176,1,0.7030052023805682,0.4167762127495076,0.07467007984153928,1,Y,C
0.015854313397010305,1,0.2827979456873315,0.1696878000406884,0.0013476418647742072,1,Z,A
0.39806536436324774,1,0.9484376496683645,0.7323128327553713,0.8721897587264777,0,Y,D
1.3608300749291309,1,0.5710697312537208,0.2626129180675292,0.2202391674791251,0,X,C
0.29694332048595495,1,0.6445236153684469,0.9972088503213817,0.32684619446879326,1,X,E
0.8796728768775485,1,0.9996276538721088,0.7623050669389836,0.41099203056482325,0,Y,E
0.0034606379675350594,1,0.012980413329829354,0.1205606432290558,0.0018071250941086303,1,Z,A
0.43830766947306987,1,0.7214761751294754,0.33687076883670497,0.1650208561652723,1,Y,A
0.3879665970557772,1,0.9778363485121141,0.3700266798934221,0.829331403412416,1,X,E
0.9226040129235668,1,0.5727496217928943,0.968469898194272,0.35192024529036725,0,Z,D
0.9166478542269485,1,0.7019780113423499,0.13511190733909795,0.5655661234252813,1,X,A
0.025898337614769423,1,0.12484107606234274,0.10250724442138504,0.20164777816898405,0,X,E
0.3865262985575358,1,0.8215464315860019,0.1492140730898165,0.3838483104946424,0,Z,B
0.8026411662588918,1,0.9829581868646423,0.4212006632520743,0.03417716582459163,0,Z,D
1.074710904279845,1,0.5693691607663565,0.4501224210143455,0.314342545664818,0,Z,D
0.6798285428026895,1,0.26856551692049246,0.8900438598087957,0.6790429847919293,1,X,B
0.004195382293514419,1,0.9136591061774891,0.7828038929454103,0.2997673968143859,1,X,D
0.1476758054545992,1,0.9354502888167852,0.357276039857668,0.13029477052463967,1,Z,E
1.4145442326814452,1,0.7458002844631838,0.17970755901207403,0.05224707892357039,1,Z,C
0.19190616006121178,1,0.9891859928489709,0.6440703247475477,0.8690566177012179,0,Z,B
1.2287754762774694,1,0.3725342669370194,0.6547236831911856,0.32771810289759895,0,Z,C
0.2773238526341964,1,0.6986883786540027,0.25913792685289905,0.5713689317440916,0,Z,D
0.3894623902588059,1,0.3745925471875995,0.9184319633580972,0.16121452599244412,0,Z,A
1.1925874684097721,1,0.7947356689418578,0.9429623189153012,0.7498177774393605,0,X,A
0.5311892176561123,1,0.1810893403040963,0.981878451543595,0.5633058019334704,0,Z,D
1.513563764961881,1,0.16295084298666052,0.2195924580096026,0.9317498941000067,1,Z,C
0.008311875858502705,1,0.10077329413340541,0.38365883811580026,0.7193617546553674,0,X,E
0.1079894333205086,1,0.40915048857465464,0.4511866299633639,0.30814373185368227,0,Z,E
0.03915651765644698,1,0.19133396818742376,0.6198178774909481,0.7498307532792131,1,Z,D
1.5306159396657992,1,0.22968631030905218,0.49318469810145615,0.8160582643959152,1,X,E
0.845695107035047,1,0.3606878337533639,0.6526330731153214,0.0688808416625849,1,X,B
0.5494967875548954,0,0.17498697083848302,0.48102118497763535,0.6684593157377504,1,X,E
1.5922377747766123,0,0.665687857260338,0.2536766785265483,0.2881970637818192,1,X,C
1.1141333446118054,0,0.676995543921392,0.6143810703934558,0.9998111824528304,1,X,D
0.7217648539757833,0,0.976769525426881,0.8878658747562067,0.13867814258327937,0,Y,C
1.0741252923369136,0,0.08992905531077566,0.18145266400913884,0.4927009815416774,1,X,A
1.6180869703629501,0,0.43519235633530307,0.3658626251470859,0.3136849658785402,0,Y,C
0.7014724813516551,0,0.30351252539299856,0.008719630445001902,0.5320655352454693,1,Y,A
0.9719508000862881,0,0.3627939533329211,0.2748894406816441,0.5129600639528312,0,Z,B
1.6135153414155945,0,0.9536629779431879,0.00554853896897356,0.3228288347118924,0,X,C
1.542148057950085,0,0.6883958959978567,0.6659205931800316,0.2518921662804944,1,Z,B
0.9360578595583174,0,0.1572531597101977,0.1802409795698905,0.7647088564523955,1,X,C
1.4028272203371077,0,0.6968485302320402,0.5283390715085015,0.5262029816150644,1,X,D
0.889766474747941,0,0.511612025520841,0.6589402488462516,0.7912894219050329,0,X,A
1.554511162725917,0,0.6502670997669813,0.1298837903179847,0.07896271180799197,0,Z,E
1.3193727928594234,0,0.7046933728702525,0.6375927351428636,0.08071240740278729,1,Y,C
0.23833307506906928,0,0.38706527877990604,0.36784583123780334,0.8139758330758341,1,Y,D
1.3856805605717997,0,0.4489712683994248,0.5871008631148134,0.47385848770129524,0,Y,C
0.6237036034532524,0,0.6329815105616103,0.24902675315058542,0.14585084287869898,1,X,A
1.3218422773603067,0,0.6943426547268785,0.09186135394756367,0.22697419877128222,1,Z,C
1.507658185693317,0,0.9531502117232526,0.24842396240681675,0.9444825533839926,1,X,D
1.5616142313158958,0,0.0045202411218898675,0.32928388661639574,0.33084488767032827,1,X,E
1.1884895472106711,0,0.8265250633139817,0.05779499474877503,0.06120671381064746,1,X,C
0.6253342712703253,0,0.9754064896230492,0.06096508156971647,0.622721899829264,0,Z,C
1.5965204522539083,0,0.7582594011349831,0.3829255146742502,0.018759401338958592,1,Z,C
0.7203376249212763,0,0.6078868476810266,0.8456081063829346,0.39916930622239655,0,Y,C
1.2860454077701133,0,0.2806069406863606,0.28749819450601943,0.11952154436121476,0,Y,B
1.1624857281794259,0,0.6961553218675679,0.1389357254511231,0.8519588132563597,0,Z,A
0.8626707546353559,0,0.6441070959890653,0.6743834351739019,0.14656813465321428,1,Z,E
1.507342389229294,0,0.01113644927432611,0.5271954268626503,0.28005122604943833,1,X,B
1.2746273902205945,0,0.1621801331984637,0.18958042770207162,0.8706955787786049,1,Z,D
1.1027618840986793,0,0.40118187570727015,0.5461638571131352,0.7736503673613127,0,Z,D
0.6155434711718343,0,0.8924035907546413,0.6111665532081887,0.12776472111187176,0,Y,E
1.3700634751119938,0,0.02768421318689329,0.6652006964649542,0.018892509272489755,0,Y,C
0.6087324506241993,0,0.13236991061330927,0.6797718719067598,0.5596570621740036,0,X,B
1.04087513704645,0,0.7126777196951413,0.28219257217239646,0.01891889512502387,1,X,D
1.0121662026933826,0,0.8179944100024884,0.4486799030950357,0.9271486008670177,0,X,A
1.2596829087863635,0,0.9223944280801205,0.24675601855958829,0.6293300681908988,1,Z,D
1.0749896965304682,0,0.36125729433761866,0.013076616667670904,0.7941584041141114,1,Z,B
0.8463217246055208,0,0.12599286337206828,0.7680524477951043,0.8277899454919538,0,Y,B
0.08345807704731661,0,0.6381064851941848,0.8949837150045212,0.5000891333752422,1,X,E
1.4868323855760144,0,0.49210717370475165,0.043478019388578315,0.6723559047577589,1,Z,E
1.6180497889580028,0,0.8031232144192988,0.9583191329070079,0.6152951762386093,1,X,B
1.4678043021445952,0,0.6992475130301,0.9667477532214758,0.027619245707649287,0,X,D
0.7834360209480171,0,0.23219398623887144,0.08790025938523738,0.19497931427000226,0,Y,C
0.3378669540325174,0,0.28011490967209796,0.33751498927420065,0.4846861556130869,1,X,A
1.1786267731863327,0,0.7778487648352854,0.16973553352996007,0.44574259143738537,0,Y,D
0.6368704649544716,0,0.20185485050324703,0.28051348009415644,0.3243456350224676,1,X,C
0.46875801015258994,0,0.6257764951213455,0.9755409193071558,0.9220924721726742,0,X,E
0.40121648450449143,0,0.6902223513800706,0.18625250234714197,0.7261966116541991,0,Y,B
1.5632394792054218,0,0.04538047048051397,0.21648247375516194,0.10414084152309844,0,Z,A
