time,event,F0,F1,F2,F3,F4,F5
0.0801159492914016,1,0.7788825659587078,0.7586045053593204,0.008986264578568104,1,Z,A
1.4554420166933442,1,0.9331400236459465,0.4477519604375102,0.998293435821146,1,Y,B
3.0929255521358465,1,0.398215086339737,0.9994450855692308,0.8243048490304746,0,Y,B
0.6392062561160627,1,0.7774238704210382,0.8277059734420131,0.03996183070998627,1,Z,D
0.6962488491377345,1,0.9131654979074723,0.1401456046176932,0.35664192600796674,1,X,D
0.013208797659964714,1,0.7840244087767032,0.4454418097006442,0.8730235631452694,0,X,A
1.485080873396362,1,0.8994590472157968,0.8683048116728133,0.11935791220125225,0,X,A
2.621166068377229,1,0.7855645422402537,0.12435964851759551,0.6481055796142101,1,Y,D
0.37146662060681895,1,0.3546784144300873,0.9560033139768985,0.9390498052781419,0,Y,C
0.039469184147504055,1,0.40774972553398026,0.6222165385352865,0.8850895263236344,1,Y,A
1.9097320811410883,1,0.41221087117377,0.2980105193730411,0.9831886313237732,0,Y,D
1.2454510854494811,1,0.8766923467157562,0.08560432768065829,0.5146756633759582,0,X,C
0.9007637135099416,1,0.30536751398958206,0.6170740998851068,0.9654727735647017,1,X,C
0.3243843886214957,1,0.3888175182151662,0.15502385515975003,0.7193869602553793,0,Y,E
0.0007086245334074924,1,0.08495902396600152,0.9532596529553551,0.3973995147631566,1,Y,C
7.49641181391091e-05,1,0.1530563171669268,0.38794031684956265,0.9109281727904484,0,Z,A
2.3483766838286395,1,0.49871784161890553,0.33047323852205446,0.03615138130688478,1,Y,C
1.3150458758797525,1,0.8728462139740776,0.004277451710446023,0.9260873614599977,0,Z,D
0.10829347256534783,1,0.11238938880717819,0.8980210734369193,0.8509128170628002,0,Y,A
0.07565598996965985,1,0.8068894628896408,0.3461411761246438,0.20905809342537807,0,Z,B
1.3990400202898319,1,0.23690031661150235,0.7632456136487415,0.9223368614633651,1,Y,A
1.8069912708476594,1,0.9860155379326401,0.9936001661041883,0.2279484582820921,1,X,D
0.07921022020209285,1,0.895547360578121,0.5201274384905611,0.5375033918195232,1,Y,A
0.3822202299563115,1,0.6286126509729731,0.915153561535808,0.13582742243791912,1,X,A
0.07595796110252724,1,0.3065250466139927,0.7297093458618669,0.6491743509044425,1,X,A
1.227975300713041,1,0.28137533048275853,0.4858603560750987,0.7354502158326521,0,Z,E
0.05293081510482692,1,0.691260659329979,0.9706403900268574,0.4407685796129348,1,Y,B
0.5228244933146206,1,0.5164747757881846,0.8031194146018594,0.9797798516949032,1,Y,B
0.45544022731089584,1,0.32981749854068776,0.07234072802725611,0.7407571233823915,1,X,B
0.00016433618570002175,1,0.5734760010772016,0.7409693952712497,0.8500434357047515,1,Y,D
4.658389756402641e-05,1,0.435607345896853,0.9980477205089715,0.8336848615373509,1,Y,D
2.4430361683253357,1,0.7493410034467489,0.15541898975916868,0.4180729994116853,1,Y,C
1.7670864536106266,1,0.35239112812308926,0.4998431096130024,0.7767086954891391,1,Z,A
0.2027528118012595,1,0.7786278436410792,0.9655238668717531,0.5262196525248077,0,Y,C
5.7853393459895385e-08,1,0.04234077602313735,0.02234346955637223,0.7024641317190384,0,X,A
0.07458329761719935,1,0.9707419280448076,0.7237297790417422,0.2950843880473706,1,Z,B
3.7327858994090754e-08,1,0.11299274741046084,0.19120796986264788,0.49269776306441737,1,Z,A
0.1617073843524765,1,0.43674734331418275,0.5350260165759352,0.4260950716840096,1,Z,A
0.6770480725846406,1,0.3273576997925296,0.7544257126859784,0.8410942118794194,1,Z,D
0.5408601515648638,1,0.7897984784834896,0.8972166994164632,0.5753609387198894,1,Y,C
1.540095015097776,1,0.27607177426606233,0.16783746679808054,0.6481968878825258,0,X,E
0.3471819542918584,1,0.5162070196656943,0.7955133293586135,0.3397328235589031,1,X,A
0.011814089046796858,1,0.48133689864939255,0.5530244996456553,0.12399584778160266,0,Z,B
9.738236846693195e-06,1,0.14245800544275,0.9497011077957602,0.9123450270132675,1,Y,E
2.75214489786802e-06,1,0.23218805541714316,0.25200618039055867,0.8761674724834903,0,Z,D
0.2622365449333754,1,0.48160653538467246,0.8195757688286112,0.07626415945454723,0,X,D
0.3564137699393299,1,0.6499479053744298,0.8085239086947026,0.6848955923809708,0,X,D
0.12951780029456228,1,0.7278979374068322,0.9537959663701955,0.05386468985110493,1,X,D
0.17035619582057923,1,0.4000507730267696,0.23068990346891904,0.39678873609133436,1,Y,D
1.9881763642668406,1,0.06416580664780325,0.4494358388629399,0.03621051165198064,1,Y,A
0.4654175972219911,1,0.9010204287743598,0.5438600225895904,0.5953339500787275,1,Z,D
0.43953706601929143,1,0.34514803625129,0.056936052469955256,0.6009230875324677,0,Z,A
0.11875189204075107,1,0.7301154742935978,0.8771944476237179,0.6898129775836477,1,X,E
0.3480420712229338,1,0.5192709808933135,0.4703748507549318,0.28684610145022993,1,X,C
0.23992132801803612,1,0.531392796754617,0.797278375612117,0.9859606897274593,1,X,B
0.8290502424412755,1,0.8371053700903831,0.18694306362212632,0.38549154413007225,0,X,A
0.3100713987042269,1,0.4236539190569101,0.2082625461903388,0.9449189901819064,0,X,B
0.8548176309296144,1,0.15739095754175636,0.5716679354169085,0.4505439571344383,1,Z,E
0.2178014119298713,1,0.4828495065950711,0.04407136912938969,0.553949763852473,0,X,E
0.14032702454685556,1,0.5892280529641645,0.6738323326525567,0.8730152473132232,0,Y,B
0.033223224617779115,1,0.7373863264869284,0.4960390052693805,0.18094639480875196,1,Y,E
0.05609249417431121,1,0.9135137886341929,0.5024407840454034,0.6594469988912123,0,Y,B
0.00015371802906455898,1,0.19303697885008864,0.05461116502159313,0.5341275816288358,0,Z,A
1.699509721492831,1,0.9317735985442926,0.4614398825133662,0.14163302589329618,0,Y,B
2.1165143594041234,1,0.5438040813085541,0.2842634394092233,0.5476401319002615,0,Y,B
3.855298706266276e-05,1,0.039774863736826926,0.2824726407553739,0.6180186640667241,0,X,E
0.03277833100720306,1,0.8703733584902645,0.7329381046588448,0.06253963862493195,0,Z,A
0.055257073407133046,1,0.857477584900663,0.15754920363646874,0.8062673134192432,0,Y,E
0.9444931327025241,1,0.5647152709536137,0.2859738663978122,0.20499695775512217,1,Z,B
0.14717301117224638,1,0.7689582936022442,0.7136966046261468,0.04362204020443061,0,X,B
1.8938785127173712,1,0.20390248679564837,0.7220151693473746,0.049192524817593175,1,Z,A
0.05672279470875247,1,0.7047981009948905,0.13779591956499382,0.522272561653806,0,X,B
0.1667514026721932,1,0.9886354670285974,0.39267704263239844,0.6125277712626549,1,Z,C
0.11087576063027572,1,0.8163545854034135,0.6363255751686613,0.3853174895761703,0,Y,D
1.819309094824079e-08,1,0.08399772457238752,0.8896774509492301,0.9331089022858858,1,Y,C
0.14170832102403466,1,0.8887225019011888,0.965496942045812,0.5370441311633831,0,X,C
0.16253034255788912,1,0.9200324219287576,0.08994490499678931,0.07849870093971356,1,Y,C
0.38024243355403553,1,0.23315269357375512,0.8051026470932462,0.3236514992230827,0,X,B
0.18809990075078448,1,0.29194291012777296,0.9148498041035694,0.5689074727989225,0,Z,C
0.7696178263288855,1,0.9608689841797884,0.05703134021054013,0.19040963260905508,0,X,B
0.36833415816364096,1,0.3537639381853308,0.352176272242551,0.10198566183665647,1,X,A
0.0007908970692161729,1,0.19806083044422407,0.8519673353630705,0.8710037793159517,1,Z,D
0.15872189612655416,1,0.5034215693142591,0.14406633344034436,0.783610238275606,0,Y,A
0.5045160489578527,1,0.5745496704974302,0.27020784670863385,0.6470758012362323,1,Z,C
0.04393082951255546,1,0.8520472089254763,0.2341617191865678,0.7660259866235356,1,Y,A
0.4822604732138601,1,0.7583416169083106,0.5124474430491136,0.7924731741782196,0,X,E
0.43917640426599686,1,0.004880205291552198,0.5132650853927218,0.2393721153176388,0,Z,C
0.0009342278041862152,1,0.7726120614711198,0.9467964546135759,0.38586689811734665,1,Y,B
0.07729466827338197,1,0.39773708729240853,0.7166490685253201,0.4878325366574018,1,X,E
0.5408212569877592,1,0.8060786551256203,0.21002445331773034,0.38343553203381975,0,Y,D
4.0218132722848265,0,0.8969678021627958,0.975528865118977,0.32862799267966314,1,Z,D
1.7297624770076507,0,0.5989773206791186,0.28499610043936385,0.16994139045541523,0,Y,E
2.456070805443817,0,0.7994666695523951,0.9959897624333096,0.2512830346950711,0,Z,C
1.439062161691147,0,0.5558781394227237,0.5439522807283719,0.5045921989373042,0,Z,E
1.3763554211640623,0,0.8687291290314838,0.48246571457854137,0.2778020445341144,1,Y,E
0.670956825777535,0,0.5412724063476788,0.914925789221741,0.6010212450485922,1,Y,E
0.5866785563319623,0,0.5667672329332688,0.4566336055401792,0.04694242967370987,0,Y,B
0.5632320484325779,0,0.2561410636481115,0.192815666357524,0.530184741824479,1,Y,E
0.2825483872529865,0,0.28326731913227354,0.8176799413799236,0.08785644513582214,1,Z,B
3.9579978369159976,0,0.7912166094056382,0.35647217509275364,0.37037630475203964,1,Y,E
0.39413703595256866,1,0.559776812221689,0.7815819392778723,0.6905067260871254,0,X,D
0.3033715874360497,1,0.9897306612312085,0.8103811542635749,0.3575380515766793,0,Z,C
0.3207988324037252,1,0.6500306673354069,0.03785789439291354,0.262339692734177,1,X,D
0.22040755537801832,1,0.06345730775795166,0.5202927486602763,0.3424568166911548,0,Y,E
0.060055217942306345,1,0.7912007604333741,0.6549402586140375,0.4880797963504019,1,Y,E
0.1820695584392334,1,0.14507652725028253,0.5183679472183066,0.631176108463853,1,Y,E
1.1353419356955539,1,0.10936391393414302,0.5691857876721025,0.21008194432396676,0,X,D
1.3882720074753012,1,0.3354679615863335,0.27710133621204536,0.24375116608997194,1,X,D
0.3290736690320528,1,0.84290873352704,0.3318441101762756,0.034314536717541144,0,Z,D
1.1603888185409246,1,0.5891312220754451,0.47288974195330824,0.4184065784638318,1,Y,C
0.01110736309874422,1,0.0983928434267507,0.2561462553985616,0.4026172262152442,0,Y,E
0.3022242514060751,1,0.9847387317614189,0.5954704131855004,0.594529309620588,1,X,C
0.2131038243784399,1,0.5526320675477938,0.5244396944279344,0.48012847470624465,1,Z,C
0.03734902565475236,1,0.8988028635307516,0.4925345828804195,0.5393885243089171,1,Y,E
0.921962218320252,1,0.5946861592051681,0.16225183318531922,0.07293613970248691,1,X,D
1.0070984802003144,1,0.6399883915514378,0.2035124703972453,0.14223461503162482,0,Y,D
0.40936893406405245,1,0.5712404038062476,0.6254307073083675,0.06082126380412378,0,Z,C
0.16936353333373863,1,0.7478053795778167,0.09326473220363063,0.8867770600960266,0,Y,A
0.6070464802157363,1,0.5685941694536377,0.25525803366465327,0.37546926641334233,1,Z,B
0.6225517869740169,1,0.761445476609534,0.2117304118697405,0.8384207434850033,0,Y,C
0.00021692106207927788,1,0.05032135718811703,0.35771200008977133,0.560336431442517,1,Y,B
1.889925044619978,1,0.284865939149044,0.35604523362134377,0.8227629721107371,1,Y,E
0.15122668360976582,1,0.8636695938339711,0.7865009228528609,0.3451899923551729,1,X,D
0.49040185166765676,1,0.42555743131383805,0.23435406340505738,0.3710151367798651,1,X,D
0.05232358080438394,1,0.3724093261892909,0.2210805210881186,0.5290328415783325,1,Y,D
0.8235818873895441,1,0.33488605488717693,0.3254349474436625,0.3710430064730491,0,Y,B
0.011165752089034591,1,0.5719982102499149,0.8007194241740185,0.31548791575065216,0,Z,E
0.4774356257779814,1,0.4251744270975272,0.7890482978478658,0.7295549302488415,0,Z,A
0.4385927382257748,1,0.39824122910158355,0.31100849117066653,0.2556917611592405,0,X,D
0.40146064565604217,1,0.745369780894541,0.3006406961843332,0.2691526568257221,1,X,D
2.2289666172539926,1,0.053048602502873354,0.07726506995646154,0.15985806694802984,0,Y,C
0.4260892610681637,1,0.4757583101427524,0.14456997427244023,0.6020335626754724,0,Y,D
0.037169982492215904,1,0.81128937594424,0.7105946593750329,0.20607617676869971,0,Z,B
0.20651265966611462,1,0.9387793724468004,0.06864629382588439,0.041604711807854744,1,X,A
0.49147163197251487,1,0.452389833694824,0.046964296039125775,0.35678560118970026,0,Z,E
0.16925499962180326,1,0.7200450822375827,0.6186545371379182,0.836393664165502,0,X,B
0.08107059084992134,1,0.48994530664706226,0.042182113610166216,0.1648683717383963,1,Z,B
1.479530691379499,1,0.6235142609784114,0.4363506625417628,0.7830724169963668,0,Y,B
0.9616437715915709,1,0.3745396832761173,0.36628205989151086,0.2507545837383005,1,X,E
1.5426290959864124,1,0.24558050523097585,0.2512294403095583,0.6016376785121161,1,Y,E
1.0098856264503107,1,0.005883570178740527,0.3389907145417709,0.5931158511550125,0,X,A
1.5581484863379365,1,0.5243698745659495,0.01295186655584557,0.8938516666043729,0,Z,C
0.019653614203646173,1,0.8706486994827982,0.5681214934848412,0.3599099419568216,1,Y,A
1.234056227702201,1,0.913144483794167,0.08321063213182744,0.6576858787665751,1,Y,A
0.0022341005312376335,1,0.07031769997502346,0.26278325545597236,0.6952944802703235,0,X,A
0.23192357458558968,1,0.9375012623558335,0.23254238350607548,0.11645222834868385,1,Y,B
0.4336038086017896,1,0.546762556803445,0.03327690473140488,0.12378491255471735,0,X,B
1.4542530409351908,1,0.19364734563906705,0.9412723285037754,0.0710406014292726,0,Y,D
0.2086764984554034,1,0.32934754262606025,0.3117374716661758,0.7235912642952981,1,Z,C
0.41491594222452066,1,0.8449975010042129,0.3685545789491139,0.23219213962386176,0,X,C
0.2014702222658532,1,0.9556535255213454,0.08515892429988658,0.3092293507588628,1,Z,D
0.395810138998024,1,0.625973284235926,0.8502490014492535,0.5255218628620218,0,Z,E
0.3386095945312422,1,0.8347821323484376,0.745626111839882,0.07604282926080796,0,X,D
0.1980424521854913,1,0.9871413124063365,0.707285107435914,0.5989933036333462,1,Z,E
0.5476166071474378,1,0.6666404100171133,0.8999099003726895,0.15342246777392365,0,Z,D
0.034329653369205584,1,0.08945240441551205,0.2137275926974167,0.9607720720725791,0,Z,E
2.1398888505926448,1,0.40698383297104257,0.8806464983860203,0.11211725194448807,0,Z,C
0.33220622383971565,1,0.5914956803739088,0.021634492475498646,0.5065680152584376,0,X,C
0.04805816596271999,1,0.5184762229715555,0.6497922952236166,0.32547711125920553,0,Z,D
0.7019701772088521,1,0.39834522607953193,0.2300088997171551,0.5559618436195578,1,Y,C
1.0441852248589614,1,0.657679937772961,0.315784553644476,0.6838594137856173,0,Y,D
2.0204461113502123,1,0.47489138832326805,0.7037606604119451,0.03460095257369955,1,Y,B
0.9749558815662727,1,0.7601972227293422,0.8079890831214493,0.263890033267136,1,Y,E
0.34487673764977916,1,0.9160260228028894,0.6936633482045907,0.6371698061933211,0,Z,E
0.00017183706344006948,1,0.15256514114607556,0.002919415840647921,0.810235130060692,1,X,B
0.5782118744092573,1,0.9490469207351115,0.6284518497385465,0.7353305690890687,1,Z,E
0.5588582509637605,1,0.2927798462502753,0.6720350716899927,0.7083610181524059,0,Z,A
0.1828572513899916,1,0.6178485483108578,0.4133193319402645,0.368397779215472,0,Z,E
0.9694762802670531,1,0.7008916385679979,0.14961085243849293,0.6357103907332642,0,X,E
1.2490706275748158,1,0.09012530791413287,0.3710115191845377,0.1278299598968351,0,Z,E
0.5478145796192271,1,0.4681869866740872,0.952824370601148,0.6163358696942884,0,Z,A
0.38309134634557046,1,0.41652202600825616,0.8702904710499104,0.35780949872874557,1,Z,C
0.7624230251658503,1,0.020444311255550796,0.37548019012089495,0.30872393286288313,1,Z,E
0.17624128929363803,1,0.5213098682784449,0.52222856542706,0.6835034837370856,1,Y,E
0.02786290655649933,1,0.37118406696357653,0.6485348274617655,0.6757608130546177,1,Z,C
0.4782571957500706,1,0.3498255758328117,0.7402212736164483,0.6702357099162287,0,Y,A
0.03841810465862797,1,0.2293456268786641,0.33723077004481616,0.3808379821739367,1,Z,D
0.3307324490147143,1,0.2045331241006877,0.5748642185849548,0.9263524385934429,0,Y,D
1.6215195515656604e-09,1,0.02298516516217164,0.6559080436316088,0.8005445402762708,1,Z,A
1.084696074693414,1,0.14892234530191806,0.45195569188452644,0.03606816079993447,0,X,B
1.5773875003178512,1,0.7545317650072373,0.002005955872735332,0.7012959664021423,0,Z,A
0.5450156141588562,1,0.5494912106782901,0.7201781565896317,0.2742484254976505,1,Y,E
0.5488254434161468,1,0.5849491072849472,0.3312830008635792,0.05823191331673694,1,Z,C
0.0006736711198802571,1,0.19639494621153097,0.12991341194564898,0.5943335749949211,1,Y,A
0.012726196189358035,1,0.7141573366151527,0.7911118206889537,0.884693521604153,1,Y,A
0.07012841473922743,1,0.09392152658171182,0.4428017592086777,0.9047428415090653,0,Y,E
1.9637993823019768,1,0.26515987022608756,0.8901077479290406,0.3279764330337831,0,Z,E
0.0925180962629405,1,0.21348314174417493,0.31242590146227456,0.975836092413204,0,X,E
0.24049068284518363,1,0.47205614107658866,0.122381084928468,0.1922454201154815,1,Y,A
0.012835286816081988,1,0.07446878174988003,0.9936991348263831,0.39050631708827943,1,Y,C
3.4827633259246324,0,0.6862360524810557,0.9915979036187866,0.48092041541613606,1,Z,D
0.08533419968512607,0,0.7552072654605936,0.24790384016600664,0.0023324940426268093,1,X,D
0.13505039494235066,0,0.6313500095522511,0.3802405405298468,0.6239287274032388,1,X,A
2.8815834781640364,0,0.6494785307205413,0.3340585491313607,0.35427276544529374,1,Y,D
3.6875244111554513,0,0.9018129615700605,0.5263526900138923,0.7422023657704957,1,X,E
0.04627085780735862,0,0.0748732803366946,0.22377793741332408,0.1391057899322221,1,Z,B
0.6164664766888782,0,0.8014746462922099,0.7521225112760821,0.9783590440580818,0,Y,B
3.171349309333488,0,0.3139535984315044,0.41389312556401836,0.1255200289580185,1,Y,E
0.7436635650040838,0,0.5537018273679625,0.22766068443518694,0.5251780495039376,1,Y,E
0.7818922418088725,0,0.7052867277777588,0.04754629097982388,0.9437269806058495,1,X,D
0.5268150451376272,1,0.812368697295832,0.554011488186953,0.11892654347806109,0,Y,B
1.3758844740254112e-05,1,0.12618339031305414,0.7841774714287756,0.5509508254609959,0,Y,C
0.23944266357792535,1,0.8202646749934567,0.27839061035581536,0.6530200468744821,0,X,B
1.5133151064399397,1,0.5714954519976444,0.4610456035720586,0.394840081050702,1,Y,A
0.27295717367544464,1,0.8454327221536562,0.21692708159725438,0.6719248571733739,1,X,A
0.11025597584021068,1,0.4581716258506562,0.1851701239962007,0.08715551105908526,1,X,C
1.5175296165950911,1,0.04767502462593187,0.1382296912769745,0.04711519765998107,0,Z,B
0.41158207276790765,1,0.19576013793117863,0.023279447909764994,0.795351897130904,0,Y,A
0.0023097020755245357,1,0.991732707872515,0.8149410129226616,0.800814134496905,0,Y,B
0.005037804384329966,1,0.04929216384788537,0.2726184798311786,0.6177633580546251,0,Z,B
0.49958415920683236,1,0.5498931676570323,0.7091287044704567,0.9602339343432394,1,Z,B
0.25138628614476977,1,0.47511223366782007,0.07832020421546693,0.22411912921805388,0,X,D
2.0642440236788033,1,0.965751066076563,0.43602444612483104,0.8881852138245057,1,Y,B
1.6005389383950779,1,0.2943471887141689,0.8936755914972091,0.6848861533746867,0,Z,A
0.08077920854860277,1,0.18759568102420465,0.5165616969837508,0.6582980374079921,1,X,D
0.13240577231338818,1,0.42648880639890974,0.6783092206419343,0.5278018701799937,1,Y,C
0.6092381925664851,1,0.40751031195935794,0.8402780416237229,0.2458659423934917,1,Z,B
0.5131153446250959,1,0.36685772740838196,0.9405803131851066,0.6795490576629031,0,Z,D
0.8823360939451085,1,0.5278429760301262,0.25407552036053094,0.4400092783837879,0,Z,B
0.09387532686878532,1,0.3185759853867548,0.8827929304910541,0.13249321627756427,1,Z,C
1.80361152768132,1,0.10702656183059223,0.9933275057786812,0.07721466057730986,1,Y,A
1.9690029804226088,1,0.20424738887666427,0.052208325893225105,0.2100451796905679,0,Z,B
0.9130853206528264,1,0.4746786447601905,0.4369239303326443,0.8251345177929449,0,Z,B
0.4821395355249239,1,0.3667150529058868,0.2827120518312125,0.7582717155238616,1,X,A
0.25768576050450254,1,0.4838204476411492,0.8682693384601057,0.7289063667263315,0,Y,A
0.4943678422579272,1,0.9024313226282495,0.019587540493347544,0.6961361822576984,1,Z,D
3.1860829467793956,1,0.7029237727744614,0.9781236384101425,0.5142808826722051,1,X,E
0.11340366932779747,1,0.7966907379286695,0.6090542990970895,0.6244883092802197,0,X,E
0.8721322757006416,1,0.775567443081157,0.6661690834895734,0.06517104927784301,0,Z,A
1.248818010671381,1,0.5448288175417321,0.05621994254938967,0.47566730222977893,0,Z,E
0.14272644553591152,1,0.5991425027963675,0.5847159031824608,0.007544502569438505,1,Z,C
2.0855540855364496,1,0.12816996951948012,0.36414908017058467,0.009249293872186426,1,Y,C
0.05874765066725012,1,0.5184582835513734,0.75508119558491,0.2499037709970925,1,Z,D
5.088041507941557e-08,1,0.14213142585233918,0.11850453045138154,0.9713665581047443,1,X,E
0.4133951466993058,1,0.613537916485439,0.18716334872251683,0.6455659884383037,1,Y,B
1.5985669309348847,1,0.8849973503232411,0.6469747128599422,0.22664801275492008,0,Y,A
0.07454600552675696,1,0.45039366058591446,0.11547937133550357,0.9620328477577188,0,Y,C
0.008259550672630425,1,0.20511943474766092,0.21308596738814323,0.6077978894827392,1,Z,A
1.203702552985301,1,0.06258842775375473,0.12842649239186232,0.1724411924812672,0,Z,A
0.2249026211440304,1,0.8572635349930456,0.415747829315008,0.7207331050666127,1,X,D
5.741732617774437e-06,1,0.3500514850634776,0.8087829353537945,0.9823199584974486,1,Y,A
0.12310267409355732,1,0.16239515193075615,0.07206380098085163,0.3256882808039171,1,Y,E
0.012865087308374695,1,0.12296504659755059,0.46833368489963567,0.8766262394788286,1,Z,B
1.0638876373198307,1,0.3983635498586713,0.4214569949962277,0.3411705954768388,1,Y,B
0.3635453841395067,1,0.7581722623255542,0.5798982633874555,0.4239200166941651,1,Y,E
0.35863982424030655,1,0.8725489594149339,0.9514910057487274,0.865763790498302,0,Z,D
0.5484400630133573,1,0.14589771507334837,0.6180047980794116,0.9320184031019713,1,Y,D
0.566093493406251,1,0.8736004318689513,0.38143118818389044,0.97670231990478,0,Z,A
0.0018866284137721864,1,0.16250632866484893,0.3454185327404701,0.9700661451818386,1,Y,C
0.16746265941980032,1,0.7644608706219471,0.6540088972699845,0.20751673450929786,0,Z,E
1.750684431652273,1,0.0012399460577324772,0.668111860365531,0.8482175673439284,1,Z,C
0.5007560699091295,1,0.7166087187710504,0.5549756805210887,0.2268269855610544,0,Y,E
1.5609652058619432,1,0.8632535072755154,0.1177369970406873,0.7467836600239153,0,Y,A
0.04367100881550756,1,0.48579801146712265,0.6390613058938132,0.633568716702063,0,Z,A
0.00018066605124944944,1,0.06215663569662133,0.8296675296901085,0.5541208108384731,0,Y,E
1.3926459858744122,1,0.2712122275298461,0.1715153590079569,0.16915221302486494,1,Z,C
1.736081150147997,1,0.24647800999353642,0.6012663667833112,0.8895770070296573,0,Y,B
0.8632211871465093,1,0.6877453694762048,0.41506363511714717,0.30237887394864094,1,Z,D
0.1017359588340021,1,0.03690529305731882,0.5568540481234238,0.7121584542955272,1,Y,C
1.9147506653575672,1,0.08833471293574113,0.24127380868233195,0.17242394166378872,0,X,E
0.5169052898273452,1,0.48326186374002555,0.07253664358097855,0.9864828249358427,1,Z,E
0.5209918124066946,1,0.6035989775874443,0.3595165390468653,0.46202738176142844,1,X,B
0.44804555329885326,1,0.9736529861495903,0.1389643774855177,0.8612830431889118,1,X,A
0.016122213402382672,1,0.12662298038063224,0.2950974178277761,0.6083833286849495,1,Z,E
0.008939861653594757,1,0.6196567726930092,0.5226952086603023,0.2643898936152189,1,Z,A
2.587322211076545,1,0.3348898787421901,0.9129032274121561,0.30755100680214775,1,X,D
1.0769973060995572,1,0.2421727369590141,0.4997238724466716,0.7081928082867149,1,X,C
0.1999010655863445,1,0.3794055248149417,0.833005601665448,0.3540374452968801,1,X,C
0.27383260140421695,1,0.4356860401541167,0.4395537675621922,0.13308522124398103,0,Z,D
1.6384492883054174,1,0.8970369010080556,0.6593057445986427,0.28659220230451277,1,X,D
1.8313419545583174,1,0.3185758579708491,0.00797077367552168,0.7855726103277869,0,X,D
0.2352110310288024,1,0.9481466128870092,0.47245765366255266,0.7401271644174908,0,Z,E
0.3207797781544974,1,0.33858947114854765,0.6195815399719341,0.47592356704619687,0,Z,B
0.40587964554755457,1,0.5110706971795591,0.7609072395657928,0.3766546463969124,0,Z,B
0.6970055910060384,1,0.29650791595281734,0.18171439395998035,0.6757188870984071,1,Z,A
0.007436582665506103,1,0.6888709991694166,0.7103543847981256,0.9889654971693025,0,Z,B
0.22577990126089525,1,0.4094970217160949,0.5428776547808369,0.6279396536728588,0,Y,A
0.7616821453689029,1,0.5393409784122851,0.3613436639747267,0.16370190531519946,0,Y,A
4.152514144207993e-05,1,0.47239747976543944,0.8724570478360889,0.9487641697266816,1,Y,D
0.4083761912517163,1,0.46536962974466467,0.47815968432445033,0.6847449932731755,1,X,E
0.46697428504314126,1,0.9066650307747183,0.8693366075287775,0.14252238579946874,1,Z,E
0.6535590831410164,1,0.0011257568686159347,0.5498708534998054,0.03733726636656409,1,Z,A
0.008018832451091341,1,0.09784260173637449,0.3523692875520641,0.7377557740679294,0,Y,E
0.1727835722605222,1,0.7909448989740102,0.6572931776428409,0.7204097077924879,1,Z,B
0.46611178096133954,1,0.38014199153212846,0.9375941070300876,0.12850380590912014,0,Y,C
1.4599389574874928,1,0.24479680134153148,0.5597983692614839,0.6094804908583121,0,Z,D
1.2833140344329617,1,0.28459442027076765,0.7174615079832024,0.7723694555069398,1,X,A
0.23270058263134946,1,0.34493064354708525,0.5668088082598658,0.5402631135245894,0,X,D
2.195258895210609,1,0.5058710082654044,0.03434967681089163,0.6354711801472712,0,Y,C
0.2360773100315091,1,0.012115757870912902,0.49331923359602203,0.6196203418246923,1,X,B
0.7934739739562201,0,0.41796538214259116,0.24339769236907505,0.529119996491236,1,Z,A
0.3729822834672751,0,0.5334851744321966,0.995848530065765,0.8304818600614583,1,X,A
2.8883736607270536,0,0.6327805986589778,0.47423508063499364,0.28121568563198496,0,Y,E
1.885131965755332,0,0.18387679028610282,0.6440979854269292,0.17738297167638595,1,Z,C
0.09343176404813713,0,0.8334298349621042,0.14722699617739943,0.5908445379893731,1,Y,D
0.07570826936864977,0,0.1666945412533698,0.021521489680204064,0.5544160317477237,1,Y,B
0.5081239167288912,0,0.7517938907786722,0.2533887975368341,0.006931716940268062,0,X,C
2.8775628594101326,0,0.717948252606366,0.988559829475389,0.4316020710124929,0,Z,A
0.5300456001615996,0,0.5481591562828163,0.12761407477197062,0.4918239740894609,1,X,D
1.4539202870213803,0,0.04130534361647209,0.1268144977344149,0.26838780079719304,0,Y,D
0.9763407140730681,1,0.6084166562880101,0.3435873883984365,0.13321377630283981,0,Z,C
0.15303277180292385,1,0.4533862761611285,0.49302212721966066,0.22689057761940912,0,Z,D
0.5123013758125414,1,0.4101114773228347,0.4153863769682976,0.955540554219629,1,X,E
0.15293887742433396,1,0.31355300590807733,0.07104033178953195,0.7921546041092591,0,X,B
1.0913549143154115,1,0.7923777642023851,0.5902875038855177,0.8887042709855988,1,Z,A
2.4653744035008156,1,0.12957670791126774,0.20035404024336634,0.1635132072434351,1,X,D
0.21720824630938576,1,0.6213071858854242,0.6249745764613696,0.49912341377042935,1,Z,A
0.06249646913466993,1,0.5585972191393053,0.22714193344887923,0.5771281621504878,1,Y,A
0.04474525271830309,1,0.9542179741208782,0.5013157237116153,0.9338575496149747,0,Y,C
2.4512597050554947,1,0.6524073735044683,0.23286136241299182,0.5658620512219488,1,X,D
0.30947947550527477,1,0.6985901474843211,0.24228556886654873,0.723027655051112,1,Z,E
1e-09,1,0.19994488699190216,0.6752326768834487,0.8608028525760061,1,X,D
0.40393290961981887,1,0.001877709430900043,0.821835769952042,0.05532513147731488,0,X,B
0.40092961461523074,1,0.35216393360277876,0.5615644195000907,0.30671543946128466,0,Z,A
0.002682782283185549,1,0.904904002348919,0.834455327949692,0.08195181627703396,0,Y,C
0.16472535086378917,1,0.46262181635950217,0.3464306394150849,0.09518951847367052,1,X,A
0.28547082230579407,1,0.7952443964480331,0.3185309888138359,0.478342975240301,1,X,D
0.3492333640630418,1,0.7798819351628241,0.1156165648912203,0.633269802624278,0,Y,A
0.005782606779585163,1,0.028414872788172896,0.4327203125849092,0.5573157835385484,0,Y,D
0.06771158749019636,1,0.6533666421996508,0.17645281909964328,0.7602188617455722,0,Y,A
0.5315530857070807,1,0.7854377721269509,0.3549701488803464,0.9495894858289745,1,X,C
0.33357701934879436,1,0.6499599475878295,0.8278973533620122,0.27423170323888557,1,X,B
0.027696983478683636,1,0.10460831550405791,0.6205569253715507,0.4860736257292799,1,Z,D
0.38720576218854263,1,0.5547267807073135,0.2353604140714478,0.6693525735525804,0,X,E
0.012782988237758978,1,0.7332428103366898,0.5583722120089908,0.6702245838278131,1,X,B
1.5718965653060133,1,0.5282092647300093,0.3800583589303268,0.5041715605571433,1,Y,B
0.04591886430610711,1,0.11585521331778059,0.0057098877800744186,0.6712981525049302,1,Z,D
0.10830192484389087,1,0.6536524153684174,0.8853892338789618,0.801659795973946,1,X,C
0.3420147458202406,1,0.3935270453399671,0.18065854891675548,0.30213302053986824,1,Z,D
0.22728787744600776,1,0.005338623955589705,0.26506807673413113,0.8189159261108352,0,Z,E
0.00020086316206635433,1,0.13296998129056792,0.7668579208430888,0.4096821832175517,0,Y,A
2.8575702625900316e-05,1,0.7034798196482016,0.7831937489397351,0.6581108827413955,1,Y,A
0.2900398926544771,1,0.9048192466095922,0.42478853907082426,0.7857691971362657,1,X,B
0.16028042451411917,1,0.11736743732213584,0.756237847853396,0.7339237891866737,1,Z,A
0.11960820385904387,1,0.9265195119212498,0.3394054746260823,0.18176072358054518,0,Z,D
0.011658330140466657,1,0.21368820698989854,0.8240570644133054,0.7198664107410435,0,Y,D
0.5563024225515473,1,0.33828610444627105,0.1249081641954134,0.6811097550590903,0,Y,D
1.7282969052544608,1,0.18875417062052025,0.20866399973313,0.2436285805350994,0,Y,C
0.9234030569313735,1,0.9962202291585995,0.2676080275820434,0.7323082940631729,1,Y,D
0.026467036721974535,1,0.19106227122529906,0.9593056716915458,0.3474097076487541,0,X,A
1.8585871603600834,1,0.8426837136845924,0.43960645871076076,0.7183838356869299,0,Z,B
0.6551180349041673,1,0.2548699418938253,0.8174150586965088,0.34700150639361693,0,X,D
0.8703242841467328,1,0.7555683288776278,0.6284695740378824,0.2644693201785925,1,Y,E
2.245811006028455,1,0.6690308463679753,0.3350650199533892,0.6680893220711962,1,Y,B
2.5972866209533496,1,0.21122355886433763,0.8415798676602745,0.16702489555937194,1,Y,B
0.010998548607666357,1,0.49114537886846754,0.832087826011987,0.6898007190676356,1,Z,D
0.06333774274880888,1,0.08998797822580662,0.48829362183261604,0.4695272445932622,0,X,E
1.796904352425719,1,0.1413797443187349,0.9798354835885444,0.013056977720171226,0,X,B
2.298960999777972,1,0.6761781394872171,0.4476404680096929,0.04720768700439559,1,Y,D
1.6532360264473474,1,0.3680552732015252,0.4884011658926922,0.934468687067858,1,Y,D
0.2946803123527759,1,0.39155551220884144,0.17062112208576752,0.33406066608734186,0,Z,B
0.5028972881736693,1,0.3415141537364679,0.21745032396230501,0.6424617211889075,0,X,A
0.2563855192417735,1,0.7437978596124322,0.7277842862533201,0.4409579123124243,0,X,B
0.01372345556097394,1,0.2279485810139955,0.384542091236329,0.5776456300982604,1,Y,A
0.7157706967583555,1,0.34591864287513363,0.6047590203566695,0.4542201063160104,0,X,B
0.7788687777858886,1,0.47597866116867493,0.349757262601853,0.7805728315502474,1,Y,B
0.19434254628550215,1,0.519904799567271,0.7918692635072775,0.5686306393254821,1,Y,E
1.7208630146918085,1,0.9701371558171862,0.4722919114318962,0.38026246885151505,1,Y,A
1.1666162062120752e-05,1,0.05167493130969669,0.42506189596253385,0.6230622371581788,0,Y,D
0.0858846255392885,1,0.7206901797171147,0.5089257452589506,0.9283106366321641,1,X,E
0.024766243057742242,1,0.9720218798486029,0.8310560715814392,0.1018793068070416,0,X,C
1.474318123025592,1,0.27594711303109165,0.9636750135364942,0.2283867322962827,1,X,B
0.02052116564019133,1,0.15289800138491727,0.5375192820789317,0.9188961989313931,1,Z,B
0.1165510699021214,1,0.7704561845945913,0.9411641634648676,0.4353219849547091,0,Y,D
0.5284851216378093,1,0.6357083223861185,0.6429085157558767,0.800310788124904,0,Y,A
1.597952314013579,1,0.8254127306972395,0.45770764546639964,0.8017607230038188,0,Y,D
1.846454608779883,1,0.7080112273193437,0.421360605485957,0.49166814706525586,1,Y,E
0.018011634942485266,1,0.6730126837359103,0.6133191499821347,0.9934122809045227,0,Z,E
0.5216036493580506,1,0.8874750539610585,0.08205555993256641,0.5412420218732036,1,X,A
1.929513968855131,1,0.5687314311660113,0.9621461132074638,0.3547801583924829,0,Z,D
0.006787071547570873,1,0.8897909878247936,0.8080998754676608,0.8119347670916469,1,Y,A
0.6747225119623298,1,0.9099196799796408,0.0009515013989558341,0.053042290453453766,1,Z,E
0.3039581223611986,1,0.330345236444772,0.2285886434091493,0.8388757342926706,1,X,B
1.05835003785263,1,0.9174709388294958,0.008958854894297263,0.6663198879485485,0,Z,B
1.0215184860526723,1,0.369258072138694,0.30037252394353786,0.34908094202183804,1,Y,D
0.7727357014004854,1,0.47004092942863973,0.4815677661413592,0.49588451984424764,1,Z,D
0.006657974621102823,1,0.6725887505912582,0.752863832318556,0.7800474358902213,0,Y,B
0.04944231789744497,1,0.5225726543619814,0.7948647166518621,0.8135630727810038,1,Z,C
1.0079476426122282,1,0.7382915814689281,0.544185253467359,0.22625236443146746,0,Y,B
0.1992709934467859,1,0.8153897179680225,0.8663279921438979,0.07669913964311459,0,Y,B
0.9280216539896052,1,0.9891619690737653,0.3271736264493448,0.7816426307838309,1,Z,E
0.4551545941388646,1,0.875351674572989,0.8793613385851176,0.4876428753447397,0,Z,A
0.12327654936897517,1,0.9161550848311896,0.21624234084288896,0.5406108941469913,0,X,D
1.2007157520838103,1,0.10374101048400153,0.761481372512353,0.09610557546663634,1,Y,A
0.0910069274371278,1,0.4258947717852718,0.753936391513908,0.8390716075482911,0,Y,D
1.7047403396076442,1,0.26867999554259314,0.07372853486208308,0.20515972946688643,1,Z,B
0.32211528435535236,1,0.5974123443386499,0.10896628322520052,0.8458764207506836,0,X,B
0.28410179437611777,1,0.888576413656942,0.11018986761258942,0.8942176864066697,1,X,B
0.7099581234150657,1,0.30138270886737584,0.3360421739092757,0.2691761484093891,1,X,D
0.20551603894924658,1,0.30913704814843856,0.9930556190959376,0.11863643253183043,0,Y,E
1.6024221810027501,0,0.20114705381105047,0.5864013516741751,0.2391240098823849,1,Y,B
1.2700948489258534,0,0.8349995699838837,0.5002990465454226,0.7499247115342316,0,Z,B
0.3115502466646257,0,0.9955141726361562,0.8227039819400395,0.37029793494591057,1,Z,A
0.05066438388945745,0,0.39496734518554477,0.0031419598519613068,0.6371270105539862,1,Z,C
0.2851742182880073,0,0.2667486641157103,0.7819906543515405,0.5294395000400403,1,Y,A
0.12189641533536072,0,0.023277580796739805,0.6061797229058304,0.09112214924390827,0,Y,C
0.048443692228716806,0,0.6971774069696534,0.4153503472165303,0.3703331299549195,0,X,E
0.3989138657742349,0,0.3280442611585239,0.3459184239832308,0.6046914332959886,1,Z,E
0.44577340553875106,0,0.7305980851413347,0.3084503151544489,0.3554373728480985,1,Y,B
0.34762404665788316,0,0.4650531201195591,0.07405227102545853,0.8245319912815205,1,Y,E
0.39730611537357874,1,0.6534711296543135,0.311849920320729,0.7763957392900829,1,Y,D
0.04710548215601679,1,0.7490646193044529,0.782941615970668,0.406904649976605,1,Y,D
0.6560166631446218,1,0.5216436834174043,0.7550377991782218,0.32569735616899853,0,Y,A
0.01886637007889908,1,0.9777520993297454,0.8621975327489827,0.3697023641897679,0,Y,D
0.3764497585030338,1,0.9252238262630529,0.40514737212197816,0.4185935610554242,1,Z,A
0.419524885079581,1,0.8442453059389826,0.7097030081639016,0.18881305318409125,0,X,B
0.5961818139445398,1,0.316087499495428,0.21582560905315973,0.9165732421486968,1,X,C
0.6320800116930306,1,0.6872503268210505,0.7417610287098028,0.9318932165024195,1,Z,A
0.479712033479016,1,0.4817964445761601,0.21232305246821737,0.7422584027891647,0,Z,D
0.7973913641847563,1,0.550065035711276,0.7361199160152716,0.41545730983126594,1,Z,D
0.27441067220719867,1,0.14300741219783608,0.5321836043685084,0.40985030423484514,1,Z,E
0.47006565780665094,1,0.2694804531659255,0.9863572209689974,0.44827570533422567,1,Y,B
0.11390274249544804,1,0.03235223466378112,0.7114635382816268,0.7644775579266646,0,Y,B
0.5208499970835456,1,0.69904027958273,0.6376905155684467,0.8691125957118262,0,X,E
0.06640218203288505,1,0.7566140405366045,0.5734504409389011,0.0467861426246593,0,Y,C
0.49231673343386917,1,0.674021994683737,0.9331919863647378,0.30815139361515453,1,Y,C
0.19049899919022747,1,0.9998340578295831,0.763596223955559,0.5282604301389878,0,X,E
0.5416316224960634,1,0.6045797751623039,0.8490913704440582,0.9164997337060463,1,Y,C
0.18177796362126517,1,0.9045274833405714,0.8221387184451855,0.4370053132715086,0,Z,A
6.914047761904535e-08,1,0.05199060047617876,0.9771586339691936,0.3301750701562668,0,X,A
0.1906818506911235,1,0.41521826453949773,0.607007010206848,0.7509005348453156,0,Z,B
0.2302205794282192,1,0.7497244020372894,0.14599413350748158,0.19739228488696736,1,Z,B
1.0450992201072218,1,0.38524143744665007,0.856782923079823,0.2941122642422156,0,Y,B
1.3396843657767992,1,0.9665004555740089,0.32800778921728535,0.28575648844295654,1,Y,B
1.527974873849416,1,0.49066584932521884,0.4000568331060227,0.17123145649666827,0,Y,D
0.5198305312643912,1,0.47396497630252166,0.12598071108039077,0.5548792253650129,1,Y,B
0.0018210299496722738,1,0.05969323899248291,0.3815531744088224,0.28554010296134824,1,Y,B
0.06276859510691084,1,0.7902662696548571,0.2921417577755303,0.2382138915826152,0,Z,D
1.0128986215838662,1,0.34710011086187587,0.2948043359847733,0.13327446036628354,1,X,B
0.4537898184256275,1,0.9650264581958946,0.743746990054789,0.9431086992555765,1,Z,C
0.5630588096386703,1,0.3093306995083689,0.8150093368781954,0.5224181804547694,0,Z,B
0.015415626247626244,1,0.6611297952876333,0.75128520767945,0.6185084409167249,1,Y,E
0.45809949598480393,1,0.7582878278219329,0.7566222165790218,0.13044276529638454,0,X,C
0.027477380253280677,1,0.992308114869292,0.22471765251042208,0.9580090657373087,1,X,B
0.3558640270751038,1,0.41429456579275725,0.6509098330107246,0.4575295487382397,1,X,A
0.02157875399792456,1,0.23220132159975482,0.20604299145400728,0.9532110350539731,0,Y,E
0.06272906365369577,1,0.9164747847701008,0.5544578338982659,0.3218619388353484,0,Z,A
0.1284046319280287,1,0.6378788430915868,0.4657127684320945,0.4059798359346636,1,Z,E
1.3916351207355506,1,0.2985658116525073,0.9717393126054736,0.35146123511312954,0,Y,B
0.98014714978575,1,0.1961007156881407,0.9873457713025765,0.10833073713609476,1,Y,C
0.03907847659355649,1,0.17616501956771224,0.7797780080104764,0.8517502016117343,0,Y,D
0.24150333146112313,1,0.3092675046400486,0.16438492827029716,0.5126419671322587,1,Y,C
0.1301593083464865,1,0.33067994857864536,0.5036502138871762,0.04779649974795641,0,Y,C
0.5150983688807885,1,0.313343690276047,0.5220013940757431,0.8990702384612298,1,X,C
0.16151296314819938,1,0.5391097353244532,0.7747383513068977,0.06697296773453398,1,Z,C
1.2145790151739893,1,0.5318056346997234,0.9716756741930158,0.6526298271430618,0,X,E
0.26554096178632663,1,0.4608944913915882,0.23302356031607485,0.02460977967882727,1,Z,D
0.884083887076996,1,0.9401309624304278,0.4887722040685526,0.14485981584481067,0,X,C
1.7707982320537512,1,0.059249341491996343,0.9712447068123008,0.2463320283513164,1,Z,E
0.08120246942199788,1,0.4735661480418166,0.8642159054415847,0.7364369857706335,0,Y,E
0.0031822191503893932,1,0.13727921074467042,0.2608217311300166,0.9585613711643235,1,X,E
0.16769819198479397,1,0.8452599915171831,0.8375453461638338,0.8525565213120183,0,X,D
0.055291389740277835,1,0.19687562273222903,0.04565578350581767,0.5987554244809323,1,Z,D
1.1647118615366063,1,0.23323112339658036,0.16962114260873318,0.4136680071651917,0,Y,D
0.09983513747200183,1,0.37604240955950474,0.9993866861540078,0.66306026891253,0,Y,D
0.5597489272363321,1,0.5815752602997422,0.4471054739676361,0.7784530393872264,1,X,E
2.2600426033410574,1,0.3597212915024861,0.74859799356519,0.07725349201794118,1,X,C
0.017384902257594727,1,0.28907785004916675,0.8982981080412515,0.5305637490218063,1,Y,D
2.5870747421514736e-05,1,0.11974237166206658,0.9177129049284011,0.8028461343929442,1,Y,D
1.0953610027620666,1,0.25511130168662977,0.13094153218801707,0.024819597672361526,0,X,A
0.07496503062613924,1,0.07492244123356062,0.4477238966845355,0.2766957852248999,1,Z,B
0.05302427395536183,1,0.8697729062054981,0.7394169230327206,0.6097565739319708,1,Y,A
1.2395094376422537,1,0.7317272924639164,0.6578401387057989,0.691807491949928,0,X,C
0.4193267316870617,1,0.9784694021388125,0.5350685708213014,0.6244546646664254,1,X,D
0.39219223770092554,1,0.8637326688751339,0.24800349029985413,0.3634181652775065,0,Z,C
0.7302996687401392,1,0.36419639368252765,0.6696909662139211,0.07931119441228318,0,Y,C
0.046234403114476935,1,0.7501717086812364,0.5864156353255361,0.32428262261304064,0,Z,E
0.3007130809328349,1,0.4748336918106576,0.6014134821749826,0.9259805910685913,1,Z,E
3.582935144392171,1,0.5340042600831796,0.290693064153007,0.5198384988060085,0,Y,D
0.044835263325108905,1,0.8573297025488121,0.6808877207383882,0.18470863388272252,1,Z,A
0.15156362679731564,1,0.714737070938262,0.45035629999861193,0.1285416947242104,1,X,D
1.1205074672011879,1,0.33250735627200434,0.12018576075164777,0.07598805599516123,1,Z,D
0.25531791901089296,1,0.3633963872652852,0.8885570082780065,0.23981507165454297,1,Y,C
0.04632805449971219,1,0.17630555403043346,0.5234722088010376,0.6872050748163898,1,X,D
0.036078034414655034,1,0.6218033840548625,0.05948302082009482,0.6800286252505282,1,Z,C
5.318181436853835e-05,1,0.8169849340711297,0.7238403660302087,0.6551943908744902,1,Y,E
0.5922310615665206,1,0.6364311439928695,0.7797525746836057,0.7195564666129375,0,X,A
0.02987133206305338,1,0.05675825125829137,0.5203497332528523,0.3325163350838777,1,X,C
1.2029038321024332,1,0.6491204651041582,0.8417320974309715,0.8246140217658997,1,Z,A
0.5765049513253676,1,0.8554120215217748,0.8420519189266653,0.397531080078925,0,X,C
0.2873767542876138,1,0.3493992761916054,0.5244204794557586,0.7055728557583747,0,Z,B
0.13725112764840064,1,0.0718601516244094,0.4452027557188779,0.5721592343279969,0,Z,B
0.33765553023531725,1,0.9194600389623356,0.7765842541636337,0.9485433595924807,1,Z,A
0.3058588179128939,1,0.004921385872061368,0.6894576894084197,0.3713134911356434,0,X,D
2.506307662418987,1,0.9296292965793408,0.8111756571634284,0.7633683257101106,0,X,C
0.0022055266552604745,1,0.10713539884420364,0.16000922647291538,0.45397661196224903,1,X,B
0.0004412805529294347,1,0.2245547352064946,0.9597052541647695,0.3759941073763612,0,Y,A
0.5262502504425602,1,0.8041006450899724,0.08068733780882409,0.7659743146256334,1,Z,A
0.29841376458693974,1,0.8327855692278447,0.16224107714615876,0.11247124299639466,1,X,D
0.6039140050207331,1,0.965000837895323,0.6816761408614671,0.8946030651143229,0,Y,A
1.274815777680344,0,0.26042632568420676,0.24479327908232051,0.8854522906983682,0,X,D
0.8041091700322198,0,0.8185454295275338,0.47288469692901847,0.49125791325486323,1,Y,E
0.05573397903927259,0,0.3484516383343653,0.34195692013180434,0.5880556587723719,1,X,B
1.4235280141943698,0,0.2022092425416343,0.45321887768446445,0.2486630098204935,0,X,B
0.8685229329815949,0,0.3674139241626705,0.4267542071677052,0.6282337631571552,0,Y,A
1.0343496659795015,0,0.24493788315738285,0.11021027582556975,0.912296032601916,0,Z,D
0.0318280093312981,0,0.9781955213510448,0.1763175215054864,0.8491561666941781,1,X,B
0.5729327809645999,0,0.1237477460810118,0.8463001812758251,0.06144189515368226,1,Z,A
0.06886283179103961,0,0.9442447329125545,0.20113953096236425,0.42276459585758774,0,X,B
1.0892546063792967,0,0.4293204133909396,0.202282704048791,0.8161343635878227,0,Y,B
0.8786582822320884,1,0.6021061679527817,0.5274881361844046,0.8879177390206886,1,X,C
0.00015416199221586556,1,0.13275172350893016,0.35442513360958505,0.6574281817663752,0,Z,B
0.11568307231544714,1,0.7431855168670508,0.8111390512646066,0.4608170472389296,0,X,D
0.9781192544534315,1,0.5511541594451398,0.3153386824705745,0.0102407641880633,1,X,D
2.9273996030189217e-05,1,0.0506241536804064,0.00704039901616238,0.9545206874877753,0,Z,A
0.068603962872019,1,0.6908934386071109,0.7645494168203116,0.3637302201102236,1,Y,C
0.08939359528792572,1,0.31349876672721944,0.05502198498744015,0.7949944422616719,1,X,A
0.8927747065025535,1,0.9105143654628102,0.9059790969541478,0.9103070490064509,0,X,C
1.5366320519581929,1,0.1379641605540396,0.3180719989759706,0.03582670762703455,1,Z,C
0.001108054167897241,1,0.7529055695506581,0.6133521169493587,0.8183926209573841,1,X,E
1.264251899803629,1,0.8952168265455804,0.8890041749298709,0.8857511371317943,0,X,E
0.6643684816753774,1,0.3583019430848151,0.11033133885852442,0.17447737234069194,1,Y,D
0.048868952975762076,1,0.10613444762931112,0.12346268609185895,0.8957484949900926,0,Z,B
0.49990207453407365,1,0.8408287146090533,0.4287693295886632,0.9927489099318472,1,X,B
1.6898058840149572,1,0.48657221737704526,0.699233426481135,0.9871112441411436,1,Z,C
2.2481702877470697,1,0.7794668114861615,0.5046293562729762,0.0012396449058477144,0,X,D
0.19407495595873522,1,0.44781313621424257,0.5464622441811156,0.5325740368434166,0,Y,A
1.532414304694808,1,0.44066452345613405,0.42171955445504694,0.7345593165786606,1,Y,E
0.3502355704631899,1,0.01746485489900096,0.8530819795147274,0.7602370031244847,1,Y,C
0.8568014844813976,1,0.3239887536609315,0.33751681854367943,0.16403457946113909,1,X,C
0.025373626626384573,1,0.16563235767660078,0.5301834119972338,0.7542325547535149,0,Y,A
0.02494125103040608,1,0.0003611715627692691,0.054903382075815466,0.767243720534121,1,Y,C
0.79269231194229,1,0.4632996524519102,0.8127818361883478,0.6393641485425704,1,Y,D
1.2236836991475657,1,0.33082661528510093,0.9644363867464982,0.4289151119524145,1,X,E
1.1890644193213642,1,0.7905362330366773,0.11589733618283182,0.6250749741732649,0,X,B
0.1577749880142918,1,0.34084954480186025,0.18512730693947987,0.3193640113478827,0,X,D
4.5180548193749335e-07,1,0.1470547659490813,0.8505534303739337,0.6682690261939722,0,X,A
2.3097477068657377,1,0.3890038174102314,0.44235468079640183,0.5017312884181082,1,Y,B
0.6166479312430045,1,0.16443201473865987,0.5933038321213587,0.33722044413570074,1,Y,A
1.3018413522704808,1,0.08360818403239656,0.5023084099366831,0.02396166045376924,1,Y,C
1.3173483399306491,1,0.07339671603810971,0.1344054839599157,0.11989917190493593,0,Y,B
2.3019076722234733,1,0.2758904016346476,0.16059137075463603,0.3435560043870296,1,Y,D
0.36368575240412865,1,0.3764230989343227,0.7458357892200277,0.6973086816630638,1,Z,C
0.10343034118687901,1,0.20893304671758817,0.989769513950805,0.37704431538415717,0,Y,D
0.011126495248363791,1,0.023424231611090418,0.6334250841057341,0.4539155941589894,1,X,C
4.9442450317847456e-05,1,0.18103368353056237,0.8014756243276618,0.5213292871784596,1,Y,D
0.17633574077949266,1,0.9562101435046683,0.18469978326835335,0.20471112586165208,1,X,C
0.06058650288225078,1,0.762138197129253,0.6416764689593443,0.14551421238461548,0,X,A
0.0988440967963324,1,0.9174404206632771,0.5981492961931298,0.49326230207782673,0,Y,A
0.00021160166906505868,1,0.7759204628852098,0.8136893748963425,0.9045650471541848,0,Y,D
1.994536079163376e-05,1,0.9284674115699302,0.9521749893756263,0.9243111919606173,0,Y,A
0.3171334061990773,1,0.8059482824356913,0.7890690514233057,0.1637003742620673,1,X,C
0.059692765111114494,1,0.6411921993773586,0.6450327669836704,0.832899435618855,0,Y,E
5.716231911447762e-07,1,0.11963099877544181,0.8848022915720102,0.7303252449969222,1,Z,B
0.5127999546453665,1,0.6987545470954849,0.260069091769899,0.6740252022595136,1,X,E
0.004177131784848494,1,0.23347803089813635,0.43458762353897595,0.9339542762792387,0,X,C
0.3435442209844345,1,0.612147640247086,0.49869114569933226,0.38728819773584666,1,X,B
0.1940002968654456,1,0.5415446138670728,0.1803319925297988,0.36135997271358267,1,Y,E
0.9800299214520228,1,0.7730730795252899,0.8934026961760886,0.6682145765249033,1,Y,D
0.3322686955047442,1,0.5174373944748982,0.02192399903492459,0.7840663567884812,0,Z,D
0.26313934553422674,1,0.2541106772759053,0.9277220241491336,0.7738507799537756,0,Y,C
0.31477644350115275,1,0.36403465111549704,0.059473660961335995,0.8621322886895797,0,Y,E
0.5636145936666329,1,0.9994638828592458,0.17037236522912036,0.5262798579902391,1,Z,B
2.1029053470103443,1,0.22136575904277622,0.279539222468698,0.00277218384007194,1,Z,E
0.16242692550345134,1,0.8954026040005987,0.8736155660818812,0.9047302810128094,0,X,C
0.2849407754106479,1,0.7601021235561922,0.35785365695998295,0.02164610039864867,0,X,A
0.09670652106532618,1,0.940783657547609,0.17152481196290703,0.3045836779197363,0,Y,A
0.20273897861694165,1,0.4580449991925528,0.8333278559998623,0.40475005129470665,1,X,A
0.6388658709938637,1,0.5284022839508645,0.9930426361339554,0.6646519284682038,1,Y,E
1.8466284629296452,1,0.19901212722393724,0.25999077880410526,0.2556719993254576,0,Z,D
0.05853566305171767,1,0.5193031878363156,0.34087471800459757,0.11927730107127621,1,X,B
0.10011035868655895,1,0.9182443681390935,0.9673186515273731,0.10900085788122682,0,Y,A
0.5834215720845394,1,0.26689456384051347,0.8481051684657529,0.7560449916313783,1,X,D
0.4947038443812442,1,0.688238634897694,0.17405357995710047,0.768300858081783,0,X,D
0.623096160230174,1,0.3271071702924391,0.8936862118074874,0.5480057255183031,0,Y,B
0.18383366016224104,1,0.29152439442335876,0.5741181419334732,0.31264823440226774,1,X,C
0.17723833457493318,1,0.3717321971872003,0.9420245918076623,0.695452537481063,0,Z,B
1.9530117804454472e-05,1,0.08448164463682961,0.5248972322924198,0.32643094622113955,0,X,E
0.7610471463558891,1,0.8195608809487468,0.052310965721064084,0.43378737477155627,1,Y,D
2.777561977339655,1,0.010514134052718171,0.9577244515096721,0.3686555773876252,0,Y,C
1.4469453467318298,1,0.2931657399845301,0.49434250157573434,0.18098491684801365,0,X,A
0.23427859452113317,1,0.5701606696916856,0.678421364677645,0.3229141110245102,1,Z,C
0.6975395973527203,1,0.5474586930172497,0.4614624601007572,0.3497255844533099,0,X,C
0.35046565812061825,1,0.3054582260432557,0.5669220931326391,0.7759558107690115,1,X,E
0.24165813890301135,1,0.9186220455740687,0.22748877146690183,0.4814948557775631,1,Z,D
0.03829077173808937,1,0.048719583692781954,0.8655082069572938,0.9527386216697695,1,X,D
1.1315004057698472,1,0.2718477583103073,0.6402693265765905,0.17848219473502103,1,Y,A
1.5138715346898606,1,0.11847369102776795,0.21399797595108816,0.2708740048040671,0,Y,D
0.17670855201422342,1,0.7014040503983869,0.6346416359015363,0.06645666732181965,1,Z,B
1.400664263402441e-06,1,0.09220224298084223,0.5165038782615456,0.43033806778699524,1,X,A
0.2791435195173315,1,0.5269309440652502,0.7982591320307771,0.1214563980688057,1,Y,B
1.2638500164551871,1,0.25242986847986104,0.03030480614120501,0.5315267347487131,1,X,E
0.2107091426745582,1,0.6330638071329299,0.6430864482588992,0.14137823870424504,0,Y,B
0.35427977957497886,1,0.20045308636162207,0.2504102068522762,0.6213940998128482,1,Z,D
0.05285669377783201,1,0.930591418880055,0.6644219551651589,0.9046140464014532,1,Y,B
0.45084954161288865,1,0.8254148253698419,0.6659686057156174,0.8005125709640456,0,X,A
0.9740326579803501,1,0.9929180116893929,0.9274169904657934,0.5346638353232984,1,Y,E
0.037657913605461134,1,0.2185664195940109,0.3559597042436482,0.5206397660358499,1,X,E
0.03836757591545495,1,0.061310247343516755,0.7648241709077344,0.5345157821819694,0,Z,B
0.26551180299627924,1,0.8972451980452305,0.9456009209164712,0.1115023943387341,1,Z,C
0.30410980670485116,0,0.8537817917627242,0.8576759436726193,0.9020366105204017,1,Z,A
2.1796903851595597,0,0.6878847617398419,0.32622843059616324,0.7725519929713955,0,Y,D
0.20572596581428806,0,0.4967841979867753,0.6960810952323764,0.03509998672888204,0,Y,B
0.06763557909106713,0,0.9058549014080779,0.38554708854803066,0.8319469471345203,1,X,C
0.12195715823147465,0,0.003033014331285777,0.5991255806666582,0.6915836554768906,1,Z,C
1.4864457177756283,0,0.9971161366643583,0.6494964297645753,0.20185629677038464,1,Y,D
0.34766967898865214,0,0.8219567637364145,0.6392335815272673,0.5382652244572116,1,Z,C
0.8194807169168893,0,0.05208201563630743,0.5836362449089392,0.1179447179521732,1,Y,B
0.6253060163220704,0,0.1829049872754731,0.7767196318115932,0.9278409230729373,1,Z,A
0.1728207749777329,0,0.7117263716700913,0.7117186712039549,0.7946957243623795,1,Y,B
0.24709189654235017,1,0.8874053981461986,0.8771266791496024,0.8771173160225424,0,Y,C
0.00839168934397631,1,0.1277869237161139,0.7279011646059703,0.629363701982846,1,X,B
0.033640696352870966,1,0.3715057850092114,0.8614291701551112,0.3536026437656178,0,Z,E
0.029051022251336937,1,0.978014488017875,0.4185453118777097,0.40900977609244427,1,Z,C
0.3725582628826956,1,0.8347008365657035,0.9111664944735481,0.004589266816141024,1,Y,C
2.1050275877908593,1,0.9687574094510317,0.9869235128017553,0.9174230797696071,0,Z,D
0.7098250173662874,1,0.9930796032961865,0.3295648110976096,0.008771889501806962,1,Z,B
0.30841944624623957,1,0.6107029850979573,0.38664153310793403,0.034315570021739905,0,X,D
1.8818525930929013,1,0.036571149210872456,0.6995679598386549,0.04076977347134769,0,Y,B
0.5892034422793294,1,0.8386559118144484,0.17622817178405525,0.19359959924003523,1,Y,D
1.168233757337788,1,0.5320838867875551,0.28553697716343274,0.634190126338678,1,X,A
1.1817556747322464,1,0.2873563421436589,0.45173529996832207,0.21848816461342746,1,Z,B
0.16902695574064688,1,0.8520263695516048,0.5320411015184945,0.8576918287979437,0,Z,B
0.00043196286573602967,1,0.66344498811921,0.6794112181182832,0.6000685533622281,1,Y,D
0.4475590229696425,1,0.6624715826612949,0.8356214702550637,0.21225891680825204,1,X,D
0.8057305156431879,1,0.49535905469222685,0.01676127948653172,0.06680416345324891,0,Z,E
1.0690513107349087,1,0.456295216029889,0.013341000292049987,0.07892245471391723,0,Y,C
0.7233293743804741,1,0.8355964685935342,0.1645800870870403,0.11318151738958315,1,Y,E
0.16593809569447804,1,0.40118653215079836,0.4788261287204447,0.4807551707405171,1,X,B
0.026256538575538176,1,0.9314443287348804,0.8029125202866423,0.8366016800330283,1,Y,B
1.6820992182583678,1,0.2029638548436814,0.6641020735643843,0.1403508301673223,0,X,B
0.002514742269909136,1,0.18312269998303654,0.3184813613279226,0.8509774044156333,1,Z,B
0.2814487857736421,1,0.6247665280316339,0.46548647032137513,0.8010636097715654,1,X,C
0.5758015729576373,1,0.8611718291840419,0.8682687658015023,0.48599564024513453,1,Y,D
1.3554750527367214,1,0.14595143226513896,0.15716939411628128,0.2184432845934119,1,Z,A
0.5012110946214555,1,0.07859859049327178,0.03418182691724414,0.6882963068051831,0,Y,D
0.5809761238448342,1,0.5550330125534036,0.8151271016154488,0.9074674102469643,0,Y,A
0.6519368486252063,1,0.732349911957654,0.5704590542305304,0.011977965745791574,0,Z,D
0.18121663033523505,1,0.35486088465323407,0.4312562103435813,0.8088939246140637,1,Z,E
1.2592225034500444,1,0.7207156405395335,0.850328710820508,0.8914481075243953,0,X,A
0.047699144968908265,1,0.3061154247024124,0.14472615155967838,0.8281594395367203,0,Z,B
2.507265809083448,1,0.22042043527542832,0.35089338993251373,0.249829558183302,1,Y,D
6.708243588390058e-06,1,0.14413339938701086,0.4293667895424176,0.276113572919378,1,X,D
0.28329038459601164,1,0.9874376503786872,0.08860974453505843,0.04601105519397486,0,Z,B
0.2387733769645618,1,0.07748804394372344,0.7405269742282313,0.9855951277830038,1,Z,C
1.891708292867051,1,0.26357345220210127,0.9690962220335027,0.3627307538153649,0,Z,A
0.5973735775551033,1,0.565945986730401,0.2054763270621378,0.13536024189581009,1,Y,A
2.2320269717510607e-05,1,0.13802730911411587,0.5930594710215786,0.8804052401448631,0,X,B
0.9356016671859614,1,0.5449797138891517,0.6354329815271769,0.873828156665142,0,X,C
0.12572200425857763,1,0.11403068503327873,0.49155730542778475,0.859015113373951,0,Z,C
0.0034317796778410253,1,0.7394746645098037,0.90052852921591,0.4557685119846352,1,X,A
1.9465203557232695,1,0.25946482874876153,0.6733672232932442,0.2922726897653093,0,Y,E
0.05305208309748426,1,0.35804984464989065,0.008014497646417262,0.5210428024369287,0,Y,B
1.777126270911807,1,0.4308396392834267,0.6748442012519937,0.3517291924504037,0,X,A
0.04149884215494098,1,0.4746640162928195,0.12976609612288625,0.637457678383667,1,Z,D
0.12667732636848472,1,0.6731639012263663,0.707297420732159,0.1978645932127182,1,Z,B
0.5458480257997999,1,0.7201901537982051,0.3953913424504871,0.19003054037023637,1,Z,D
0.0047041094642442036,1,0.10752688583178083,0.95576759762898,0.9150431415192087,0,Y,E
1.916055072072239,1,0.33534134693312256,0.4535324740995882,0.2778709825044139,0,Y,B
0.004866471195922678,1,0.20996348129076503,0.6280587265126851,0.43069278040545544,1,Z,A
1.2199190068623984,1,0.7193233173143098,0.9708330202008618,0.1665017200896689,0,Z,B
0.5000481012523708,1,0.8379070440089514,0.14725144600398177,0.056848857932888075,1,X,E
1e-09,1,0.08857833961940342,0.6634797000527402,0.5948837556718927,1,Z,A
0.10754873265819391,1,0.4316361196825115,0.6528024703364083,0.3875921284067415,1,X,E
0.4395063487922457,1,0.36967121524767776,0.6378434433464478,0.2219642852622158,0,Z,D
0.21447553384798343,1,0.8455486971363078,0.5075581485042533,0.590948239720126,1,Z,C
1.0873634207144415e-05,1,0.11507490900863826,0.9838635603755397,0.6474125831399998,0,Y,A
0.3235050464235102,1,0.48361202173433226,0.394034759441413,0.9266474472067047,1,Z,E
0.00012844455180911052,1,0.08756742540825602,0.5724078596509695,0.4234231027315656,0,X,C
1.1032507489457979,1,0.9793932787554495,0.10310321096882324,0.7710333884794739,0,X,D
0.03375801788056264,1,0.420344211505711,0.37901702057510933,0.6673715257525343,1,X,B
0.10387687965691265,1,0.8052310933498983,0.3924657372672957,0.21081873153242192,0,Z,E
0.019269154552888284,1,0.7389622932973604,0.7392689524882993,0.9801711651363378,1,Y,A
1.2648942763820201,1,0.9683128146472407,0.509933490057489,0.03564176069222791,1,Z,C
0.910013469851479,1,0.6314984494721866,0.6927934377120157,0.6045543665852037,1,X,B
0.142988945980574,1,0.39766679165291574,0.5014351752159173,0.01980820987409626,1,X,B
0.339338801136684,1,0.506515920835262,0.24033157075882605,0.8533838477696286,1,Z,E
1.0509239212510169,1,0.10110521385103843,0.7045356520495974,0.07540918864682178,0,Z,D
0.01710719893215796,1,0.04465827941299383,0.7909379033852426,0.6072609716270225,0,Z,B
0.05394023257897904,1,0.8735069766889205,0.4691039848250971,0.3757713519704815,0,Z,E
0.06062660400661685,1,0.17823448372052164,0.2180191422958223,0.662661441296416,1,Z,C
0.5666642440291869,1,0.4611123404813894,0.785967245454361,0.5011730954486118,1,Y,C
0.0007246299244977632,1,0.4271539447994932,0.6615678105168322,0.7485906354734635,1,Y,D
0.6212294005759614,1,0.008004133406278702,0.054710517202136155,0.3666815714385445,0,Z,A
0.12245390367705027,1,0.9165955675654369,0.8414640044725624,0.9046537082614644,0,X,B
0.474257609064677,1,0.43684975394610803,0.4690550157721064,0.9326902382859329,0,Y,D
1.8134215817914823,1,0.26066503823505016,0.9647411028282805,0.5377624880005114,0,Y,C
1.5400310765074137,1,0.5733100703792844,0.3498632709071676,0.6848992222485425,0,Y,B
0.004940128419036331,1,0.194600762031523,0.9343919336087159,0.7763037632181393,1,X,A
0.00010016936494429672,1,0.20668425442381533,0.3381725052420159,0.7360622373657494,1,Z,C
0.7652953596427003,1,0.9339330771914341,0.5253588262532055,0.9790750713859336,0,Y,C
0.2555871966071274,1,0.6475436227843936,0.22577943701821246,0.9617796564183898,0,X,A
0.008097758346428435,1,0.09460633637416216,0.4413762887703495,0.291417785775574,1,Z,D
0.6473786820574252,1,0.5947174070193353,0.8375779268458899,0.81123553356562,1,Y,B
1.4763366946306036,1,0.28686436235044943,0.5281892685940945,0.5019413556738623,1,Z,A
0.0023854588830091172,1,0.11971082400320654,0.6934486181899773,0.31172805970861794,1,Z,B
0.07158753710014958,1,0.9611967943488161,0.5529385845663511,0.8482819367992358,0,Z,B
0.5414978088219253,1,0.23460810412026567,0.1730228060250134,0.5501412540079389,0,Y,C
0.10102522789932306,1,0.12900650457040408,0.9087179115313607,0.41673198746611395,1,Y,C
0.11541801330812144,1,0.7697644864540485,0.6183393970985395,0.7432121551501581,0,Z,D
3.3942163680286006,0,0.9123413817783834,0.9589247897609239,0.5600022536709018,1,X,A
0.4397719905351865,0,0.16826231110084344,0.15185002095882993,0.26734820171826623,1,Z,A
0.5165717697639347,0,0.8708833159142546,0.1881902797826639,0.9278270333841302,0,X,D
1.0504535465966645,0,0.06670023061445352,0.8762889271323656,0.12389370751364193,1,X,B
0.5065037671463697,0,0.6364974083928041,0.8114067455696233,0.5287123731456258,0,Z,C
2.2291730244333223,0,0.32735710405640017,0.39412653078485305,0.11020835718442501,0,Y,E
0.22020451663881166,0,0.4551230404102006,0.5679830630334439,0.8593363214388571,0,Z,A
2.8202825776168203,0,0.5940972149676697,0.3656785313283102,0.9654886338659578,0,Y,B
1.0179136405229545,0,0.2575355436568816,0.17898586996458044,0.4485960319249377,1,Y,E
1.1387322184142543,0,0.3911723152561918,0.672184561267121,0.9544949638723832,1,Z,D
0.07606727634250858,1,0.02376842560830228,0.8614562760960872,0.9325704645398056,0,Y,C
0.31592469190912786,1,0.8140121982545547,0.5510118613896162,0.6816243855672155,1,Z,E
1.2221462685171138,1,0.7895429465771613,0.44168464880315517,0.7846468668210639,1,X,A
1.4366106610135776,1,0.18174565072918158,0.714854221519141,0.0806882948623725,1,X,C
0.23967879943067077,1,0.5799691516083468,0.8831700988598408,0.31848615692309035,0,Z,D
0.0014979335201383548,1,0.5688145551692321,0.6140766560898211,0.7819391088754956,1,Y,E
0.39234334850421426,1,0.4119995805992729,0.4258877833958187,0.12584633422751013,0,X,B
1.0703845701462933,1,0.26743028076015796,0.45685963749768355,0.929788931722684,1,Z,A
0.16163340236110918,1,0.07041796818635049,0.7455061012297727,0.29939044386157965,1,X,E
0.3119224527349996,1,0.817940613187151,0.12673518936852235,0.08477081080258886,1,Z,C
0.3441934486401683,1,0.5618849172474331,0.47807563769379346,0.8992311137484439,0,Z,A
0.6340537661352205,1,0.35556088757017146,0.038105595583258434,0.6877262051296268,0,X,D
0.011015133608484037,1,0.882454226018598,0.6227128451113829,0.6576355560784136,1,X,A
1.314484155355193e-07,1,0.030714993768379384,0.0036335045319528803,0.3203055382476955,1,Z,D
1.782213091857017,1,0.2604162161981245,0.7125202703195621,0.7189720476504713,1,Z,D
1.0298197566048697,1,0.16483285765026645,0.2106785013222514,0.20921452494845938,0,Z,E
0.17482234215325848,1,0.3899509351092868,0.8891598318677042,0.6000792673037643,0,X,A
1.4892393542446263,1,0.7962765107359149,0.3740985404604992,0.2970442742337188,1,Y,A
0.004511771454832152,1,0.20354409415129715,0.322689538526196,0.7672523452453079,1,Y,A
1.3774325120770854,1,0.5536787137332364,0.15464025101216405,0.6597205956990453,1,Z,D
0.1522948965175776,1,0.8071968599478196,0.13557085742904296,0.924116076004095,0,Y,A
0.0292867036549344,1,0.5650351018102213,0.7373985033628034,0.394377425027421,1,X,D
0.07614748872666004,1,0.5666990678343525,0.2081093875402188,0.9007567090405257,1,X,B
1.0747811995835501,1,0.8038085760348012,0.9232702549153678,0.5589231666749185,0,X,E
0.6921841258165927,1,0.8408949417161183,0.1315620274329482,0.9327105473759018,0,Z,C
0.22495991704666685,1,0.8835662350017058,0.30729625269352034,0.7645724654829855,0,X,D
0.009903667896180687,1,0.21810842661878838,0.6279269953122116,0.8905465360529197,0,Z,A
0.09781344254034598,1,0.9138933952652744,0.37424642043676704,0.9589572170864534,0,X,C
0.35812712073465663,1,0.8915249927996094,0.10948317229366633,0.9157167467307961,0,Z,C
0.178363323211227,1,0.5492385614609558,0.5967139492711557,0.8831053979164101,1,X,A
0.0015012225414183361,1,0.1350213073857185,0.5608920210636995,0.7645699907606962,0,X,C
0.2652632890193799,1,0.9091834848037974,0.6719823229792531,0.9950243828413619,0,X,E
1.4841298164621548,1,0.7615448716117015,0.6285445400613415,0.9380584000934535,1,Z,A
2.982902045584703e-06,1,0.11325356965336586,0.29184171742272413,0.609116005432334,1,Z,B
1.3217278321501487,1,0.06229726053871032,0.5644431312524724,0.26135485459497654,0,X,D
0.4207271727744475,1,0.31700226927001374,0.808731900332925,0.21145623044010087,0,Z,C
1.8667295264649155,1,0.44138328811868943,0.6876189579969934,0.060879622559442015,1,Z,B
0.18410776461706602,1,0.40103339483340805,0.9677814173135741,0.4348293918210372,1,X,B
1.7340860023611218,1,0.24502506904213361,0.962081618272058,0.8719493993661969,0,Y,E
0.3546745966052841,1,0.8484763362065644,0.632524104329508,0.20130375819001634,0,Y,A
0.007401403884960444,1,0.11667214596700948,0.4970024085828756,0.5527331679426971,0,X,E
0.7615611087160119,1,0.28002298586142416,0.5909353279286225,0.4898025264970265,1,Y,C
0.47852611399677175,1,0.44259902180583566,0.022635536163972958,0.23998585480350643,0,Y,A
0.011742799827486433,1,0.5783589540105122,0.6823614198171201,0.7169786490705788,1,X,A
0.006321428940303564,1,0.9277178625094679,0.6617973329373764,0.8773670031564373,0,Y,D
0.6891602002869704,1,0.60666960816071,0.0613039681933325,0.11667498426948142,0,Z,A
0.15566096652592726,1,0.8907134104235862,0.16949016369198922,0.8379943423833367,1,Y,D
0.07933244988077241,1,0.9114547469858864,0.4934760323336874,0.7716414891750206,1,Y,A
0.2539699858474731,1,0.44663823470114006,0.2584001445473776,0.6692485526184142,0,Y,B
0.646651410522691,1,0.5846758631370366,0.7656961129681307,0.42397753907857805,0,Y,B
1.1340548257623297,1,0.8045367036489424,0.5830446401357229,0.19816164966784866,1,X,A
0.6002402089281588,1,0.39860473780113714,0.5380281011885519,0.12171202242993706,1,Y,E
0.8354049579811113,1,0.9797970025354991,0.38711117109310955,0.4583532892371017,0,Z,D
0.12853653259943343,1,0.8103350008366847,0.5630555647343144,0.31636504373954055,0,X,A
0.08507080295481272,1,0.61905225702055,0.7446148130293225,0.971380251977698,0,X,B
1.536591098300293,1,0.410171095957948,0.012933166097581994,0.6140601815143581,1,Z,D
0.5575580063709767,1,0.9928446749544009,0.4751637782177517,0.8173194645865387,0,Z,B
0.5153447777686899,1,0.35786814804515577,0.9449640969442962,0.3509254164149782,0,X,D
1.2477321285345302,1,0.26701941894037384,0.5785714230443088,0.7279264037876452,0,Z,B
0.7641063220894281,1,0.7410438803619112,0.6985368081520167,0.8523189127597128,0,X,B
0.22052823425191823,1,0.35514929260980854,0.389892088942953,0.3697380931539971,0,X,C
0.4992006435364715,1,0.37496508942995443,0.7397652201723496,0.6833250296422244,1,X,D
0.15034649617723037,1,0.30969367352411714,0.361433803075794,0.003631169113263666,1,X,C
0.43440953390685166,1,0.6907442706883299,0.4915655739218441,0.8541832096464435,1,Z,E
0.36091298941974537,1,0.4805191742477255,0.1209409632644236,0.7777092074411222,1,X,E
0.3307444253532306,1,0.7839131290212856,0.4302473799679495,0.050275802807607683,0,X,D
0.31224045909589004,1,0.2960955040891948,0.5020154224415332,0.19177271228182113,0,X,E
0.0576659484890831,1,0.09974114366766296,0.7477432928418389,0.44761037986160723,1,Z,B
0.26639857913668785,1,0.650139193710645,0.12707901547888867,0.5868289737870603,1,Z,E
0.0031042330232603755,1,0.16240839608125435,0.8781947753013205,0.7345273119341901,0,Z,D
0.0017102871104279866,1,0.14449896125802753,0.6767275724174677,0.8147207125012473,1,Z,D
0.07781808872416482,1,0.10930899372615144,0.4850203069475745,0.4401308823375589,1,Z,C
1.765801029680249,1,0.017847523953120503,0.44725582480132464,0.21531864911478782,0,Y,B
0.5154197455631692,1,0.8206978344724704,0.6167593289635807,0.015660748265339586,1,Z,E
1.102007536783829,1,0.8474185517519899,0.3297045605191842,0.7243409072830871,1,Y,A
0.5242916285977228,1,0.947219377975728,0.8973299978213994,0.35002989507102744,1,X,A
0.7121612175927189,1,0.6539186034743888,0.7688400046497728,0.9412254916339576,1,X,A
0.2637945303701102,1,0.9761519096675318,0.5792117267430756,0.8935155510311943,1,Z,D
0.1798817300665876,1,0.9551355438131651,0.25401318069114276,0.7337880873970026,0,Z,D
0.20592176379684607,1,0.2942088431460562,0.7829928813430318,0.9995166476181006,0,Y,A
0.04027851042558157,1,0.16075784232182877,0.3475460467985021,0.5148251601492774,0,X,C
0.0007837182597391771,1,0.11364863690909932,0.14982580105491627,0.44364077270626134,0,Y,D
0.02278745165449879,1,0.6458312970124143,0.5570200778354082,0.8851504624852805,1,Z,E
0.21490008165279542,1,0.2548590244323362,0.9951661068694669,0.6439931449504025,0,Z,C
0.022894872428903725,1,0.19268654457652945,0.7689524908649917,0.972350799819652,1,X,A
1.043186011596656,1,0.2889342922064524,0.47216252289961846,0.4245723580070959,1,Z,B
0.7564491888872276,1,0.2391197484946238,0.9890211047632131,0.49596630601337177,0,Y,A
0.5397151918946297,1,0.0020996433420611416,0.6473157311202536,0.2505264928255546,0,X,E
0.08720108957383386,1,0.3095953668710876,0.06461861929227675,0.9659956749879584,0,Y,B
0.6038820167382491,1,0.7647903852780458,0.302255809509821,0.5930466161206834,0,Z,A
1.8230297073697628,0,0.5756198844005301,0.3775905566153306,0.7380606695532212,0,Y,C
0.37922492997079327,0,0.653348470017006,0.4971430147034136,0.8487188859837582,1,X,D
2.626691941267595,0,0.8901801087562029,0.4451081278828778,0.19717991668803114,1,Y,A
0.45791038891844327,0,0.22571451136426757,0.8184928847072267,0.07207207909970126,0,X,E
1.9788901724581243,0,0.2869901254787408,0.3892978768358094,0.2918057775698355,1,Z,C
0.8310381819515608,0,0.9872210814990324,0.9901280507001672,0.5376601799624151,1,X,D
0.8617112006419843,0,0.7641573992915104,0.5022620355176293,0.5248426432885812,1,Y,E
0.835817824058328,0,0.24077425028448418,0.20159070591667871,0.8574460490805809,1,Z,A
0.9494504452877507,0,0.37972877283489204,0.9844262615865808,0.2932390138261901,1,Z,C
1.5922529381665238,0,0.1608195000140068,0.8955460385557605,0.10827829719026627,0,X,D
1.3764901127475353,1,0.24774417532156146,0.20107188041348778,0.5035348272181757,1,Y,A
0.19563070974900537,1,0.00446907243125283,0.8368413458068169,0.9918820745811425,0,X,B
0.005316288845017572,1,0.17804198367960833,0.3244435171393816,0.7304053951280822,0,X,E
1.1180002653167418,1,0.2719614297826294,0.20323095984148487,0.640014676293815,0,Y,D
0.38728860096896206,1,0.5959384684331004,0.07958500797427248,0.640976453838366,1,X,A
1.2367585564835448,1,0.17781538531662022,0.04993151302405319,0.2357630431367288,1,X,B
0.33037440948404245,1,0.41958994846663555,0.20599462689464998,0.0100370004698489,0,Z,A
1.0585448559306603,1,0.828929403715187,0.24993674507313746,0.13682614190486175,1,X,C
0.0542356274697014,1,0.09578074077095677,0.6490320163009086,0.47399073919608914,0,Z,A
0.2767359725458011,1,0.5353703246553848,0.1481577948481514,0.4646334063552521,1,X,C
0.4417137306481935,1,0.3190934398001082,0.09397128970682578,0.3171443289886814,1,Z,B
0.00039467311790258175,1,0.02287141216764299,0.3548166585016186,0.8191277918921138,0,Y,E
0.1527533873309306,1,0.6518826228489271,0.03845580071898691,0.3308907462107017,0,Z,C
0.7173560277344565,1,0.4163136017778466,0.2792750377946802,0.9756244582568444,0,X,C
0.21108446581338378,1,0.38496779134199,0.5333949743774208,0.36064812761717335,0,X,D
0.9837889699689367,1,0.2604055138751059,0.22980862860880258,0.0881787594818979,0,X,E
0.9987970693044539,1,0.8553443314000337,0.40467751439343835,0.5440841287846788,1,Y,D
0.7906259045959854,1,0.5739204840073,0.5022867373674258,0.25820670027057835,0,Y,B
0.2704348564903141,1,0.2027553379760908,0.9322514926165811,0.8188478337426716,0,Z,D
0.2877828803403008,1,0.8423747553710921,0.9617465983460538,0.7766625880760024,0,Y,D
0.6711029719537398,1,0.5155207416537487,0.5515528759091656,0.9513515535404286,1,Y,B
0.7937939563105824,1,0.43926753971732424,0.05488181978600737,0.7151324876360354,1,Y,C
5.029130338819013e-05,1,0.14536975218774617,0.5498110327179614,0.640320069287388,0,Y,A
0.13918747381824215,1,0.8472104257182376,0.09647386928478796,0.5450485377081383,0,X,D
0.2784549941034849,1,0.7743385043799236,0.455003042173712,0.37199819885718755,0,X,C
1.0166975031540613,1,0.7512696631978193,0.37234773358569984,0.14373233284175202,1,X,D
0.4529879795638876,1,0.4428619597121728,0.5818793849202755,0.5276268808334299,0,Z,E
0.17153571514448235,1,0.26116082900909343,0.9064626238140445,0.17929987517723067,1,Y,E
0.20379123739990562,1,0.8765992770352165,0.11758333428931345,0.9330216275197957,0,Y,D
0.4222148516352605,1,0.6536418895202101,0.5498118339322365,0.05206899403855081,1,Y,E
4.151052774778465e-08,1,0.4280271232873746,0.9440721764532586,0.628659365137159,0,Y,C
1.2366720995287135,1,0.4033986190523786,0.9499377397746327,0.7446053540443354,0,X,D
1.0006351263185675,1,0.0019363461118242498,0.13331912611500085,0.8102782603428907,1,Y,A
0.44840575077775,1,0.310713711875088,0.0059354106069721135,0.8549949191377775,0,Z,E
0.1312425175856404,1,0.012451907604538182,0.6731270476512758,0.9376100633909056,1,Y,B
1.7437096683790856,1,0.7246741368205794,0.023332691961852392,0.280036829590415,0,Z,C
0.21715014330206572,1,0.4772529878587459,0.5974998097824803,0.7465824625108582,0,X,A
0.3910996004728703,1,0.9974245333975359,0.10772181838046646,0.6414219712945716,1,Y,E
0.00279799368316675,1,0.09763504782699284,0.326561496402054,0.47349735567348616,1,X,E
0.10503692237772505,1,0.5693877514123298,0.7380138241690517,0.1733122069024906,0,Z,E
0.4051750399065664,1,0.7996320998178449,0.7107565763268817,0.22289560011363274,1,Z,B
2.8400745540880683,1,0.44758510723733813,0.29637044313580485,0.6859443405953649,0,Y,D
1.1117227233051448,1,0.9164856415056032,0.1302524776379712,0.6129063985465488,0,Z,D
0.12488777419096837,1,0.9854122730081645,0.698540346044965,0.732275356970808,1,Y,B
7.139440784163643e-05,1,0.22032330942485856,0.6442963243410097,0.4840210643894822,0,Z,D
0.54645625669498,1,0.5056873399190309,0.6078075312297959,0.9764681429150313,1,X,E
0.1426609505764258,1,0.31772176467315494,0.2088535976095982,0.6732112203651203,0,X,D
0.9482392862482075,1,0.49960079027157056,0.03530346125577233,0.5515025003659855,0,Y,A
0.019455190711077257,1,0.16283802807093029,0.8477689845595991,0.9162325711883541,1,X,C
0.19577480686801976,1,0.6501514312554997,0.8923080758195453,0.6732012218138584,1,Y,B
0.20101090884156725,1,0.9484327237643412,0.010993105345567855,0.09404017581205515,0,Z,A
0.8839941625665583,1,0.21194705977950357,0.8883006352539478,0.7984084190255906,1,Y,C
0.14953911164303335,1,0.702780198313989,0.4637938014687404,0.263355283776301,0,Z,B
0.966735398088164,1,0.8180533696815612,0.29544781733758596,0.8035531124676282,0,Y,C
0.21616540886740918,1,0.9254860940937392,0.21562605079052266,0.6205855672814631,1,X,E
1.0259440086356124,1,0.10492313951208454,0.3943156015481346,0.9946483651606417,0,Z,D
0.19797478836191482,1,0.8417517849302164,0.009686487598133176,0.7623845011667998,0,Y,C
0.1017027899503429,1,0.9485318357120341,0.7175595812954988,0.0639907601187868,0,Y,B
1.1416534830227711,1,0.6451109367041553,0.2847796025263062,0.4126760076764209,0,Z,E
0.11003737746915009,1,0.5969561399098844,0.6484452805491177,0.36722344285282416,0,Z,E
0.5649617534470908,1,0.41071996335568406,0.330865399772696,0.1902054609066013,0,X,E
0.002155687122759295,1,0.10022413351327142,0.5612502139117872,0.9312012094699624,1,X,B
0.00022222536664987078,1,0.06663152163657526,0.5375689829015228,0.7448891095072354,0,Z,B
0.031664305394672944,1,0.9503875167074319,0.6907060864059995,0.45103802140397364,1,Z,E
0.21692701746623252,1,0.8705711945187754,0.7567693464993098,0.12386757813206917,1,Z,B
0.4467930175350441,1,0.8317134538545193,0.053262627787330485,0.9358635908887655,0,Z,C
0.0388281483587077,1,0.1500701488081848,0.8541129999530425,0.934828874957201,1,X,B
0.773720049116841,1,0.7564908485183572,0.9235211145639407,0.5677478636839285,1,X,B
0.8218869969432274,1,0.2568924732300758,0.589052747456065,0.042166112596314864,0,X,B
0.008052834851001884,1,0.6860868662223419,0.744289491658313,0.9884572555956844,1,Y,E
1.1785635210294587,1,0.8752760580813584,0.9108748624039074,0.089882501529431,0,X,E
3.173817265541866,1,0.8298369721507475,0.9208809012064166,0.7987237338963808,1,X,B
0.9827138897495089,1,0.011588920301829564,0.3541844723687352,0.46730640151843006,0,Y,C
0.004886680940421304,1,0.9726151952814333,0.6046908396960117,0.4224782249423574,0,X,D
0.006151080112705423,1,0.018635434579703736,0.3193175933910144,0.7628785229234625,0,X,B
0.1119688390631114,1,0.8097043939665987,0.12797806981380244,0.5701289211019024,1,X,C
1.7688661023719399,1,0.23986596358889112,0.09211636957995673,0.4199304496117504,0,Y,C
0.13580441735590895,1,0.321576918791753,0.1069024877448832,0.33139494461358443,0,X,B
1.5326278040373948,1,0.873981634910585,0.6585530265326899,0.4898430352725496,0,X,D
0.2183560276162247,1,0.6811396859591103,0.21277916592063195,0.7611468301635993,0,Y,C
0.10911229355892446,1,0.516994907069855,0.21198163372079792,0.8974352448261791,0,Y,D
0.8149348490227326,1,0.5925710587183024,0.8242977186808814,0.4821721494368537,0,Y,C
0.024925617463913745,1,0.7050014169374392,0.7169661896962617,0.6534508364509696,1,X,D
0.02564121431100395,1,0.9300034573922864,0.11815081854771015,0.15966429569709406,0,Y,D
1.0470950918224602,1,0.24325778713688784,0.9825717309403373,0.1232141820816337,1,Y,A
0.5921918218173603,1,0.8806921187925904,0.37536832043821644,0.28969311407362186,0,Z,D
2.937296931192291,1,0.8551909192979407,0.3297070494149221,0.19123715334954783,0,Y,B
0.9453361324012453,1,0.25135667798343675,0.4042906772101572,0.7500532546793376,0,Z,E
0.3831832458877108,1,0.5647462167768619,0.36530786514295466,0.9936851782901261,0,X,D
0.8046261543310096,1,0.8048933742679757,0.1315923655045672,0.05794699775126555,0,Y,C
1.180257638207536,0,0.2556153048035599,0.6237979451160801,0.6072000896184961,0,X,D
0.6081979369448581,0,0.18240087623418955,0.6263160580694443,0.15688242834283606,1,Z,A
0.34426199440622957,0,0.3523452431740077,0.4291277464039439,0.1876029935856598,0,Z,A
3.981331123187033,0,0.4381057966194153,0.9771456689292862,0.9646991336488788,1,Z,A
3.4904426967859474,0,0.9473993071268704,0.9221906395281593,0.6492247821571154,0,Y,E
0.4653781650105258,0,0.9584895354260493,0.7235179014511209,0.4553220133283873,0,Z,A
0.974971499878341,0,0.5418323509372295,0.2691905148809597,0.09221559035304272,0,Y,E
0.28594297160482773,0,0.3640458929392313,0.1350506152171279,0.8259693724260583,0,X,D
0.6506789267114228,0,0.03388192804738699,0.9449485936363169,0.082772140520471,0,X,C
0.07444314551643914,0,0.9232275796308755,0.38507020386439617,0.8766737714399149,1,Y,C
1.5985995934992658,1,0.25624002441507565,0.4131689211765627,0.48407113723851447,1,X,E
0.10610796605560524,1,0.7392649318739235,0.9154421556081919,0.2784748788086753,1,X,B
0.01204012584799207,1,0.00219123839865476,0.2376077883922446,0.8746009313304391,0,Y,C
0.2079564235717859,1,0.8381342614910372,0.7282338918201624,0.9503909653971307,0,X,D
2.3683024905905428,1,0.049820808461897625,0.4791851186114172,0.08549971073707363,0,X,A
0.21924641736576247,1,0.5161736291536425,0.7585453798881151,0.6530470897848876,1,X,B
1.358272080599357,1,0.25549756886331354,0.653331961588472,0.5266131310450122,0,Y,E
0.02947066187248709,1,0.06574172602166484,0.40179843424675765,0.9413466134084872,0,Y,C
0.41153667425746965,1,0.6488673873982839,0.6768789624799599,0.5324619927096275,1,Y,B
0.36337350995673195,1,0.5197226163979013,0.5423292761302888,0.2891879839168755,1,X,E
1.4778288872377143,1,0.7785404773859476,0.14697032421983658,0.6201719743159538,0,Y,A
2.28536775891413,1,0.5566562079607688,0.6190821642589236,0.31241214112982907,1,Z,C
0.5903259610683239,1,0.31149716784273396,0.28250968228503626,0.2673161867454066,1,Z,A
0.7860563051913134,1,0.7923843537690158,0.6974544624461417,0.13525180759053257,1,Z,A
0.21583070975012061,1,0.5129264502184736,0.4220142945735168,0.7171818232118798,1,Y,A
0.1932258598902344,1,0.33726292399339064,0.0692969400534017,0.19254979326623878,1,Y,C
0.13989025648423928,1,0.5967898609394205,0.5888485900194835,0.4754961226055655,1,X,B
0.32234455787921956,1,0.06726043988122954,0.5304941969671554,0.673156635151043,0,X,B
0.691968392772344,1,0.4605064872003666,0.4174627112881455,0.2975504682726673,1,X,A
0.5394931289176652,1,0.37699246386950347,0.6968718154377341,0.43428224145738026,0,X,E
0.2758743859789544,1,0.6175921273046655,0.10030186860673362,0.045820856043960356,0,Z,D
0.11880758626779976,1,0.7149379000967038,0.6045461068001654,0.4263906549594946,1,Z,B
1.6802154516006544,1,0.8924910410270412,0.9954552036071056,0.6681463517376321,0,Z,D
1.7427736815311894,1,0.9718035197457464,0.35254630402660003,0.06291134151305855,0,Y,C
0.011368977247940617,1,0.22646175919076905,0.7152865743429556,0.34451931752950493,0,Z,D
0.7079923483065154,1,0.8070836260567423,0.5139143762827474,0.3147653324824514,0,X,A
0.23931318698921297,1,0.8165738742750631,0.839892653306876,0.5913095731958372,1,Z,C
0.3234859736665694,1,0.7405037081690905,0.6116139927145712,0.2094595244763664,0,Y,B
1.0888542561977808,1,0.37265429852305176,0.7791670053794271,0.971124417449055,0,Y,E
0.002433977343770242,1,0.1772799297764237,0.5914057582073803,0.8622974462944096,1,Z,E
0.4222557394142158,1,0.6022030337592995,0.6049135980611725,0.9126219210091665,0,X,C
1.5951972665086236,1,0.2700813646127844,0.5665536466320076,0.8393292930226391,0,Z,A
0.12241603979105249,1,0.7783392005307243,0.8424616281576736,0.6964497792775047,1,Y,A
2.056311633342965,1,0.23558901408371924,0.7860383061416949,0.19583381910803455,0,Y,D
1.229121243548759,1,0.6772055017321205,0.3862016672770483,0.4926275388385426,1,Y,E
0.3574225488788153,1,0.4481551697220638,0.04940454785939652,0.09572327766744326,0,X,A
0.30911064315851156,1,0.19558234581516842,0.6602931258983965,0.47149648448785897,0,Z,C
0.20239808243013252,1,0.8150062956770383,0.5383218754879537,0.19460508443594404,0,X,D
1.0642120586744885,1,0.5751488224501193,0.6748982284096299,0.19031880105076837,1,Y,B
0.17439072572105954,1,0.6925244770171444,0.408461866246993,0.5206044330010338,1,Z,A
0.18139411563663677,1,0.5473838602992126,0.2154061535281846,0.19787000745411554,1,Z,A
0.4268615700607539,1,0.6322442219737148,0.7397462414149053,0.5583280197304451,1,X,A
0.24907283498317306,1,0.8001990924953124,0.7124811151634559,0.3428866765130023,0,Y,D
0.6514447118157627,1,0.3084610491814669,0.959850742478234,0.681261083363656,0,X,B
1.831208337303271e-05,1,0.16313899059756876,0.9485293396166312,0.36219860433245243,1,X,D
2.1267443915071285,1,0.27490155413101935,0.12254873375079378,0.4504269974262899,0,Z,E
0.5118870890749088,1,0.4274575725937081,0.13288179071226391,0.14447068306136512,0,X,B
0.004184864618009389,1,0.0310688374040905,0.31196303800122893,0.6353116225337474,1,Z,E
0.3168714609639697,1,0.4945563970721585,0.0513063454133853,0.2845991668844309,0,Z,A
0.00032272448512690564,1,0.09114733357473359,0.5305694013707668,0.4972781349260412,1,X,A
1.8438414495836162,1,0.48948271996965986,0.4434895199341259,0.5322524932936906,1,Y,A
0.17535502369097938,1,0.9618135532896449,0.9879072819909042,0.18759167552405775,1,Y,D
0.4298767028876382,1,0.5962662731087732,0.5598233295072487,0.6443739941159852,1,Y,A
0.48640781113113174,1,0.4251721754446154,0.4086829489354121,0.3037087966065075,0,Z,C
2.272780647173714,1,0.0609761854213956,0.15227972626624098,0.000702200419602117,1,Z,B
0.7808168204025486,1,0.6427589850076817,0.8645398593704768,0.0548324127196369,0,X,B
0.23365493070058674,1,0.4741074667845828,0.3262876134033915,0.1538468432249982,0,X,D
0.41421524383838926,1,0.8534939095093846,0.2983435645688509,0.4080965971046009,1,Z,D
0.012171697036848127,1,0.1105715835976735,0.3440159162075328,0.5112745624529419,0,X,A
0.09892513718238226,1,0.4814984113321592,0.21138355389582464,0.4119683311638176,1,Y,D
1.6702258220705508,1,0.22228215315260358,0.2103051439439756,0.006339129574506441,0,Y,C
0.11458622734019888,1,0.9598376032433095,0.7559842048964872,0.3399953283154137,1,X,A
0.11439014526009733,1,0.8875758089253569,0.6002435368933375,0.2949552944939655,0,X,C
0.31090090384149344,1,0.8987743143552802,0.15846233367010376,0.8709429801485842,0,X,C
0.3850842860707423,1,0.6913146763312134,0.05326885190365305,0.24076853838084955,0,Z,B
1.0291729798315035,1,0.3171564732819864,0.924427891740569,0.7471449754156031,0,X,D
1.0761771580761446,1,0.2553413715254078,0.6477572768580777,0.9086121688971938,0,X,E
0.1823526225543995,1,0.07756168843017319,0.293875069468606,0.7082342894404268,1,X,C
0.5576520192882601,1,0.4693174365759074,0.7877714052857758,0.5985446168782329,0,Z,C
0.18633529146784056,1,0.9920276364653474,0.45500949407197,0.9902672089201467,0,Z,A
0.412549923894693,1,0.6256293020492318,0.8394484158495575,0.6695070082183765,1,Z,D
0.12725393460923978,1,0.07413355927576593,0.9057482579620797,0.35252817336812514,0,Y,E
0.14963867402900421,1,0.33266808676920456,0.10842709291211905,0.36734627445073054,0,X,A
0.25520929695312283,1,0.004639789108938586,0.1629639483776676,0.351994624735007,1,X,D
0.1794476375924964,1,0.81445673573205,0.10423406469729124,0.4570293135323853,0,Z,D
0.07504853469676596,1,0.3643480973932002,0.036441465877755874,0.30637571422268306,0,X,C
0.005266726130053099,1,0.22083325185262237,0.15345093708827928,0.39364279577535144,0,Z,D
1.7052327430409893,1,0.2407071965122317,0.10500579926112952,0.2364269316408253,1,X,A
1.3163645839110563,1,0.24319046241897446,0.5981835777290816,0.8950347360348023,1,Z,C
0.7517430026931033,1,0.6840480562358338,0.43065754041347126,0.20882701986875074,1,Y,E
0.3529236587167827,1,0.6478696380335269,0.46668081853527743,0.10347590830079034,0,Z,A
0.5169184724874031,1,0.7031490202970949,0.6122675871717911,0.48056913900120635,0,Y,D
0.09452027814337699,1,0.6659939251734153,0.09454611293865034,0.7747727806244852,0,X,B
0.9804252091959978,1,0.7622337095436508,0.22191481304009264,0.9638682359536234,0,X,E
1.2650959884311455,1,0.025984018468950154,0.9082089496245678,0.1768402055924453,1,Z,C
0.08933674934196338,1,0.9625818478111844,0.006112683505161143,0.9243853839993517,0,Z,B
0.0825168867341422,1,0.30640913703626027,0.9037870767018549,0.37254352705743066,0,Z,B
0.10109114427654922,1,0.6333879333790079,0.46484088158672277,0.26507009024729233,1,Z,B
0.5873330776623308,1,0.9301385144502919,0.30268273547715463,0.79006563616526,1,X,A
0.5825829885638686,1,0.47902898446833886,0.44717113457571644,0.4410215152416481,0,Z,D
0.5652583670381519,0,0.741697499339976,0.9109847389464514,0.45799468221088757,1,Z,C
0.1295633043950909,0,0.013763763156463882,0.42532579337955645,0.1679806005026928,0,X,B
2.016517289782194,0,0.878147546982483,0.5989302256770555,0.18690673548202053,0,X,E
1.597401303366008,0,0.28129611808884303,0.004044216063705197,0.43165823786506263,1,Y,C
1.5615465706398657,0,0.23018140436461698,0.6968665169123802,0.012033312166611854,0,X,E
0.003572387651042717,0,0.3300033111018078,0.6956453146415738,0.7715551875190599,1,Z,E
2.2556570419328894,0,0.3988020930941948,0.35515921379601956,0.5123370989036287,1,Y,A
1.8454497362447595,0,0.2376077581644077,0.03301828153894637,0.1122839865741635,0,X,B
0.1638049093949867,0,0.3318000445539254,0.06720986314344779,0.9080578479737731,0,X,C
0.40230794842351336,0,0.5089676366052707,0.09956954119297334,0.6701369671107643,0,Z,A
