time,event,F0,F1,F2,F3,F4,F5
0.18658869357768323,1,0.23432411906004236,0.15690552657594126,0.0212331316699389,1,Y,D
0.23044496578133705,1,0.6551327257666292,0.7691657214206318,0.06009588125191123,1,Y,B
0.22405626467865708,1,0.9794823269894468,0.9422257797380584,0.6954137419465413,0,Z,C
0.0008553441284227825,1,0.8731569677912057,0.2942047221636912,0.7003846508177537,1,Z,D
0.283689322764917,1,0.8301274947499676,0.6170672319087515,0.34875092394682305,1,Z,B
1.1879475508684903e-09,1,0.39020103207800116,0.04998214820673075,0.7028841151910773,1,Y,B
0.1932426299642449,1,0.9890743699582776,0.4282410985872853,0.1065999833478316,1,Y,B
0.5727968057828895,1,0.6425891924438082,0.03057651125123162,0.062271261657572574,1,X,D
0.9317465634990949,1,0.4987706966875627,0.9365794314481521,0.6381899401789237,0,Z,A
0.7175513327355125,1,0.30494416931811774,0.25892722825750947,0.25484662178911965,0,X,C
0.22582046325821664,1,0.6971253555858166,0.025750460097152983,0.5588624781325472,1,X,C
0.3504341019373369,1,0.5028161077413072,0.3574630351982534,0.08920797326614782,0,Z,C
0.0019001208653934842,1,0.9581663051379768,0.28018545982072396,0.6355463606852104,1,X,B
0.04623317569071965,1,0.5686751391333517,0.8590630769205846,0.6490587653328918,1,Z,E
2.132415536532348,1,0.16409977710066082,0.7906175144867128,0.23275609167910372,0,X,D
0.14061694400049812,1,0.4270360280726939,0.6706071769766035,0.21781839432200278,0,X,E
0.0004341165420182638,1,0.049579203520477066,0.3976628965050858,0.7414874005166873,1,X,A
0.29524016656351953,1,0.8828627322834902,0.5130260342820195,0.5495637139294749,0,Y,E
0.09113314813865411,1,0.15723126217246564,0.5651248388301535,0.688989086832831,0,X,B
0.2464078016468376,1,0.7124066540938843,0.9845084739877712,0.3354965334487062,1,Z,B
0.15011324194642692,1,0.5272034061176367,0.6428109177192968,0.2667183402358514,0,Y,E
0.3304529251824579,1,0.6107923375954782,0.8712850426387517,0.5050780106540512,1,X,B
0.20113936103779786,1,0.49756724094813387,0.7603139153190706,0.14053821059471439,0,Z,A
0.044776740863777906,1,0.24704253286628874,0.21503846898963652,0.4563064179555718,1,Z,C
0.2394716669960107,1,0.7458040408468549,0.5454713894996864,0.8909524714690904,0,Z,A
0.012477639250753195,1,0.22154069694602163,0.028085723025830123,0.6065970421161432,0,Z,B
0.9790063187524205,1,0.9551084061246888,0.9787808761017046,0.622337441049229,0,X,E
0.18325652877283372,1,0.0309322464232904,0.6995028432237756,0.37874047144513956,1,Y,B
0.00024138971406699006,1,0.3060408946862351,0.8574610304151999,0.9131017621801673,0,Z,C
0.22928584838427088,1,0.2825414975502517,0.21916135151559613,0.7285656066745463,0,Y,D
0.25169812385786,1,0.5279495103025788,0.7213794432004679,0.4592743583725183,0,Z,E
0.2638361245619292,1,0.9163771847400138,0.034663278561086086,0.4808660233157722,0,Z,D
0.6096429476548592,1,0.9918958178893683,0.344852183090151,0.48960695074966476,0,X,D
0.01074712653842304,1,0.8593953999837513,0.35289220617170425,0.004597585422797423,0,Z,A
0.0027376006533829,1,0.18869949686526866,0.5196102994037649,0.1041055441179135,1,Y,B
0.48934650983469885,1,0.42774823835404807,0.40000349921792444,0.22836458223859912,0,X,D
1.6162265320258602,1,0.15476710665487015,0.7023411263636506,0.7017571467347085,1,Z,E
0.01819747089473611,1,0.7652699677242589,0.8273229620187416,0.0441510184547681,0,Z,C
0.3627173849529948,1,0.5012162540689753,0.7734490918241125,0.45089742055028514,0,Z,B
0.22527339290429055,1,0.8157986616301888,0.4716583656273722,0.7573923429914498,1,Z,D
0.033270155577903186,1,0.841465116823022,0.879779116887667,0.41225120119795766,1,Z,B
0.4010124417770341,1,0.655857020596844,0.3650602893912267,0.6876110192891187,0,Z,E
0.9105779829483782,1,0.044368662924556324,0.40580976260504775,0.46068022601305114,0,Y,D
0.6050726016440764,1,0.36315474518684,0.5332288583983164,0.8344924792536549,0,X,B
0.3025327688543397,1,0.7596474166199231,0.26036502909031656,0.3518694700400281,1,Z,B
0.8992957840213502,1,0.36593271612632994,0.060246836871668874,0.5740099859476551,1,X,D
0.3361895398778429,1,0.7320739107670008,0.2722375202388171,0.032836503238018566,0,Y,A
0.04077899896094529,1,0.45637034380539443,0.036324130084985584,0.013313166818035627,0,Y,C
0.8639615780123918,1,0.012097935987371966,0.5339163470920258,0.2203793055652371,1,Z,B
0.24631943384790303,1,0.4864784288062013,0.5955526291450727,0.5843002327897754,1,Y,A
0.47930334529120805,1,0.5160419335031754,0.8961803856197169,0.746935262424138,0,Y,E
0.044170432049737786,1,0.8721242289522672,0.050887179348796385,0.16798987472435356,1,X,C
0.06799439071281836,1,0.04189154714275656,0.4315434848517252,0.471376021561278,1,X,E
0.03184112209366651,1,0.38847489531299706,0.5894517950909036,0.3171221472801061,0,X,C
6.775094575079473e-05,1,0.20242350022724365,0.8418160192847752,0.4460405276755611,0,X,D
0.4376619831465732,1,0.8273064865012035,0.7582230683472496,0.16150537514414387,0,Z,C
0.0014783964881460894,1,0.8257433063500184,0.36081841857651753,0.9507183929067665,0,X,C
0.1527739437387197,1,0.4351766835256934,0.39544697333653533,0.041408702259194574,1,Z,B
0.04746534521513471,1,0.18622166318527145,0.5421393208267372,0.5782556303524725,0,Y,D
0.31024018976907547,1,0.4685223615434857,0.7683551330385466,0.3486852475793575,0,X,E
0.27225617652058753,1,0.4392868389222423,0.20756728111527867,0.8042130388231263,1,Y,E
0.42406812611315126,1,0.22572543328155115,0.9936104919820149,0.8800718028791352,1,X,D
0.058725874721642854,1,0.49988009208119455,0.24813763496024854,0.6730082455038243,0,Y,A
0.08750361434555073,1,0.8862816612733239,0.6509648634862693,0.5865024435463023,1,X,C
0.144793702577287,1,0.9533160582724814,0.03571807331663568,0.5770380993200251,0,Y,C
0.07790761459233064,1,0.9926720130797664,0.43285489510735353,0.40517313330389815,1,X,D
0.003917974212850476,1,0.8559029279559013,0.580486594202873,0.6688028554154417,0,X,B
0.38023886344527813,1,0.29235297773464886,0.4358674567419356,0.3802288186913906,1,Y,E
0.9257066494358255,1,0.07113168516387236,0.2510588970051356,0.35692914567111655,1,Z,C
0.17452752833396143,1,0.43545589631184367,0.7175503447096342,0.3588825326337648,0,Y,C
1.1149413031617068,1,0.6858071012909296,0.9724665553576043,0.7960883792198886,0,Z,D
0.8818586286195211,1,0.7676542370777331,0.11788994318871981,0.8084598253487918,1,X,E
0.17493478906005153,1,0.8255933524496403,0.7407735693644205,0.16239124128786064,1,Y,A
0.3322536438137814,1,0.8437898754350122,0.4375476800968049,0.4915874024129563,0,X,E
1.0862113906646058,1,0.6422415897656405,0.9197638732270584,0.8841666486929491,1,Z,A
0.40725191635487473,1,0.6860332237531235,0.8969075444594128,0.35333691564146996,1,X,B
0.7834592466092031,1,0.4538024635817438,0.9079690833482593,0.18879825700043162,0,Z,A
0.7735779514878279,1,0.21867755720366033,0.09472972994244089,0.054590887142755284,1,Z,A
0.0017606580481715783,1,0.946826027483195,0.7165307284282582,0.846463278995573,0,Y,B
0.6354846466913692,1,0.22223828965912973,0.658879825509465,0.33051055998563394,1,Z,D
0.37477551851130536,1,0.9660058996481252,0.8783513263336199,0.9289694792866894,0,Y,C
0.037694941578963456,1,0.4784778532690015,0.4458475465579207,0.923815460948895,1,Z,B
1.0325340257221862,1,0.2606855398301442,0.9024993821690811,0.48233184281128216,1,Z,D
0.1719003257911006,1,0.4645536301876154,0.8131381696144954,0.19809950861527648,0,Z,D
0.7300807997869184,1,0.5425196188952518,0.9494992782080236,0.7024673105226422,0,X,A
0.16402168925836783,1,0.9564939227885261,0.5987931806198219,0.32735901193923045,0,Y,A
0.09131396722880973,1,0.9075722451131356,0.4691245230660649,0.7759717984234009,1,Y,D
0.29381353085926937,1,0.9943245354186557,0.9439973126800967,0.31549709766241174,0,Z,C
0.07025742371234912,1,0.8477542347501407,0.8187933046194917,0.006192020025905243,0,X,B
0.07039200519937588,1,0.6215548786565207,0.7760339872104687,0.8968859513127053,1,X,E
0.23511297029795894,0,0.2710260612605365,0.9055603267247079,0.46893920333240413,0,Z,D
1.6899932138730247,0,0.9244131161491985,0.01000105918699501,0.05194007633918918,1,Z,D
0.7847486539515051,0,0.7940439449791502,0.903690125901677,0.5040076063541095,1,X,B
0.76833338577553,0,0.313307962296691,0.964416572606572,0.2563659104845578,0,Y,E
0.08582397488117165,0,0.2487871581932518,0.21281686679670464,0.17706066570529821,1,X,B
2.7264777138254757,0,0.3700429674246799,0.876807524720634,0.893711254589612,1,Y,D
0.05052512547402859,0,0.1578483736245,0.8929174820992628,0.9160957864593667,0,Z,E
0.6632907532874706,0,0.31414439784866044,0.9363333370616336,0.7723586275241545,1,Z,C
0.7980268852585835,0,0.8934445673480954,0.7302591113348001,0.4491806834273786,1,Y,C
0.2413996131977043,0,0.11286577072794746,0.9390806517668508,0.7537822852040804,1,Z,E
0.1471659223810165,1,0.39099090237712364,0.5973098406236513,0.2562997953348336,1,X,A
0.1813177480150195,1,0.5505577828621746,0.11384807326459956,0.32441604705507365,1,Z,C
0.05610507268081824,1,0.7736300636724273,0.01929582879224745,0.6449175333511122,1,Y,A
0.0073235856410993165,1,0.8266305710669446,0.2428787429716609,0.7597009454954775,1,Y,E
0.010248434534730823,1,0.9352889337859538,0.6746700253277619,0.951604283316724,0,Z,B
0.13944670749032362,1,0.4450266200991705,0.36774487553976376,0.9601867437898455,0,X,E
4.183570691517212e-05,1,0.12016598696527592,0.7509102040318711,0.5308087568814389,0,Y,B
0.6500828335768467,1,0.6616841607474027,0.3090592654324098,0.48883823069626253,1,Y,A
0.0023468157734590754,1,0.1857528713246761,0.7990849771953554,0.4308603737956762,0,X,B
0.3336299391248984,1,0.14767522521786636,0.273036268352952,0.7303920405616244,1,Y,E
0.24348971540853692,1,0.6972688935781801,0.456826105049565,0.03726823708898164,1,Z,A
0.841826674155096,1,0.610366349719766,0.9620736242629864,0.5200661680125201,1,Z,A
0.4367180231394183,1,0.7026467365358772,0.9331310895200731,0.18756080412252407,1,Z,E
0.0032361932096169697,1,0.5670777759318331,0.2077599116313663,0.9317247669338933,1,X,D
0.4870617510139498,1,0.6897779780819433,0.22565095190941276,0.4088684801589969,1,Y,E
0.7387239656769448,1,0.6205463435888391,0.709918593041463,0.9344641688440226,1,Y,A
0.12889543272460485,1,0.4876480571689341,0.4510872993082671,0.9682219405453262,1,Y,A
0.1821678973578651,1,0.9094634197509994,0.37029319762623114,0.4871693876795925,1,Y,D
0.3456971109607873,1,0.9441777372464528,0.3011095471108698,0.004140916404834938,1,X,A
0.5898820280550217,1,0.5217664382796696,0.22170449308606022,0.1340038311834899,1,X,B
0.0001222718123135013,1,0.765428154664867,0.7400533930413674,0.7559304035162455,0,Z,B
0.6109129534610153,1,0.6701007328458247,0.6490247746709202,0.11985484299959437,0,Y,A
0.45725331975244565,1,0.8659227820929999,0.5633213643706696,0.128072466983435,1,X,B
0.15266624449431973,1,0.8176331307077829,0.22923757530688926,0.39346373015016567,1,Y,C
0.5940763995154082,1,0.5725566435038858,0.5268610458845068,0.33955815078920604,1,Z,C
0.026651245305423413,1,0.001767716313744505,0.036672102972103215,0.7218548276601223,0,X,E
0.00020762620068594652,1,0.7006740409551261,0.7985985566994117,0.6035469079119938,0,Y,C
0.18336617917936754,1,0.5559395606814543,0.19795543567206197,0.014067659925695253,1,Y,C
0.004768078596658772,1,0.9180097315477904,0.45735323343718115,0.6542797674929147,0,Y,B
0.6413227113270297,1,0.3368243916363761,0.6035492217552547,0.5359265041128985,1,Z,C
0.10640569494127247,1,0.30607337640822485,0.42884530280311406,0.36686474188505225,0,Y,D
0.05024005121263488,1,0.25612095843383376,0.4192351127079631,0.5789118349481048,1,Y,E
0.2800521422269191,1,0.5353188058209379,0.7023326461327087,0.45620799899409037,0,X,A
0.07729589457691163,1,0.5626283302887067,0.8613896054209176,0.9572793686377133,1,X,A
0.9666262315870912,1,0.4349508705211952,0.9294417417021468,0.9000378906716311,0,Z,D
0.00022957232508379234,1,0.9930805834046686,0.3669836204003104,0.7143230989979862,1,Z,E
0.7594982605751377,1,0.3073197069299276,0.35024508100752505,0.03710069652818626,0,Z,C
1.2686217693670785,1,0.06215688402304065,0.33584277765906567,0.03305647438701631,1,X,D
0.5710254334589078,1,0.7595212520604946,0.2594861388838263,0.9930739054138678,1,Y,C
0.22522855330350386,1,0.7879189319122056,0.845910087090931,0.13525216288048947,1,Z,B
0.9525120804737486,1,0.12980404800672718,0.5527749627962583,0.0340722784146823,0,Z,D
0.4770348453206283,1,0.15444902682700457,0.39674864590956604,0.8234429177364881,0,X,E
0.11176566538713945,1,0.16443759639352595,0.8240351344068846,0.7142752034469518,1,X,A
0.721808908690881,1,0.10607877786201059,0.7548785672972612,0.9621084569399081,0,Z,D
0.6492329078157472,1,0.782236836404907,0.7218769641273,0.13388325099622422,0,X,E
1.4095016219006107,1,0.7574375636881164,0.9331672777121697,0.5926584905303681,1,X,D
0.1750558116992816,1,0.9560031433904985,0.3942252957018776,0.3605597483855474,1,Y,D
0.00020473449753597011,1,0.1269250759323628,0.23885888877250316,0.37400008046755007,0,X,C
0.0031861870101819343,1,0.6266983336856526,0.16634429666160166,0.7194362636763325,1,Z,C
0.301701725679414,1,0.883185903910231,0.002982551051697313,0.4779957433594937,0,X,C
0.44220677431580924,1,0.3532967539946482,0.6872111368231087,0.7115077636599205,1,Z,E
0.39657596639521,1,0.07279786795027898,0.9708021252046797,0.3560106775175653,1,Z,B
0.4226769064264675,1,0.40036293860110694,0.25286656718677614,0.7691256126308419,1,Y,A
0.3988619638263832,1,0.2157654210028127,0.6815258160637329,0.27551231561414513,1,X,A
0.003281359624922102,1,0.3175569760288016,0.14884016157754665,0.7133366677253522,0,Y,D
0.5444601696199638,1,0.46893631423551974,0.8676637072248289,0.43707649386468506,0,Z,A
0.1644345514739674,1,0.5264657888495645,0.010507480155901305,0.055434222135839706,0,X,D
0.21111515382170024,1,0.7859617627028119,0.3981158321575149,0.3915298966804551,0,Y,C
0.058106677598860935,1,0.6303519703905849,0.5508250014496513,0.6946300406378761,0,Y,E
0.4239217285774062,1,0.21973754314566907,0.17717966452555167,0.487035581755181,1,Z,A
1.7203510333103162,1,0.7122183376819908,0.19466868448424757,0.2112074182375926,0,Y,E
0.21646426390822074,1,0.7376861605586091,0.844463623388337,0.15323253026564954,1,Z,E
0.3395664899925411,1,0.27577596599502885,0.7246380964185256,0.6182676677687791,0,Y,E
0.45016240547241876,1,0.18810236753289444,0.891791356411259,0.4549804892798066,1,X,C
0.7792978384770373,1,0.5401163829551591,0.5544309337138987,0.19905325146126163,0,Z,C
0.008279469453868303,1,0.8997905801375259,0.0855693445945287,0.9117444077434689,1,Y,D
0.14677588336540032,1,0.8586780047105206,0.9431083861997969,0.7288879008630491,0,Y,D
0.16117237347788008,1,0.27651070114843634,0.7763514771429793,0.43129700440445007,1,Z,B
1.1517094468445512,1,0.08031630532571343,0.7102486939497868,0.2532496296671526,1,Y,D
0.0010268113023046942,1,0.7829170286978238,0.014971396477046595,0.8960341265294017,1,X,E
0.02449356952846004,1,0.2227063565055699,0.008064469322517143,0.9578104166634199,1,X,A
0.5754839429141136,1,0.7828715852290286,0.25239843996587796,0.11910969266541005,0,Z,E
0.14857217551630508,1,0.8944827788796176,0.3675538400393047,0.8574067311266503,0,X,D
0.006572022287590709,1,0.564098297274307,0.9679919537988934,0.054383091693599006,1,Y,B
0.09858039019822715,1,0.7146345209707213,0.12302240739650427,0.9844367401271069,0,Z,D
1e-09,1,0.690983168132858,0.25533593406326016,0.5949635570317342,0,X,D
1.4446279949602002e-08,1,0.720224435818481,0.3692390438278408,0.6070743765907431,0,Z,D
1.1813329763982652,1,0.06288132912889988,0.7605653701203805,0.26338843124119515,0,Z,A
0.49898733368037834,1,0.28527485709843026,0.8638607218497341,0.4764950289157469,0,X,C
0.0019258839203748262,1,0.9494140370037908,0.5680580319047769,0.7932939260639226,1,Z,A
0.19043895088143073,1,0.43760450619026126,0.8774967075576041,0.06452224270964857,0,Z,A
0.30013313263363334,1,0.211584900233174,0.6030202817297624,0.4015534207820738,0,X,A
6.930402995790531e-05,1,0.33449411996562906,0.5789219312270975,0.9432213183968853,0,X,D
4.361208831266141e-06,1,0.9224724358586751,0.7582606693615854,0.6070592436133111,1,Y,E
0.01127078452944288,1,0.4061641935118211,0.5634773122718728,0.9371637683635772,0,Y,E
1.6876936945338912,1,0.19164065185677415,0.854815086097678,0.15660489674946765,1,X,A
0.01586345949742288,1,0.24536087608496926,0.9052022919413952,0.831918614104133,0,Y,E
0.8053566162685687,1,0.3519097562417741,0.9501592343039715,0.9991257870252614,0,Y,D
0.35001153369474625,1,0.03893966592852627,0.7991258134825555,0.7014913932132152,0,Z,A
0.19216106178068443,1,0.9055519597892974,0.5431548669536865,0.3958066966945274,1,Y,E
0.2275841979509238,0,0.9981578715860328,0.4358797327421359,0.24463806273984656,0,Z,D
2.2207309695488853,0,0.9102552042913293,0.016055700884284763,0.010648846925885969,0,Y,C
2.3373237723152966,0,0.07545596546877364,0.021562773837151328,0.8940485645410592,1,X,A
0.014590215254996963,0,0.33536773673881337,0.28416149167664473,0.7866771920059981,1,Z,D
0.15135726302684563,0,0.32368309296312303,0.3379021901131286,0.3702386835613146,0,X,E
1.5973093741362627,0,0.0964537824362992,0.4487809386922955,0.88825200748022,1,Z,C
0.24558628654658565,0,0.5845018504073816,0.6465603478054703,0.8319316320598273,1,Z,B
0.3221093519271197,0,0.0004884631751178592,0.1743092033609004,0.7132462325730298,0,Y,A
0.020684395597827778,0,0.963990483549537,0.7591938891866409,0.6070209080870946,0,Z,D
1.8312890512227586,0,0.47152991180298554,0.6203813323060366,0.8039847678883094,0,Z,D
2.153486048648425,1,0.6132059908340416,0.6200272520026281,0.9996410451178899,0,Y,B
0.89625617839546,1,0.9134465250643575,0.6289745721830767,0.5629245185078606,0,Z,A
0.5933590426960258,1,0.19505062051629085,0.12784397398681058,0.8835342663984278,0,Y,E
0.02070162479586126,1,0.9912304680547395,0.5248098386581886,0.19617717061309647,1,Z,D
0.2089215452789055,1,0.3482867256072708,0.29261046006807334,0.1893474595418596,1,Z,D
0.09036974896167621,1,0.3438258993140981,0.30661435235225165,0.5712934467725449,0,Z,C
0.8692683946415958,1,0.219854592286149,0.6244215653919671,0.8246478374746036,0,Z,A
0.675220367201964,1,0.0766919966122862,0.10032532261160632,0.13357991907104005,1,Y,C
0.8014699796738538,1,0.9905096780247393,0.5975545140070562,0.4311200691441506,0,X,E
0.013821394902973173,1,0.8228483022826474,0.36849564046842365,0.9266536401076716,0,Z,C
0.19150805568934526,1,0.853296562298664,0.8610951612059567,0.5166332245398949,0,Y,A
0.5340678164606495,1,0.10211528449083007,0.9668938217491373,0.8376947055962398,1,Z,E
0.009091961424528096,1,0.8850500501370026,0.6842800072991765,0.7543563714914228,0,Y,A
0.1483657944961349,1,0.9240833389296247,0.28677808588513365,0.10670721790149396,0,X,E
0.25039586503519223,1,0.42615565279537815,0.18571843227594131,0.57255598997394,0,X,C
1.4218680053142465,1,0.08824204612265896,0.6284149081680735,0.23646973138046434,1,Z,C
1.7614872279920841,1,0.08501803657219542,0.801921397839128,0.3244041918116646,0,Z,E
0.21407029705251587,1,0.0401430237872088,0.20083987572550677,0.07385197116566877,0,Y,E
0.02494607327475314,1,0.07856633638992938,0.1606638272451234,0.5255686256519683,1,X,D
0.3344682926152648,1,0.20182059231320493,0.9077978350385619,0.20570117802990429,1,Y,E
0.24828326378385662,1,0.03399593560903191,0.9927351714677498,0.5287211946933115,1,X,E
0.18551610123505552,1,0.6013939241483388,0.48905760529900755,0.6346177679039438,0,Z,E
0.1186064977282331,1,0.5252077410572733,0.504541422865878,0.1825057352399414,1,Z,A
0.1671798664831602,1,0.977438222670353,0.4036212579847076,0.2119069543378025,1,Z,E
1.3028780627956809,1,0.9950181512291999,0.6984907979205015,0.8806156590672775,1,X,D
0.5984091445239371,1,0.22815207910617996,0.547686533896183,0.44158044068016133,1,Z,D
0.7278406879036883,1,0.9314862162762847,0.4828320819845532,0.1541065333361763,1,Y,E
0.26155303777002625,1,0.5688281644833936,0.736860520120228,0.8148809749603466,0,Z,C
0.11714999831423877,1,0.5466007559620424,0.8638405674745376,0.8524405122021593,1,Y,D
0.4528825824966493,1,0.6181418773502994,0.0135823884359777,0.4093563121405225,0,Z,D
2.153747028778374,1,0.3075805177211133,0.27867422852563695,0.1997201585670827,1,Z,C
0.41587055244817966,1,0.7411890355802502,0.3642890687061585,0.7518026159628176,0,Y,A
0.12382973387253302,1,0.5742849902650988,0.1786480775776289,0.8536369328346147,0,Y,A
0.1499519949306765,1,0.9504034298069828,0.1370153291500309,0.7936783892551531,1,Z,A
0.3242915505229331,1,0.26197936859607596,0.8009668023044195,0.23839715414069307,1,X,B
0.48452433768570324,1,0.4562802180246518,0.6626617822616557,0.20880811844026392,1,X,C
0.09656585708785224,1,0.9951206114807776,0.9844372489311445,0.7401598842782294,1,Y,A
0.0164928258413933,1,0.18340043690134888,0.47371453195823976,0.24117023383935532,1,Y,B
0.7262744280850261,1,0.1272998536274389,0.6334280557396992,0.08636568695226376,0,X,E
0.20388630592045778,1,0.8866112356988507,0.6745864356543738,0.8813635074586457,0,Y,A
0.45075051013524275,1,0.9164386568524633,0.13042821173812968,0.4162737670311476,1,Y,C
0.5749306552390572,1,0.7188805334792412,0.9883897947826996,0.24932441416198825,0,Z,B
0.002230492140751365,1,0.07042691137948032,0.21950026636944098,0.9589473289560749,0,X,C
0.009088717481572047,1,0.9981648653673136,0.24836670817206907,0.9953552845472935,1,X,C
4.502288891158854e-05,1,0.7660061391608026,0.9629540537075861,0.6339331173632867,0,Y,C
0.2747093027054743,1,0.9414557443228111,0.6320905748036882,0.6224718982440811,0,Z,A
0.6725198149713477,1,0.5279084442674147,0.838947631402331,0.22130136900858943,1,X,B
0.2635548393170978,1,0.3567321769321521,0.523105797015259,0.7977940998355096,0,X,B
0.10831325654102364,1,0.9658584828199184,0.7689505325593118,0.39463195073627677,1,X,C
1.081805848272235,1,0.3874010791203476,0.3902910942412038,0.1755043542183491,0,Y,D
1.7738243940533633,1,0.7146735887234682,0.8915545399918716,0.349751367178772,1,Z,D
0.8302118484620478,1,0.5202901514073526,0.5203271537068189,0.47520615276540423,0,Y,A
6.890816518253525e-05,1,0.5997273132174551,0.46281543100928124,0.6424729934361572,1,Z,C
0.43644660637647104,1,0.09421733121853315,0.7282648580155634,0.8031621859526593,0,X,C
0.9025398102111124,1,0.10588148034592659,0.10325076345283868,0.11826113081160705,0,Y,C
0.402980173974705,1,0.02320195804607683,0.7894620912335772,0.34204011356727626,1,Z,E
0.20779348955829705,1,0.6917376256346436,0.3684390144691214,0.2607941013107239,0,Y,C
0.7468894894858065,1,0.40763869812512266,0.47014887544753137,0.41368200369829544,1,Y,D
0.7504535603762816,1,0.851208102344772,0.9162936250755842,0.34023289825577685,1,Z,A
0.05651924851874962,1,0.8638804721406418,0.6724848687623152,0.8406009606010473,0,Z,C
0.4677238285694321,1,0.4644112790098095,0.06400600002180001,0.1096954847631092,0,Y,A
0.5741838351748731,1,0.36113590221673775,0.5495500846093417,0.26313684510928415,0,X,C
0.6202432117989062,1,0.3594120882123416,0.9314105981474543,0.4861811508441518,0,Z,D
0.018112881763474233,1,0.7941702381867266,0.8125557334666283,0.5988970986399119,1,Y,E
0.02587964734722574,1,0.11338102438746722,0.5821406679432447,0.7866191739600419,0,X,C
0.039093775495325216,1,0.9489862401763464,0.4273606353924314,0.026242931738717945,0,Y,C
2.0333404614286594e-05,1,0.2337839345333811,0.7324029974227485,0.7593800786823023,0,Z,E
1.3118876995427258,1,0.7397219925058696,0.2649085896235952,0.1467057931953556,1,Z,D
0.00011654336159382675,1,0.6618690210589226,0.6235814697379611,0.9501113664523316,0,X,B
0.0003760195217100586,1,0.18068504479736236,0.0544516894757735,0.036616435425554816,0,X,C
0.47208138395959626,1,0.8467252647806459,0.3345512994849559,0.5239696691476898,0,X,E
0.27577311637501967,1,0.8216527776715952,0.35862380582548903,0.22694239524163773,1,Z,C
0.4428541606464884,1,0.5059127086685663,0.8828602629222603,0.07710690473865978,1,Z,E
0.12327524466268222,1,0.20201515139053083,0.12458004806825584,0.8509293966786202,1,Y,E
0.5317357225021917,1,0.4633002254826897,0.9484191599380521,0.15645790080842603,0,Z,A
0.0009784309395865103,1,0.8781198584664646,0.5469532405776073,0.8800753551782883,0,Z,B
0.06586643446989689,1,0.19651943366306646,0.48131878487392366,0.020307898342964648,0,X,C
0.007695742323307464,1,0.2156772597562827,0.4641135442918429,0.9239006781281626,0,Y,B
0.28880862004534863,1,0.41947651521000595,0.09736424023106593,0.27438778930211694,1,Y,D
0.5249139961605411,1,0.8755541614038511,0.00967495278962216,0.1067073450444822,1,X,A
0.20958761941872503,1,0.25021234172946016,0.5844785872709128,0.1986489174151984,1,X,C
0.7457891811525038,1,0.05771016816641661,0.051226774730560365,0.4929343083422769,0,X,C
0.08058595725640073,1,0.4452095965833218,0.9863277504358563,0.00262728316642602,0,Z,A
0.4822067384109213,1,0.9608047128607285,0.5332089662011442,0.22943150501981935,1,Y,A
0.00032645471210052894,1,0.309597824329253,0.725915682043196,0.6711293626787022,1,Z,D
0.026053968799400973,1,0.5382182580147004,0.022646514195400202,0.9997824785748539,0,X,E
0.24308434945502747,1,0.34680003682193905,0.09439747243935981,0.3663355993567222,0,Y,A
0.012855369139754005,1,0.10727774075821883,0.010245973100653227,0.5725609680423016,0,X,E
0.015879668955541694,1,0.5165135397400247,0.7828777251142872,0.931265006421082,0,Z,C
0.09576863190277046,1,0.05834084977407472,0.4901053719246494,0.8432915140229218,0,Y,B
0.04588689101304351,0,0.014052183906416493,0.9574967547977008,0.9319265766265696,1,X,C
1.083310399929696,0,0.7347745628537162,0.6042864209138378,0.07562899777345755,1,X,E
0.3432131329741755,0,0.16394261280906564,0.5136863923920613,0.8071989281612904,1,Z,D
0.9001987978828601,0,0.059465089881728495,0.06686416446007104,0.5522824153768805,0,Y,A
0.08849568905653471,0,0.6989114075399139,0.8771858960360529,0.015546927335508443,0,Z,B
0.018158124001177032,0,0.7630770271650902,0.5576017683220812,0.23300528757145222,1,Y,D
0.287197258519048,0,0.5954282646152912,0.8905729661506111,0.6749543010023971,1,X,D
0.2089368176496476,0,0.7652467033057664,0.16384650292412328,0.26202589075879634,0,Y,C
0.39846238684390795,0,0.2111271918683898,0.9064039596200447,0.36045690748674597,0,Y,C
0.9976273511938252,0,0.9157083971242689,0.764167219093,0.07972276785151511,0,Z,D
0.5285679332526548,1,0.9737565556749744,0.5088617154304195,0.29457697438609387,0,Y,C
0.0006945354267408452,1,0.4925208285822609,0.22326480575345908,0.9058852390158832,1,Z,D
0.4999734022443777,1,0.42413648915513236,0.09119332504335897,0.2147789466019685,1,Y,B
0.001479745932293519,1,0.20418725885313704,0.2453424450459245,0.3851049120920642,0,Y,A
0.04897763740905717,1,0.8337844938797677,0.8536220342561862,0.4268643452029449,0,Z,E
6.469790885039886e-07,1,0.6403627297488913,0.7877441444190626,0.9566583513323247,1,Z,B
0.3924562435453387,1,0.793007951655408,0.20443139192443205,0.21540051846955166,1,Z,B
0.2301814590592907,1,0.21915643839720167,0.3350750914775039,0.5767432565398141,1,Y,E
0.22425436769996468,1,0.42199694063224447,0.6798610037235899,0.18582076762093824,1,Z,A
0.5063562867423385,1,0.5196454280866687,0.6300835780706836,0.20638567290780496,0,Y,D
0.0024077052411229614,1,0.6736269569539921,0.19239645746522316,0.9044493535377627,1,Y,D
0.8214908814092148,1,0.7309338103264226,0.6822912400019171,0.42451142937513897,1,Z,B
2.449851033028066,1,0.6065029819318171,0.9177225799004943,0.8870255938871432,1,Z,B
0.9897778572075133,1,0.5698150956976458,0.1959898691992501,0.6073348422835158,0,X,D
0.31967575704789786,1,0.474069783789269,0.48774274914256965,0.2676940646674947,0,Y,B
0.3425469723081775,1,0.14349491723543983,0.23209411932074786,0.20024656446245814,1,X,D
0.4041819647532558,1,0.9397477851322358,0.4854186355977237,0.38353023591369695,0,Z,A
0.5353302446374152,1,0.29581323341789545,0.7658580378967816,0.5752497850290731,0,Z,E
0.008766189455171375,1,0.009115805566497936,0.6762537249353591,0.3042138522094826,0,Y,B
4.585872415148138e-08,1,0.3045017046652706,0.14030241882309902,0.9954758066048849,1,Y,D
0.17656411206476172,1,0.2255154362728108,0.17964996286456147,0.27400097071891716,1,X,E
1.061370300344442,1,0.7786560929205244,0.15824017176244132,0.3909775423736638,1,Z,C
0.5432217322773881,1,0.9288092588205373,0.019883645284430984,0.20851181506886052,1,Y,C
0.79422852266757,1,0.6925131529400754,0.22406052680200295,0.3240577364704863,0,Y,B
0.44387460101017134,1,0.8978905620209495,0.83286769576509,0.44632520445078205,1,Y,A
0.39677713841903156,1,0.7466692682939687,0.5884302562701844,0.3694305991337494,0,X,E
0.052801105931137265,1,0.7793985697350652,0.996244719330339,0.7462366431767179,1,X,D
0.0007558500178828436,1,0.7561326628321537,0.79987791181578,0.9498684899217893,0,Y,C
0.05041499822205619,1,0.5233241721780435,0.5129795664541333,0.3396144682468294,1,X,C
0.22801376361832695,1,0.6013249345370296,0.5807421264295428,0.5020741146101145,0,Z,A
0.009650362690414221,1,0.19806639296676976,0.6264057482724874,0.6669120001897366,0,Y,B
0.3569355604435425,1,0.9666604597643835,0.3821179624360269,0.4255905904684657,1,Z,A
0.004239802166437995,1,0.21042868347943966,0.20111318081829743,0.6610021441203853,1,X,C
0.012125298148219216,1,0.3913386776606186,0.02405352390161486,0.23180868077204275,0,Z,A
0.012473063486322872,1,0.31465892281770713,0.6831518534018741,0.7199847721893378,1,Z,C
0.014485549575652627,1,0.634176765478886,0.10348750656262773,0.6426088765891189,0,Y,D
1.0537495916172772,1,0.43478911654899244,0.7423903529805321,0.45498855503484126,1,X,B
0.8355616255033818,1,0.5862611628384928,0.35347909375934905,0.44318131237655245,1,Z,A
0.2423738297388755,1,0.32193251135417844,0.016260522336481342,0.7923772578216829,1,Z,E
2.3295636269075772,1,0.1904092300813215,0.3215495396488711,0.6759781656550421,1,Z,B
0.08164670495942718,1,0.8693376320425152,0.6809715690303,0.3863661036424666,0,X,C
0.060746755514841926,1,0.727502049143954,0.2847666943285738,0.17612032976087133,1,X,D
0.16238296081710116,1,0.5891728950032,0.35324571407934013,0.25536777949888145,0,Z,A
0.015964484905712686,1,0.8038854820780744,0.2980150180729638,0.9928038349323786,0,X,A
0.0431413710772778,1,0.6942107774672558,0.7812144592872323,0.8796282039738436,1,Z,D
0.9589354137140947,1,0.028576350610439616,0.6466963488402825,0.7480823110676075,0,Z,B
0.011847988506031132,1,0.8099289372993037,0.49517429744183916,0.7662716753800332,1,X,C
1.0897260118449934,1,0.5862158004866437,0.5898371563186307,0.0006384728126863637,0,Z,E
0.2777654748149973,1,0.5497428210040638,0.9575486649020137,0.6740437571512667,1,Y,A
0.1371835724867942,1,0.992350939837206,0.768103264087244,0.029980082690464704,1,X,C
0.1157164805917632,1,0.5114220913173371,0.8350224029287668,0.673258742686035,0,Z,D
0.038667256029592395,1,0.9286164716396459,0.2730158434286747,0.8546739781763258,1,Y,A
0.011127574907303948,1,0.14494469960275702,0.49472906160494423,0.445411678930249,0,Y,D
0.717968856498982,1,0.8333377178914362,0.9613014716128971,0.122238515960442,1,Z,E
0.704266030459375,1,0.19753995013900127,0.07775391212783067,0.32698231385461773,1,Z,E
0.6819437469626236,1,0.7620735611453384,0.5252832249617803,0.2793145773532849,1,Z,B
0.21089408544684127,1,0.5019442870649566,0.5914941147446745,0.599675679806881,0,Z,C
1e-09,1,0.953420674084197,0.6368798607036532,0.5963128068535276,1,X,E
0.030975009554788286,1,0.5605133576544709,0.5417781759332372,0.6669440872175119,1,X,A
0.38995155626237354,1,0.23745731583345842,0.004314955488215144,0.22414092333836932,0,X,A
0.12244309027348543,1,0.3580147763444681,0.7783298259348209,0.3536249122691405,0,Z,E
1.0002688162955407,1,0.8842039891471484,0.945418485179404,0.1692342387567093,0,Y,A
0.9018131167754585,1,0.726455808457341,0.1807973624476774,0.188339030395958,1,Y,D
0.6427440570703172,1,0.4100422305526089,0.2937122091670328,0.2647545294437146,1,Z,C
0.8116347170233602,1,0.7325812680147965,0.4960026881299868,0.24968163473361693,1,Z,B
0.3577020878437991,1,0.8614230145411316,0.09662508406639858,0.14175609619268936,1,Y,A
0.45929047041491633,1,0.8270807544850572,0.23996090471814546,0.46336700170263545,1,Y,E
1.7576231897046507e-05,1,0.6853265217868697,0.09779932363526922,0.7750643680677075,0,Z,A
1.0899314018573212,1,0.1346832304679666,0.38927621404419344,0.7427404041174517,0,Z,D
0.37552195848090275,1,0.9415840668326689,0.4098904039214477,0.605486598784303,1,Z,B
0.03946596634874591,1,0.49264429682617317,0.0039045908229369264,0.9905729619292378,0,Y,A
1.6127905943284426,1,0.012757359846004013,0.8894029345001564,0.6231106754651023,1,X,D
1.1252807646137717,1,0.15803217248432933,0.49353086818230474,0.6005926845326471,1,X,A
0.4622482959434036,1,0.9568900007524146,0.9196377739448095,0.2959046239345803,1,X,A
0.798051297249033,1,0.7734716622156748,0.2891695962307176,0.8494046553759007,0,Z,B
6.067627657674888e-06,1,0.6694053527402474,0.8013623407469527,0.8317433247053793,0,X,E
0.8159239844881827,1,0.20546482644283082,0.3008665549365481,0.7180928261362907,0,Y,B
0.01255251374270622,1,0.9645836834394627,0.7776132463642046,0.7613451472510255,1,X,D
0.19698640313924692,1,0.5506529858576799,0.33270795336485204,0.7741845119709458,1,X,E
0.07541436332948422,1,0.7258795015486456,0.768135741717211,0.5255876469079049,1,X,B
0.23555811160611762,1,0.272624069814026,0.7584400158112898,0.4263426263308795,0,X,B
0.12463244016526451,1,0.3607061347640035,0.07570473213152873,0.7444786146425721,0,Z,C
0.16336739578296378,1,0.7316021071159775,0.5360271499288847,0.42579639360273347,0,X,B
0.027683043113981155,1,0.34164437760136623,0.023709654298244454,0.6302443298588787,0,Y,D
0.5457612259265389,1,0.044993063839263714,0.954925965434131,0.9387118703396218,1,Z,D
1.0939151077996567,1,0.3521112965731332,0.7417847882896673,0.4173335531356387,1,X,D
0.1527490798408605,1,0.7365527972995126,0.9126205319091485,0.1653415685957177,1,X,E
1.3817415501791093e-06,1,0.968034496648147,0.49653321458674327,0.5906903427097326,1,Y,C
0.19663944763197688,1,0.8439803831869146,0.666303018522427,0.5280778199773937,1,Y,A
0.22359060374136097,1,0.9451514873707006,0.6514932807310743,0.14789051099266637,0,Z,E
2.205102604419115,0,0.0862961607026489,0.12129217129900882,0.4788314517824702,0,Z,C
0.28429213972928935,0,0.11056526166087655,0.7613358798039451,0.981686749744827,0,Z,E
0.0019598228149073026,0,0.6925134301148727,0.9489238944615779,0.5638192407320964,1,Z,D
0.06593713344123411,0,0.04905765600572132,0.7942350931076503,0.5512184126088139,1,X,D
2.87744515444024,0,0.14052156213410905,0.0999695777420323,0.8777581496510131,1,Z,E
0.04679244863910832,0,0.6320756266874661,0.4679345494966485,0.5483771558864367,0,Y,E
1.9370216060124879,0,0.6396579896057425,0.04369763282295458,0.8746480822455159,1,X,B
0.17645369750993825,0,0.46680466742466287,0.03755907309071049,0.20484824609770091,0,X,B
0.9290488451585212,0,0.1627719122929715,0.8212325903385391,0.4954895079780327,0,Z,A
2.132246036460296,0,0.8571935520301753,0.6848240596705361,0.6494541225999894,0,Y,C
0.009381155878387823,1,0.8024716169047486,0.10585564394314428,0.946511766995239,1,X,A
0.03580920853362671,1,0.18131934548482875,0.5942340400443646,0.5471222170806358,0,X,A
0.002274295980211418,1,0.8206217361621818,0.4029776717074254,0.9162661429747259,1,Z,B
0.030423846977162907,1,0.8056556954834175,0.5439755318559351,0.8101523882729814,1,Z,A
1e-09,1,0.33934314441104263,0.04338717162174366,0.8071245523981044,1,Y,A
0.646355453884309,1,0.9395880465247486,0.3756786692654349,0.4926863845150993,1,Y,D
0.0322535646347703,1,0.10632081956038741,0.5254662871657605,0.7821301507520462,1,Y,D
0.32477878176862457,1,0.25741823771711037,0.8854380780040366,0.3049026771144836,1,X,E
0.005945615002370423,1,0.042199611452752306,0.7872678644551316,0.38331683435405095,0,X,B
0.010204275898402733,1,0.08293804223439505,0.3632387791201439,0.7992166753680683,1,Y,A
0.06443867140177645,1,0.2905117815002223,0.39711136823901605,0.489545893727925,0,X,A
0.022294292096705512,1,0.07134538965150394,0.29317573495107185,0.7126833801782764,1,X,B
0.0062464084610944146,1,0.24942943671613405,0.50808116868817,0.9037713896917884,1,Y,A
0.423752278467731,1,0.0864282994743022,0.9811626265071112,0.20733578053804114,0,Y,A
0.06648070107125904,1,0.42160242721807095,0.8683380740710036,0.8354185604728501,1,Y,B
1.6090387042399872,1,0.808781960896472,0.2595957044965126,0.07104537535303457,1,X,A
6.104596869013258e-05,1,0.9069529152085275,0.6769007160717553,0.8467073776157851,0,X,D
0.0005861269722158664,1,0.4433137007695577,0.3146878491917847,0.6008622538027515,1,Y,C
0.2011498391968144,1,0.909129611672715,0.20083144513157114,0.6486922455682922,1,X,C
9.13426789123394e-05,1,0.7345476969378684,0.8532642430772472,0.6171712502693544,0,Z,D
0.5468637251837428,1,0.5783173268437083,0.8113299935048927,0.9960519759733742,0,Y,B
0.0001269677994261273,1,0.8191833383708685,0.5770638339697468,0.8059999010180344,0,X,E
0.10328549375638042,1,0.403381698579771,0.24467429189137613,0.5419081763678709,1,Z,B
4.9569994627703535e-05,1,0.33110212186652,0.05854584911143279,0.6972411576467733,1,X,A
0.002591635077811955,1,0.6708929669748115,0.12438125118187371,0.622127385067335,0,Z,A
0.5997101017515837,1,0.5399257456476596,0.8491118031311594,0.10339865450038688,1,Z,D
1.092789518337189,1,0.3420502637545315,0.8989012869708597,0.7496695960823987,1,Z,B
0.008466435660157416,1,0.7203485273505758,0.6148197772898316,0.17190388456011163,0,Z,E
0.27526876620736573,1,0.6968543091663539,0.911308032592044,0.3315904659292571,0,X,A
0.4552098241311401,1,0.6849754677429485,0.46363476341083143,0.27426518350403817,0,Z,A
0.18661848302235387,1,0.30511258077639647,0.029797353716880415,0.06741386739423094,1,X,E
0.026369592815306608,1,0.38068067644318326,0.3244973797259788,0.8994446280328743,0,Y,D
0.3541412613292392,1,0.11668117846453308,0.7556448232141861,0.46309330967711726,0,Y,A
3.371961662798641e-05,1,0.3463993070859541,0.8373066305404371,0.9075384413972619,1,X,D
0.05287581082344381,1,0.4490962493431049,0.6670640212219723,0.5194086641493624,1,Z,D
0.11240106555201722,1,0.48889744838498705,0.6628130028271463,0.4784001522234146,0,Y,D
1.6329133128266653,1,0.49834398589946693,0.22951609421882635,0.990303742264702,1,X,B
0.21198921958952352,1,0.8294466359835316,0.31386005799803374,0.5437761165239278,1,Z,D
0.8471229394747484,1,0.5868531571483614,0.7868299816227496,0.22282848466932703,0,Y,D
0.47878757207600325,1,0.2702403603633724,0.6971297241464182,0.29784486324378234,1,Z,D
0.37437605494938536,1,0.04124576210748021,0.6914241892223149,0.5161046289636031,1,Y,B
0.05013187563571556,1,0.7236845714356288,0.28028292654403164,0.7274175346052443,1,Z,E
0.6147493054280423,1,0.7144951960081461,0.5201016572702777,0.5315368910640065,0,Z,C
0.371379333021303,1,0.18553061833739048,0.2381710734572693,0.05728247283322019,0,Z,A
0.06766481519739373,1,0.49209532996208094,0.9021604007363327,0.058722631989814644,0,Y,E
0.42473184764475663,1,0.8061877703178737,0.27499571864901795,0.13540906224244798,0,Y,B
0.18237451527755769,1,0.786893500225061,0.8531873561705848,0.31657772648191906,0,X,D
0.4141786856888117,1,0.4643964033351896,0.31872658990537583,0.06936853000852872,1,Y,A
0.017916049646023766,1,0.4324759690769442,0.9590078373619016,0.35635541647351154,1,Y,A
1.0050673819842477,1,0.6967020457010158,0.7237057231898536,0.611641070856444,0,Y,C
0.5333416304539174,1,0.3272879085172632,0.3510557461144739,0.5182655644207083,1,Y,A
0.1892973084295394,1,0.8233556555301474,0.30987735525565463,0.1621034983785099,1,Y,A
0.5508580814083502,1,0.37105176765183967,0.08734920207733676,0.4456669166995807,1,Y,E
0.32465865091222457,1,0.5302737812250763,0.15359650731250707,0.06973563164833119,0,Z,A
0.3756123818319013,1,0.7460289978335989,0.2875226988396855,0.31352072219609517,1,Z,C
3.237541194876163e-05,1,0.8163346161025848,0.06588328481987693,0.7030045700213369,0,X,C
1.1656302517909678,1,0.02480251582711579,0.3466781639543848,0.9285771155565078,1,X,B
0.34670546095286553,1,0.8149422049596144,0.38706614699308795,0.19414718271549136,0,Z,E
0.004594077239851721,1,0.015658102559178322,0.6804973159429766,0.6909152505142626,0,X,B
0.00030602429260328086,1,0.5268889848829301,0.5272981226213294,0.7620112789076652,1,Z,D
1.3378176598459992,1,0.7310839838190925,0.9702507278056446,0.08184033328142526,1,Z,B
0.40951668610918834,1,0.9039277599684815,0.7325198335812898,0.5765630975936481,1,Y,A
0.4082841088009292,1,0.6519264213722025,0.23762674667904315,0.0452834846932898,1,Z,D
0.00011821270677149722,1,0.08544166218911387,0.05063620581234418,0.6255072950476545,1,Y,E
0.029439051943105834,1,0.6898545073598193,0.4819455395053115,0.944999478987334,1,Y,E
0.6132362925341629,1,0.5334476108195301,0.6198199182992944,0.8709785946982134,0,Y,B
0.2176486987548631,1,0.8581693710418801,0.3239604885794509,0.7696749363000609,1,Y,E
0.420110562903759,1,0.976974751055603,0.2227329231104782,0.1928496259204766,1,X,A
0.3701602725545105,1,0.48057218235576993,0.6321788060563184,0.4830430371437754,0,X,E
3.917695053951672e-06,1,0.6796575595566179,0.624017834823327,0.7215220908706695,0,Z,C
0.00074304189381492,1,0.3216916480812023,0.4984445947673626,0.6988412065803238,0,Z,A
0.025735108185670083,1,0.8197003255364245,0.4728992132089215,0.6436741832932681,0,Z,B
0.10344680049102802,1,0.26981714019643743,0.3265880011972293,0.450895916932996,0,Z,C
0.8209208640994917,1,0.008683460809319699,0.2891855498734345,0.419714030612947,1,Z,A
0.04802498801023147,1,0.5993001842771792,0.432574851349929,0.9495928632779478,0,Y,A
0.4574105738548001,1,0.43292807545014866,0.5442284936776058,0.2855834785717748,0,X,A
0.015398057131488672,1,0.02781371829446566,0.9072105671625657,0.7998181846507841,1,Y,A
1.2365831901092372,1,0.6188419741102629,0.19922691940101522,0.39560826671384686,0,Y,C
0.20247498698471528,1,0.24074303341564418,0.25262180650505506,0.16889747467969085,1,Y,C
0.7815925220505326,1,0.7019847011814786,0.42211985600318613,0.3705667962335566,1,Z,A
0.001129286850958484,1,0.9706431514911041,0.16302899366124646,0.7414870890639418,1,Z,E
1.452905703878168,1,0.8563440337868184,0.8478828956849335,0.08170628094247301,1,Z,C
0.2423885884694081,1,0.8184845184510414,0.02654818183665908,0.29849358139076665,1,Y,C
0.26914266575916307,1,0.08286622722053671,0.7983863752094356,0.5665240688602965,1,Y,E
0.6933324970105396,1,0.15648517725072708,0.4850811908164967,0.493585829521239,0,Z,B
0.24714881437557326,1,0.02647244894568268,0.3925945376037713,0.9926791188786321,1,Y,E
0.0035634871331460725,1,0.7967257045902542,0.7184365539329305,0.9431572092927719,1,Z,D
0.1458748273064714,1,0.31051874029341253,0.18792037547100116,0.7353052091825167,0,Z,D
0.5340630575048905,1,0.28001105256842507,0.9658999126224134,0.039112208920027536,1,Y,E
0.9877133012772276,1,0.15896001884174604,0.5231880992274518,0.8944651187174234,1,Z,A
1.1572901573968803,0,0.08517516947583303,0.6969460370240493,0.6250351540117921,0,Z,C
1.2143007329337265,0,0.16050768427152184,0.727452808177016,0.3281944073022369,0,Z,C
1.8572934888841075,0,0.2795240555557179,0.8749735200334098,0.4068130847135484,1,Y,D
1.1094213718391157,0,0.12666648520207102,0.9813271851409866,0.6302137738646941,1,Z,C
0.4940624210656819,0,0.8758776205029271,0.684822563005216,0.49637087025121573,0,Z,C
0.30187999619312583,0,0.3198057698750626,0.8172628484896611,0.5644501406558066,1,Y,B
0.6944295144477045,0,0.01751777381080022,0.2653890010420784,0.37450282733803875,1,Y,E
0.9635047102725821,0,0.7759240389213226,0.9584815340619761,0.6470625180657188,1,X,D
0.36493299239144694,0,0.10087795480715356,0.06762101776725749,0.5738007719156777,0,X,E
0.06437008075330615,0,0.26523714386073627,0.5505724118123291,0.0410291996317903,0,Y,D
0.7977778317688721,1,0.03566424641130428,0.9602804873803995,0.9892766392413379,1,Z,D
0.30892621456643554,1,0.3016399496757507,0.42418893274458913,0.4876007284473811,1,Y,D
0.10356935645951182,1,0.6114028283970038,0.7957725918335362,0.41360458519158505,1,Y,B
0.024490595375829798,1,0.6242143538633377,0.8704911048038113,0.6616683342217805,1,X,B
1.8126451511216484,1,0.6578765435928945,0.9575890260214257,0.8522848493729513,1,Y,B
0.07195682009627738,1,0.30470199444010226,0.07659301427357912,0.7732684725091236,1,Y,B
0.00020074567754016083,1,0.189504815091181,0.0008725923007398828,0.974159125807563,1,Y,C
0.41266103537853166,1,0.5364140525732758,0.9472166264594444,0.6392879146968656,0,X,E
0.4291441730579267,1,0.8048259762339975,0.3844359325848261,0.9559405342778676,1,Y,E
0.13930594660066017,1,0.4869188890963224,0.7470529861719424,0.38374325569260714,0,X,A
0.04676807940268082,1,0.5689437933928,0.7565252102844798,0.17338964541848523,1,Z,B
0.18950982530924887,1,0.22983088400632368,0.12857441797251012,0.033057847740740276,1,X,B
0.5948791332017589,1,0.492668104747904,0.38064063000217796,0.48493262357192257,0,X,E
0.0486337010847426,1,0.4046099546688249,0.574188119157757,0.568112415657584,0,Z,D
0.013384712526038196,1,0.4322537680640992,0.9708887166932253,0.33274966081085855,0,Y,D
0.5380501076735859,1,0.4280511324409122,0.5374360540367052,0.32206187085575033,1,Y,C
0.13060998231948345,1,0.5331785324173253,0.37105748720137,0.6575777967034017,0,Z,D
0.4994076993816402,1,0.36040867246357167,0.11366170915918972,0.898225478782493,1,Y,B
0.010144739079331293,1,0.5004515201912197,0.621998488932726,0.8239299062295142,0,X,D
0.605948088180222,1,0.0751074906681436,0.8534738301257087,0.510777889579899,0,Y,A
1.9472196371690769,1,0.486217572569155,0.8985901306236379,0.7929261910255975,1,X,D
0.4696430645639226,1,0.8461271579019481,0.28435376967941806,0.23565467555679176,1,Y,D
0.3373292393687728,1,0.5058182223384733,0.12035569589285033,0.7190576239994727,1,X,D
0.896752107326667,1,0.35931154317804115,0.4964358594551034,0.017352409137791125,1,Z,B
0.1947107160691037,1,0.32991490723084815,0.39753216229908406,0.44785208852902203,0,Y,E
0.8659968229267218,1,0.49613359388110023,0.5214240976220367,0.049871200277203265,0,Y,C
0.035717867538365256,1,0.5686195516937013,0.75353697923694,0.02213629695727415,1,Y,E
0.2803075880590067,1,0.67267008814557,0.9826551992072298,0.2895991194783073,1,Z,B
0.036310779492994626,1,0.06045460671713754,0.09169442223036361,0.05478916609782225,1,X,A
0.42466398675732664,1,0.9863783890361884,0.5283190057549111,0.44506313960007227,0,X,E
0.6884437358939546,1,0.23377249082484053,0.6474395289249387,0.2970237041448386,0,Y,B
0.6861416202510815,1,0.7425480178399837,0.24286791203498004,0.30582423771101197,1,Z,D
0.3590696132657851,1,0.5163135756052714,0.7141793443494164,0.4728942648273693,1,Z,B
0.011629538681767589,1,0.5133924040284421,0.8332592304936873,0.7417820979186555,1,X,B
1.9849909686175623e-08,1,0.8253676728898991,0.3295049260691807,0.6089013104058761,1,Z,B
0.22888494952820262,1,0.8977626665545866,0.7279218240909324,0.5849347085249536,1,Z,D
0.08172251104929408,1,0.5275704893014297,0.8171778742034824,0.6430650581899552,0,X,D
0.15283094863696609,1,0.9569222464470402,0.7497632442404202,0.20333959910989574,0,Y,D
0.2791018790535277,1,0.8593411388738988,0.5722447318770386,0.12114894920164032,1,Y,E
0.3386404493986833,1,0.9461449087724075,0.1954529289731496,0.36293886167752054,1,Y,B
0.09809959192288503,1,0.9680678231399527,0.7206816081808525,0.08133578697346966,1,Y,E
0.003448193445356247,1,0.17735930512719578,0.7430062644480824,0.8685085624689408,1,X,A
0.36815347811371835,1,0.9632850928581762,0.1885732928165459,0.5525931353729912,0,X,D
6.80495455544359e-07,1,0.0690708640724389,0.9872751695389782,0.7591663623279907,0,Y,A
0.2875477993803527,1,0.3133620513207487,0.5853617791424415,0.6760573639789703,0,X,E
0.281816082904588,1,0.1134870451122888,0.36254796390288857,0.8230891662743073,1,X,E
0.02398498304060412,1,0.5722977145951872,0.6818311919457369,0.8916115248210521,1,Y,A
0.04441817566851649,1,0.22716942587797806,0.11874908623350955,0.13879704835080664,1,X,C
0.28170790472467444,1,0.8240983603093304,0.005874127819221586,0.38569258902325354,1,X,D
1.0778732024556186,1,0.8977305264703952,0.4168551305328082,0.2185251217031594,1,Z,D
0.898649938332846,1,0.350545096559843,0.6254889414167669,0.559321968603405,0,Z,B
0.9647388668178873,1,0.22810781518261736,0.9873425271818019,0.3830420776445105,1,X,D
1.1394041431034276,1,0.851708866758034,0.6395491965874623,0.4856031935450499,0,Z,D
0.32519201258755753,1,0.37895982224669456,0.5672950356119238,0.026773257870196354,0,Y,D
0.0535135886777036,1,0.6128057926732966,0.4322551609797527,0.7462593758402926,1,Z,C
0.9522449178002056,1,0.18468475836937626,0.6845882119314455,0.771169021945412,1,Y,D
0.06118793127112838,1,0.3669694724859708,0.16745618942151885,0.6576923776897012,1,Z,D
0.6251478125683625,1,0.2179980058554135,0.00751974250847065,0.5291263877411342,1,X,B
0.13460456599891255,1,0.4612926563170714,0.8958595888625236,0.6523525548514413,1,X,E
0.00035520138100263545,1,0.7711816262839255,0.5627226340397804,0.7425770535963101,1,X,E
0.010994749705182093,1,0.8732032030865718,0.36038276950047,0.9600066322289034,0,Y,A
0.21637552309070648,1,0.9002217303947774,0.22346673906070091,0.2474033249940415,1,Y,E
0.013664448229327757,1,0.43481043691001253,0.33564253256165655,0.9127833718111846,0,Y,D
0.25027958823558744,1,0.9368163111344393,0.5501602702091284,0.1450401823567523,1,Y,A
0.4812992211749051,1,0.4788435538574709,0.10941341916679725,0.382290451371859,0,Z,B
0.159547806499584,1,0.4481882042204395,0.0888760922577082,0.8355783217744872,0,X,D
0.2263556794783495,1,0.34611283477529764,0.43647846394140555,0.027548029096261417,1,Y,E
0.015440630715088947,1,0.8949378949053575,0.3246369522012288,0.6057557202039986,1,Y,E
0.28057519131413955,1,0.7035238001293201,0.912553554738432,0.4616258267769924,0,X,A
0.14314154345277533,1,0.7217002775684298,0.3766610469343704,0.7406813646126132,0,X,C
0.09228973321891218,1,0.23704415987973437,0.9076768474868727,0.36853237121678306,1,Y,C
0.32297492692587515,1,0.7743193977728081,0.21901246204311398,0.3243496419892179,1,Y,A
0.7254882297605237,1,0.3694706384568568,0.24538984711610956,0.3957490614974102,1,Z,B
0.07944715995572282,1,0.9908181555248078,0.14708340979617074,0.012150535914629779,0,Z,B
0.12973972114716092,1,0.9522701883159803,0.05011383781325374,0.5712145305567307,1,Y,B
0.09716221682877423,1,0.4363385664960102,0.30102310678332644,0.2887418090831908,0,Z,E
0.0492658199835219,1,0.05070112186667186,0.16316769939924303,0.9294989182849764,0,X,D
0.3477568502967283,1,0.6089082045662443,0.8273228988044112,0.4655886462102523,1,Z,C
0.18422625718561111,1,0.8974392968658369,0.28609167847176165,0.03850089422836289,0,Y,C
0.5140981095654913,1,0.7143595534592231,0.297352419877834,0.2940834909972847,0,Y,C
0.195371342595214,1,0.32665908723119386,0.26281368022820106,0.25583143069898484,0,Y,E
0.23167952492707822,1,0.6082600412554708,0.196336245678716,0.4401469670364522,0,Z,E
1.045564700617266,1,0.1692874977567329,0.32458823256363356,0.2541951213736422,1,Z,D
0.0205335023070325,1,0.6455168210685475,0.6225703166247388,0.15007627581496075,0,X,D
0.003141519212735689,1,0.535238734924312,0.40247986276367165,0.9081924157327017,1,Z,E
0.2016036867512048,1,0.9386306048861653,0.9096865512156396,0.17826203192350099,1,Z,C
0.7007168614469951,1,0.970967338982121,0.6466306594310328,0.02366481945563159,0,Z,B
0.05700771496316191,1,0.8138736422202291,0.7775393978298865,0.612835857212072,1,Y,A
1.1284329299727596,1,0.15259253976435094,0.45856329933377826,0.6745320203411452,0,Z,B
2.5639308633886005e-06,1,0.3750258720630826,0.6578402442953323,0.6756325339412641,1,Y,E
1.102539994097664,0,0.09609206368129353,0.07895137412215247,0.12316703848571242,0,Z,E
1.2154434241731957,0,0.7233039789489755,0.5206150213222928,0.6240819841185521,1,Y,D
0.5174659064003585,0,0.3118012066404007,0.3176182647700355,0.035403249653019775,1,Z,B
0.5110844488978464,0,0.9524428778670024,0.07413483962613665,0.3863600495932463,1,Z,E
0.5138620510508437,0,0.47577787314615316,0.29666373800597556,0.35974576180848694,1,X,E
0.4009206425226583,0,0.8421360433995213,0.2857961747171325,0.5455742926870936,0,X,D
0.315360542766903,0,0.7462610164706291,0.962152291394317,0.2837054091012362,0,X,C
0.7362616145410442,0,0.04026499689759666,0.13770500483726522,0.5629083944550259,1,X,D
0.45134388015310584,0,0.8683138637428615,0.02989507566125016,0.49366015199112,1,Y,C
0.5144508020587232,0,0.8319929033660067,0.5193738510353384,0.06312198259038782,0,X,E
1.1033457209266593,1,0.18960196479088165,0.5873154505209027,0.32792812095446744,0,Z,E
0.03133330484177774,1,0.6608700021392545,0.7377588071700231,0.14878170168162752,1,X,B
0.509504825605669,1,0.23586789064397895,0.9622227132103544,0.7389597190807425,1,Y,D
0.9796661832561057,1,0.026050176320387308,0.8001019991435029,0.22203949636649156,0,X,B
0.5987403905809595,1,0.004945292219370234,0.9745129382589746,0.5645987724491637,1,Y,D
0.27750765852053016,1,0.02854252441977323,0.15957289427815924,0.8723300692545772,1,Y,D
0.08173978001912274,1,0.6302415531166137,0.04126201826668041,0.25847756012602807,0,Y,C
0.5915372185834461,1,0.8343701412869661,0.27128943117519344,0.4834335856145118,0,X,B
0.24850035123773329,1,0.9808469364399988,0.6318515036004844,0.12262889826579626,0,Z,C
0.24096901934052933,1,0.41867435338316017,0.36054089093984687,0.45340189469724534,1,Y,D
0.37953201149874777,1,0.2585586207177586,0.0002119140533090036,0.2306994909442298,1,Y,A
0.5393126946794146,1,0.13911177131507946,0.09118160395847963,0.5243401430459828,0,Z,E
0.9569778388350048,1,0.8962325528795618,0.7518916551524099,0.4155720150815062,1,X,A
0.37650202387764947,1,0.5403747684675785,0.47378460901417263,0.0413219561879693,1,Y,B
0.060974105616670396,1,0.9277482079784393,0.36941954853954706,0.5241722580284074,0,Z,B
0.4610973771289333,1,0.9099253393924452,0.4638239559770384,0.4790597930851429,0,Z,E
1.0241148603446566,1,0.06921206297196325,0.1909994352896346,0.21005734144640986,1,X,B
0.6657241370431454,1,0.6380697537139467,0.8356149133680816,0.8640712362029331,1,Z,E
0.48007976323907825,1,0.41337746484459903,0.015227333452346836,0.08105205563419371,0,X,C
0.032208749338502145,1,0.5228617972758406,0.06217109575484803,0.8623746585027471,0,Y,C
0.7112086627310445,1,0.7000787059104756,0.5047689419570607,0.5520791983935269,1,Z,E
0.009576289880362491,1,0.1353100027042038,0.5320302698766988,0.18022644508611274,1,X,D
0.448139228029529,1,0.11358255063483758,0.7674793524685329,0.7965784960800796,0,X,A
0.2030241833676813,1,0.8977882706609235,0.46491173696715615,0.19768968842437917,0,X,D
0.9230579795717526,1,0.9446749231186778,0.438342081363286,0.9318128631369896,1,X,B
0.0001185293694512084,1,0.5565138343465599,0.39319711307218397,0.9687486052750397,0,Y,A
0.4923523059025531,1,0.6651859685806897,0.18243637749701913,0.5014607962919333,0,Z,E
0.03982995628178576,1,0.718392037548456,0.42970908705009736,0.6559271845823613,0,Z,A
0.09132630338161081,1,0.5988895975812464,0.6910738547001499,0.0637824384218294,1,Z,B
0.6682514459043298,1,0.17271110913888954,0.9552951787855046,0.6657058272468108,1,Y,D
0.20057199630356365,1,0.5912312488783413,0.21848190035876403,0.035200679169253846,1,Y,A
0.2684832852825549,1,0.654640882116218,0.9602468016065336,0.6601278336859995,1,X,E
0.00021354276223010542,1,0.7235776252920375,0.2521872277386987,0.9815895904186696,0,Z,E
0.08069578228519553,1,0.5714439609054239,0.0056356283531183715,0.8238125152830029,1,Z,A
0.17403840872729576,1,0.23169841189542628,0.5204097799879638,0.15350095619529402,0,X,D
1.3338986803060386,1,0.34978270969503933,0.9076423304280538,0.059335139784406854,0,X,E
0.21959927403868887,1,0.4042673550969266,0.8738576794447355,0.27826257788987574,1,Z,B
0.07292125218464703,1,0.5585059949629224,0.3454048711750499,0.3282597407630429,1,Z,D
0.12528318519163256,1,0.8927915612282898,0.08372870767581575,0.28719491857598745,0,Y,D
0.14810320676783717,1,0.2568315063103873,0.9179252040593666,0.555415965851081,0,Z,B
0.9400965933437239,1,0.1427646158798379,0.9065935587221374,0.32865255663082216,1,Z,C
0.03891174732293863,1,0.4372915864333211,0.3502693350279181,0.730068695464862,0,Y,E
0.5926281140658973,1,0.9391229798308364,0.514048706634787,0.08977087075665346,0,Z,D
0.0006614765413423923,1,0.0336427460694354,0.30780453890104154,0.662594890578467,1,Y,C
0.00033749155010902467,1,0.09776513410948484,0.3211651539079079,0.304811190988981,0,Y,B
0.6665404066171253,1,0.8194445323583026,0.34187558777253235,0.38412384572435576,0,Y,B
0.43247887277397284,1,0.40958210329163636,0.6474682343595337,0.1385821793466786,1,Z,C
0.34120418278088455,1,0.8087685326142494,0.3042214523529121,0.3946793224234493,1,Y,A
9.521168799706152e-05,1,0.54339363339567,0.5439942106322396,0.6248127846120783,1,Z,E
0.0012636252905574939,1,0.7514899772085293,0.19357342369221842,0.8023922329230206,0,Y,A
1.8729140250205065e-06,1,0.6833117537215908,0.07353335384974191,0.6607793257321395,1,X,E
0.22313597542797176,1,0.3080754774517731,0.7386409363313684,0.503346230123317,1,X,B
0.14237794419547564,1,0.6162742641268496,0.8544303264007745,0.09312056633341592,0,Z,D
0.0027304273744502778,1,0.45992839466104485,0.08201916650154839,0.8969076916778479,1,Y,C
0.0352315595722904,1,0.5114175519684772,0.1980924889923651,0.1009119290508319,1,Z,A
0.4202977263688759,1,0.35912588499619746,0.6320766887170293,0.35282535894448797,0,Z,A
1.6660274664613364,1,0.9984480549271105,0.8888677725423245,0.37559537580902647,0,X,A
0.0782717284649999,1,0.5000882859300043,0.11409988769929047,0.11095997818995262,0,Z,C
0.05569369879970783,1,0.5504906778152002,0.408306370395881,0.25858129308414624,0,Z,B
0.31053463978341656,1,0.3136225780294777,0.022545634774370882,0.45124973118013967,0,Z,B
0.007648290276355633,1,0.6395747628982749,0.7342461471603754,0.6875091649584265,1,X,D
0.3215455937256564,1,0.22860970739144093,0.22324970187046955,0.027461599001913917,0,Y,E
0.10901614351454493,1,0.28986260395058383,0.4581553901882637,0.06869218966088653,0,Y,E
1.234512142639419,1,0.7265007623758658,0.43646603968631725,0.7000748134860667,1,Z,E
0.00270597066589623,1,0.6737822814025507,0.11586698207144441,0.6967870094016091,0,Z,E
0.6699761017414637,1,0.8022161398657071,0.616846448521512,0.27784950350876947,1,Y,D
0.00514144576540831,1,0.46502444175215185,0.16856845352572758,0.8976276129458425,0,Z,A
0.3351937883697196,1,0.9464952751577308,0.1003892756188538,0.3107316633373074,0,X,D
0.0017196502320789243,1,0.05395475911976666,0.7562474133577483,0.572754587730684,0,X,C
0.29716399217065304,1,0.744701789579389,0.3244638771344942,0.3854084231560707,0,X,E
0.036068886202384534,1,0.5173720893552768,0.5114646756169177,0.4174832580951414,0,Z,B
0.1651266959907446,1,0.7294286703223853,0.027064319571096784,0.2565496337004898,1,Z,E
0.011472395064299234,1,0.32851434670180235,0.9388040248659352,0.43559309567561,1,Y,E
0.3560477847979358,1,0.5440008234111905,0.4108331508472598,0.3525431017085402,0,X,B
5.2817821601032176e-05,1,0.1308008749876839,0.7735814765769099,0.613795586880887,1,Y,A
0.07445903198438814,1,0.9618981787528241,0.3440883154486224,0.54964328288375,1,Z,E
0.46178995538472994,1,0.8769711408969325,0.0704238432803641,0.20277229715698342,1,X,B
1.6008373081021205e-05,1,0.8795896862997954,0.6835727205383162,0.8350286089597697,0,Z,B
3.468113739297177e-05,1,0.5373151181069152,0.7283535510740887,0.681931110773324,0,Y,E
0.2011595459308111,1,0.7361264647510605,0.06813065298548171,0.8845131465965774,0,Z,A
0.2214768318006907,1,0.07628198800357033,0.9557476146128853,0.3279044333305349,0,Z,C
1.0253563758340287,1,0.7698413051635821,0.14694983005829187,0.23562365862588608,1,Y,C
0.06541272132466766,1,0.3175956330587266,0.7997914409317296,0.030893582073689974,1,Z,E
0.00016480295030400047,1,0.5274476200316676,0.1574087979795521,0.6441302178702843,0,X,C
0.7614244446977879,1,0.15195835029724103,0.6763254745443624,0.29965773863973977,1,Z,E
0.44045350306735553,1,0.1660573321552986,0.5840404526733068,0.6914601346867674,1,X,D
0.06470155852505854,1,0.35864235663408983,0.3886668434412478,0.9821918909843428,0,X,C
0.5125802487232902,1,0.9819934681391815,0.5607577429894846,0.5692642417692642,1,X,B
0.3824429361886109,1,0.521760417461649,0.8367522535808922,0.49296404493827695,0,Z,C
0.6331085559069861,1,0.14905670980654928,0.043483311034788086,0.8364623175675802,1,Z,C
0.06422988429077078,0,0.8656962593212455,0.7647364552575432,0.3046278865628851,0,X,D
0.7541020950758487,0,0.3290169488078023,0.9420717655748971,0.2975311976676206,1,Y,D
0.8577511073418119,0,0.19372255351132583,0.5900083567139441,0.4239624207014565,0,Z,B
0.02718076831213168,0,0.17438061648683945,0.5008980115838435,0.939468163518917,1,Y,D
0.12388500002126913,0,0.03057831099988939,0.4720819017017299,0.13287014468787695,0,Y,A
1.4350739309304414,0,0.011483273581788245,0.8352476801738239,0.2476819233972536,1,Z,D
2.0267964340106848,0,0.1179202482031444,0.7678036714877664,0.07343046968551115,0,Z,B
0.034474943816393946,0,0.7148607706564127,0.7796682374936053,0.5680233014815288,1,X,B
1.0176753207153397,0,0.2617179778339329,0.4375082818512597,0.354797310282842,0,Y,E
0.2192147400108821,0,0.6316849191201019,0.6284969780871558,0.1333367123467536,1,X,E
0.12869575166823033,1,0.010513288440925694,0.9626216078724575,0.3679946601627321,1,Y,B
1.3108195514405485,1,0.7644711035450603,0.7669350083579796,0.3288125380171165,1,Z,C
0.0692457399490822,1,0.8399546419904428,0.21857295465152193,0.9421984777466956,1,Y,D
2.02402410985321,1,0.11036358725293449,0.484019345636736,0.597905875306148,0,Z,C
0.08000302705506376,1,0.9299501769693718,0.39020056727948416,0.7692053424615833,0,X,E
0.9248721453679807,1,0.0835164112164134,0.47360786921858833,0.14693086865059646,0,Y,E
2.243809095253686,1,0.1900144628658641,0.2985208078265926,0.19274135571006257,1,Y,B
0.5346477158491825,1,0.8715476438060448,0.023961563469658498,0.44252909691741804,1,Z,A
0.4033767093671045,1,0.6879574396015292,0.6243750547741405,0.4430858625048226,0,X,E
0.7946348824568575,1,0.8651235597331942,0.3776833038939119,0.5026087375404796,0,Z,B
0.36788025227089793,1,0.3714452823652764,0.037669364986369636,0.4947402899329262,1,X,B
0.03427406861841877,1,0.4721093170583741,0.019200779155683745,0.9761330328660056,0,Y,A
0.07806757053781405,1,0.8301202700988569,0.6873091343051351,0.09689266121013995,0,Y,D
0.03123200918858836,1,0.6874115285994082,0.727634743586977,0.999191365184345,1,Z,D
0.5955218332936414,1,0.22477471062397725,0.15500886230753896,0.5144118631067004,1,Z,D
0.09725775944509442,1,0.4831666240922933,0.2838976916620537,0.2008594611118405,1,Z,A
0.019906350283640573,1,0.8117438559310051,0.25357988993057956,0.8446894550216497,0,X,C
0.20991358311607977,1,0.6236671173298747,0.889447174282464,0.5914187029022773,1,X,A
0.5445322934512177,1,0.9367717070961343,0.1929002434541266,0.08952253042517389,0,X,C
0.48210414941838653,1,0.23020642023890625,0.7962001091434407,0.6047798714294397,1,Y,E
0.10418231948605922,1,0.05411769083841722,0.34188396015540334,0.08374294203257149,1,Y,E
0.06461647017262806,1,0.7589012591088756,0.651808608251489,0.05871617202444712,0,X,A
1.7915139487009722e-05,1,0.1841876257571794,0.7182956209329744,0.5874284595969601,0,Y,C
0.7616205008399514,1,0.5658477103467908,0.30109533882753037,0.47253131093545964,1,Y,C
0.6391521411776955,1,0.3637448525773578,0.06214564131009237,0.5649614979080972,1,Z,E
0.4006285615608757,1,0.8631522165176697,0.8271995252431722,0.21819832786153803,1,Y,E
0.030266278811621954,1,0.31183733789959955,0.22538256731133266,0.2140833710356168,0,Z,B
1.4980115763451631,1,0.4416962380157702,0.9429610072568922,0.8062476017732667,1,Z,C
0.0001903985581284195,1,0.7630091978527654,0.4939153100188157,0.9652949979225182,0,Z,B
0.45225787854068195,1,0.29571568745315857,0.09377605927353172,0.5180571936803345,0,X,E
0.008129657226332545,1,0.63120862576605,0.28199785559850443,0.6056568820109864,1,Y,E
1.8287794036390422e-06,1,0.7127023592196118,0.3220839044733168,0.6420358422903347,1,X,D
0.000742554318379024,1,0.37801563709656794,0.6026083297593964,0.9214620606480695,1,Z,C
0.0015946572940873282,1,0.36109169980717293,0.7247876506110246,0.7927755132071211,0,X,D
0.630466495747832,1,0.8338852246747953,0.3398798967184681,0.9726426438441017,1,X,E
0.3853311526876437,1,0.5461316969135754,0.8311369559724892,0.383423299570119,0,Y,E
0.8678865607246224,1,0.6754848945934718,0.34587473929149615,0.2451551323530472,0,Z,C
1e-09,1,0.9354788234320539,0.571074017894363,0.5973506516151326,0,Z,D
0.0004128308198399291,1,0.019981289066431374,0.8355680557699702,0.1406516150891629,0,X,B
0.20155818085868238,1,0.2057157128926026,0.9297403244127085,0.8349924473267516,1,X,A
0.0005101458722006116,1,0.9253232760899515,0.3584548117181633,0.6487097227852714,1,Z,C
3.577925362124505e-07,1,0.7637763631115404,0.4828980421230882,0.8408390673309207,0,X,E
0.43548831762585005,1,0.9741880440510906,0.8057413062778894,0.765305156277083,1,Y,B
0.30271064088756267,1,0.178087525605804,0.99273317017517,0.06803539331708264,0,X,E
0.5079977679365364,1,0.30349086314760854,0.14681898848662367,0.45927654326001244,0,Y,E
0.3849025449537597,1,0.13091099395294215,0.980146296115495,0.5723239675188924,1,X,E
0.08225132170265642,1,0.5648801411498761,0.055908250084347855,0.012644975811152426,0,X,D
0.0012107565385610778,1,0.9300394075646709,0.5331702973834782,0.6733773751032864,0,Z,D
0.14739145485591906,1,0.7420033593544793,0.06928897425615466,0.23469943874522192,1,Y,E
0.9165868269605258,1,0.31213694615332377,0.39755030982427286,0.22131243483361185,0,Z,D
0.050054916723929956,1,0.13204212636336454,0.24052062621902381,0.36306851260477624,1,X,B
1.209651807593729e-07,1,0.6849230776583392,0.19768375260252435,0.7715002953981704,1,X,C
0.07395383897331038,1,0.7681430362507129,0.06971878720544566,0.9098178864743113,0,X,C
0.10177997314469095,1,0.9864203847149453,0.571804256327341,0.8741221323268327,0,Y,D
0.15357682898186786,1,0.9796948316322412,0.12394313589230321,0.28706586153744873,0,Y,E
0.0019613767833236294,1,0.038438504848141375,0.19523051976802208,0.04149288600755163,1,Y,A
0.40442164731665936,1,0.2714669800692089,0.3946582297715533,0.5545029929649495,0,X,D
0.1437806925567669,1,0.8509296124202447,0.03192542655541186,0.20078010566882776,0,Z,E
4.138690148538116e-05,1,0.45623931956034103,0.21133940039097532,0.8979299449772788,1,Y,E
0.27937221014482383,1,0.623943966406158,0.851141141423087,0.42714375437548724,0,X,D
0.026296483178778095,1,0.484710866262584,0.7545988183370906,0.13596393754354685,1,X,E
0.04978410104691156,1,0.7653749886074063,0.9805237376746806,0.4216520614042212,0,Y,D
0.30819935785290475,1,0.8468126935583032,0.30122012333877224,0.24750817541652959,1,X,D
0.005089397360486929,1,0.9879014748102226,0.21001170292589033,0.1962038261085468,0,Y,D
0.3972674780250267,1,0.4982417353389127,0.12996610585098278,0.37060970214136424,0,Z,E
0.30371160471730535,1,0.23799059324814154,0.5474480422293831,0.6426103472567993,0,Z,D
0.5226454253613373,1,0.41486143965608835,0.6845770232113786,0.684135183043337,1,Y,A
1e-09,1,0.35663508782925935,0.28299235407290446,0.6643717735374852,0,Y,C
0.23208576806435138,1,0.52018380280267,0.9460754623881131,0.7444164062560394,0,X,C
0.13836628284685232,1,0.9181250278914426,0.31287586558395253,0.5614932505045538,0,Y,A
0.3300364796951962,1,0.20880553323106632,0.2868116959614372,0.6667979232835286,0,Y,B
1.8586642613311861,1,0.18417262697297232,0.49121774778107574,0.9956613235792529,1,X,D
2.0059376701309586,1,0.14212767281530736,0.29984345868611695,0.6644241014282931,1,X,A
0.722266328765656,1,0.7645181642001867,0.8652189867925811,0.1974947323323829,0,Z,C
0.24858894446939533,1,0.3579367935764386,0.5706622305478686,0.6042776966291784,1,Y,C
0.8948310914973179,1,0.6068046362486261,0.2551539287240936,0.7385259887916754,1,Z,A
1.109840160582258,1,0.8596832804870623,0.9330584475539002,0.4515837483371321,1,X,C
0.7624241601763605,1,0.3035199130311873,0.1309620395678086,0.1952286808120013,0,Y,B
0.10916350857678478,1,0.9219629699230316,0.117300172294319,0.5930302753158322,1,Z,C
0.4520919514839949,1,0.04895203572412943,0.3099293918057109,0.14775600113073273,1,X,E
1.4153660362382008,1,0.1697463617317908,0.8571447472975755,0.5539788875601592,1,Z,D
0.25956651137339626,1,0.8198578158788521,0.49255394563402144,0.16433668771776477,1,Z,C
0.08989276826961762,1,0.9838899775093655,0.8779601781575707,0.20612333687643702,1,Z,E
0.7043489070967166,1,0.8405222305471739,0.02107800765588219,0.6406254169606308,0,Y,A
0.01666518549471068,1,0.7643418365386169,0.08521408035221589,0.3472655830724284,0,Y,D
0.21109150228459678,1,0.29307626871850434,0.5182220392405766,0.34789535817341555,0,Y,C
0.46119467380718043,1,0.20351123389238857,0.10486173895956741,0.5973585946450546,1,X,B
0.6286934862434785,1,0.33861338514345085,0.1859428734245494,0.20539982892616637,1,Y,C
1.825884782026847,1,0.03461233805747699,0.5745688709475022,0.033062902350915024,0,Z,C
1.0380061573615,1,0.7433647465917294,0.854860120197787,0.34027049214832306,1,Y,D
0.6731452758214161,0,0.7915017486087887,0.8906235163127558,0.6082403199815885,0,Y,E
0.26463239672636507,0,0.6016699591497233,0.7673488519313523,0.5590779743444565,1,X,B
1.4744705502192552,0,0.1636165076486994,0.9148133502224068,0.9570797371939416,1,Y,B
1.4422401383566261,0,0.08888480026183887,0.5734630021366032,0.37204433416369986,0,Z,A
2.777837891582247,0,0.11363503760040006,0.6702424028322853,0.2757819014466044,0,Z,E
0.8454302673906421,0,0.411610687146283,0.21723192168678873,0.654160007797503,1,X,C
0.3791359643428348,0,0.04793269967098268,0.4188059979589195,0.7307449992749017,1,X,E
2.903554659223582,0,0.11315385529546851,0.8495228106441332,0.05318170871610994,1,Y,C
0.3683759529120897,0,0.5481644562826571,0.9563437168473193,0.08266075999404376,0,Z,E
0.11297743647448898,0,0.19236955736094907,0.43555678619195504,0.4975051547041277,1,Y,D
0.06014812210230913,1,0.7350308146300681,0.04848196619080669,0.28405815874480167,1,Z,C
0.0014107933507722357,1,0.8196511359676371,0.5480374880640588,0.838192206372256,0,X,A
0.4862462080854555,1,0.005251140308037305,0.42513513177532924,0.28894550297832444,0,Z,D
0.19513752304135723,1,0.1588829294397397,0.3502430818171868,0.44435235802080564,0,X,D
0.023306695847603445,1,0.9504539325752539,0.2340790659930454,0.6081650774700088,0,Y,D
0.10729732945307512,1,0.28218904674543344,0.9055913578707351,0.8450932936979612,1,Y,C
0.0006893539556929518,1,0.09046136892347212,0.14890935438816333,0.20963408626511437,0,Y,C
0.10715834295423111,1,0.3309042351875038,0.3523312199722689,0.13772076996792648,0,Z,E
0.5719677279251304,1,0.723279311297825,0.5617558859663538,0.20561511924149078,0,Z,B
0.10222395220726647,1,0.6429340739057218,0.17913097869036398,0.32534039002068604,1,X,E
0.2632503747671862,1,0.6157711022703115,0.9546693496989156,0.5725692845999003,1,Z,B
4.275671915487897e-05,1,0.5429330506872216,0.24178163870883673,0.6729487813630762,1,Y,E
0.6730534861966603,1,0.11168894277137331,0.6176930901771868,0.2242471630770574,0,Z,D
0.07409316006129664,1,0.3615094725487693,0.37417358451199356,0.1660508643385592,1,X,E
1.9947208408838477,1,0.202209424767253,0.21534075902298067,0.8111655338749232,1,Z,C
0.5128224332937342,1,0.6144064960541407,0.23224948183975624,0.1783458372806317,0,Z,D
0.8048229338159181,1,0.1453235816000299,0.9254151209084577,0.31189559074279427,1,Z,C
1e-09,1,0.678210168815281,0.7127888748741472,0.7933708667626735,0,Z,D
0.032267224801184075,1,0.7576684056512275,0.631688681160467,0.4719228817731239,1,Z,D
6.507233595299501e-05,1,0.46737144796857744,0.7504719866684395,0.7055628862639631,0,Z,B
0.20624449645366377,1,0.4751461786718646,0.4242389263419979,0.4202005994061465,0,X,E
0.1540115736388919,1,0.8903349609981905,0.6127051260455318,0.6400134637995148,0,Z,C
0.048168733445947194,1,0.4525825426323846,0.04464835753884355,0.12789787742722758,1,X,B
0.15482361782062018,1,0.18642341547996577,0.8764915018366871,0.4498414294950873,0,Y,C
0.5832294341854217,1,0.219530633558645,0.9546857964515264,0.8103577358317684,1,Z,E
0.4172351974402181,1,0.4405176317933681,0.01147074845476026,0.6980863728270876,1,Y,B
0.1064062878749317,1,0.629470885535014,0.8499911870499318,0.5056579182446965,0,Z,D
0.07571963154642698,1,0.7052821621143248,0.2620724618162682,0.018151733221305366,1,X,B
0.14255398500169048,1,0.9630933672322681,0.8018077349721752,0.3562967010954661,0,Z,C
0.5349551448948113,1,0.48869187694416116,0.7297662215225554,0.013476847704931627,1,Y,C
6.904426356010283e-05,1,0.8519868763753329,0.5123410413149956,0.8717254115581646,0,Z,D
0.008393712193114388,1,0.6587019634947994,0.5573049887562945,0.8337276576293698,0,X,E
0.0005028712804404897,1,0.46401086327668506,0.13491662959982664,0.7385404354195603,0,Y,C
0.008962956646075009,1,0.703976875930138,0.13799325291416753,0.8543571907436912,0,Y,C
0.5491790932173642,1,0.23942226101787334,0.8918458514920661,0.11074135485187975,0,X,B
0.06905670773174777,1,0.9606768842210903,0.18888464819362172,0.3901438056427361,1,X,D
0.330503900236115,1,0.28234691695194913,0.1802744614551165,0.1317277423702231,0,Z,E
0.003988249166526745,1,0.11865238221696195,0.9337864271574631,0.07643296292023838,1,X,E
0.13575804410672132,1,0.8533301732627737,0.8908158403396723,0.3771085668473716,0,Y,C
1.7800636404657935,1,0.21700236089533886,0.4414084249612088,0.4819359059444034,0,X,A
0.49576623021639715,1,0.022403948796242412,0.3165865454589015,0.4521187249233076,1,Y,B
0.7498286549111245,1,0.3575973577973902,0.024976657160752147,0.17009650004333254,1,Z,B
1.0964687527520718e-06,1,0.6192356048903825,0.7206036796696386,0.7153532266651726,1,Z,D
0.49730319091731334,1,0.21077599502393896,0.22670008842324274,0.8388917976639396,0,Z,C
0.1572935640170078,1,0.3922976004165216,0.38330814889294906,0.22649661653545383,1,X,A
1.266903270334697,1,0.20392131414287973,0.3880956581425137,0.0496768359014218,1,Z,D
0.27809976667793934,1,0.8993153778383874,0.5644762037687153,0.5173340747523728,1,Y,D
0.5855170995714485,1,0.924129233725078,0.4999256954218879,0.7690159922568449,0,Z,D
0.0009886670771740162,1,0.6375443602673807,0.20074786957944657,0.9645107110313628,1,Y,C
0.027930152100187497,1,0.38029852221619553,0.744632761602652,0.800256356736018,0,Z,E
0.749557317227299,1,0.5497211652969632,0.6632924271394357,0.37910063628699975,1,Z,C
8.346447727419282e-05,1,0.7919650788936304,0.8639385147426876,0.8168043047941235,1,Y,B
0.25143854622994627,1,0.7611184799190165,0.5693111052759592,0.07875921606033498,0,Z,B
1.2642206267964982,1,0.1654593478820332,0.9057081510477193,0.5663563107526419,1,X,D
1.2554197620200072,1,0.9760155818626908,0.1829660302298941,0.4055912661876542,1,Z,C
0.013437158599900427,1,0.09026448319023739,0.05192013975726639,0.6529320173918128,0,Y,C
0.004866173944205553,1,0.8052237415596537,0.3886368908940411,0.6738641210581952,1,Z,C
7.50463755136626e-05,1,0.5827968274161491,0.49137083521756497,0.9833455202090583,0,Y,C
0.012942771329363664,1,0.7437261504976709,0.4753913428185218,0.9007575145134022,0,Y,A
0.0021878373578656683,1,0.036607839580165,0.9605210521170904,0.5358534123791823,1,Y,C
0.7384042067623448,1,0.49066766515336024,0.6594847963568156,0.3776222334628826,1,X,D
0.20518678751648578,1,0.8600174212908409,0.4956956794622692,0.27517641727097353,1,Y,A
0.0049240618873918375,1,0.05436023061487716,0.3726274661211828,0.910509236293291,0,Y,C
0.11152468410106545,1,0.8509572072331772,0.16851034113850727,0.7027594573629775,1,Z,B
0.2626669886840477,1,0.7045008463674933,0.5980479799646005,0.23160959375535806,0,X,D
0.00034300906680280593,1,0.6545060535899001,0.09144470219974887,0.6832346743748396,1,X,B
0.3387793558050512,1,0.34365566029912786,0.10155071084992595,0.7563287575162841,0,Z,A
0.14709862351887631,1,0.45359368815139844,0.932088422334784,0.6295548855765416,0,Y,E
0.4375029652515392,1,0.4246381428365569,0.6755136361020315,0.5769206386988754,0,Z,C
0.8571241789752797,1,0.45471334367402183,0.7283031637996891,0.15003442064944505,1,Y,B
1.116925936776433,1,0.8315081238707803,0.20039246526140642,0.19508236440554083,0,Y,D
0.0015363357715282601,1,0.7150248015730113,0.5860957081496203,0.6235585213165629,1,X,B
0.011959477448714574,1,0.3279721334299788,0.003908777276480424,0.9423233274150657,0,Y,D
0.00020309097053657416,1,0.9702844502519833,0.38425691394741823,0.5929373963736908,0,Z,A
0.1341287577994564,1,0.25221263500668145,0.1263943436684153,0.7665154867375997,1,Z,A
0.3430012588489,1,0.13870793484549626,0.36314738176001804,0.9304806185668385,0,X,A
1.1205424552419752,1,0.7938440135256459,0.5919495014587112,0.04292389173983591,0,X,D
0.00019228177569225228,1,0.2703492329717677,0.5912648814845715,0.6446768699146629,0,Y,A
1.739809444785894,1,0.015284544204069328,0.39745984013448565,0.7819295256148072,1,X,B
0.6635026218903111,1,0.39921451320283596,0.2328369313370825,0.45674247831182113,1,Y,A
0.12913261687375766,1,0.015385462809586858,0.9904317795400706,0.7871195530740535,0,Z,C
0.2507436443599857,1,0.7509210525790244,0.6440991346432168,0.23876932380705584,1,Z,E
0.000663478244856675,1,0.08348288698302808,0.4808592536873376,0.965126221822261,0,Y,B
0.0002863715323900899,1,0.396147631900861,0.45066648387488095,0.9794408449652152,1,Y,B
0.11646595041435442,1,0.35637271888178323,0.24039136560278218,0.8318590196551977,1,X,B
0.27631670074444675,1,0.7636430851806315,0.17789013734668846,0.13912168433916172,1,Y,B
0.6661714581272951,1,0.3199052331421586,0.46313686832281786,0.9618013329457048,0,Z,E
0.18868868628583252,1,0.9645110548458227,0.6456770070184832,0.26833095948545804,0,X,A
0.4631751989242674,1,0.3954273523389087,0.9290363489167728,0.36608531405882283,1,Y,C
0.2560907726613577,1,0.727633884570372,0.586557235135977,0.7656114038927313,1,X,A
0.08970665037673373,0,0.4290985797142217,0.6492833902797407,0.5371259785038657,0,Z,E
0.11630035720016055,0,0.8945853192291648,0.9533272052372043,0.741296369900113,1,Z,C
1.4681818930606254,0,0.1486305533649397,0.015553279971412093,0.29398200079322323,0,X,E
0.14682643206086254,0,0.028013926507609144,0.086761183068227,0.3939269201741189,1,Z,A
2.7156678146289193,0,0.015656609248022924,0.05653777778939806,0.7920088072689845,0,X,D
1.6945928150704772,0,0.10275725637031619,0.25581329684946796,0.38842862841484405,1,Z,C
0.5797683544707108,0,0.19564240846494574,0.19081404186005502,0.9319691240939175,1,Z,A
0.7248819092083935,0,0.0013049055603540083,0.6168720781553287,0.3104529052539212,1,Z,B
0.9389641533817221,0,0.878607664996729,0.8295814798405955,0.4083571514591855,0,Y,C
0.037337888690617764,0,0.06164125382599739,0.47343266601289635,0.3378446658809503,1,Y,E
0.01988806766795534,1,0.43402653984605577,0.7483504111675104,0.6526849610448847,1,Z,C
0.32388665087236185,1,0.7374271085294453,0.7841740507175143,0.04092652485056769,1,Y,C
0.006888483094865561,1,0.8303924467768717,0.6624780560242358,0.6252251243445871,0,X,A
0.18487434479821135,1,0.7185208103087026,0.5568882323930254,0.7615607522540214,1,Y,E
0.009504116227153574,1,0.9580197175549126,0.7528198091729816,0.32038738190429605,1,X,C
1.0015095960389588,1,0.3259202764886826,0.8774586286171187,0.9410827844940418,0,Z,A
0.14401648083998572,1,0.8501750875415393,0.34320877432658625,0.5432881139835685,1,Z,E
0.47928523569783293,1,0.2220003944992981,0.9038436179328471,0.9361258054626725,1,Z,C
0.5705580654426398,1,0.23010814285044956,0.17204487784661693,0.27696825067773523,1,Z,E
0.09223977959566262,1,0.28678636301404037,0.0809064420329999,0.8001859870343055,0,Z,E
0.00039385658332766855,1,0.7656012951332207,0.8390595460833137,0.9268484827846953,1,Y,C
0.27781738107368,1,0.6122491071023978,0.41282912199906185,0.17216354111614884,1,Z,D
0.0005191242630724893,1,0.7325654120499198,0.478133200232168,0.6802128370859397,1,X,C
0.3748559911889243,1,0.2343339046238272,0.17082236863157896,0.11771886784483399,0,Y,B
0.23471715498256468,1,0.3986674616625412,0.07484909030053255,0.3115808334994501,0,Z,D
0.7567862709788693,1,0.7346810297996959,0.17622763073127656,0.36578346068923273,0,X,E
1.2254620757761694,1,0.6593071475531729,0.9775035603066844,0.5665892831465115,1,Z,D
0.034557525676595126,1,0.09142176407742453,0.016670811848736533,0.5900826751138957,1,Y,A
0.12148880651860507,1,0.06436921363192938,0.07112223056844047,0.949821092713347,1,X,E
0.7548624721897456,1,0.6801260959473603,0.4212310752684416,0.4399600546005864,0,X,C
0.29039216603076534,1,0.470519431614947,0.19762299884047796,0.3323490169105442,0,X,A
0.40644809910428553,1,0.6103487628306158,0.5599211033895053,0.4561896063669588,0,X,D
0.1630949163892442,1,0.3347389050326782,0.809052952003714,0.13591969684740024,0,X,C
0.9549551000061941,1,0.14329121697662472,0.834678501323361,0.00911194469193255,1,X,B
0.00029595739023541127,1,0.3162880051392505,0.24716904658850836,0.7884351379425568,0,Z,C
0.35565381612091695,1,0.6440136045653035,0.443276292773761,0.021888965562098295,1,Y,C
0.33451252250562913,1,0.550467048147404,0.7555830170222013,0.4610689124576772,1,Y,D
0.2053486166174874,1,0.6451312765009379,0.18204543945803875,0.3289222568806215,0,Y,C
0.11934623870139642,1,0.2270365655189993,0.8242671814821949,0.286429517514035,0,Y,C
0.017344427746870672,1,0.10729378927344613,0.2932732733417971,0.027629597378755366,0,Y,A
0.04641822594336914,1,0.08985417410094543,0.015515894868991631,0.12296314110579865,1,Y,C
0.8967793239230663,1,0.8426630010695711,0.5790656204215132,0.07496655741621128,0,Y,B
0.20591225739548996,1,0.7849933912702167,0.649450369547746,0.3223104471685381,0,Z,E
0.010684161672926025,1,0.8771049272648134,0.46756403955041315,0.8740658249841639,0,Y,D
0.01049578954046496,1,0.4226256369157242,0.5201572906263325,0.8104442602299055,1,Y,E
0.003076246649786195,1,0.3444521910021441,0.14432281950191284,0.8144497157704877,0,Y,C
0.9496204042448109,1,0.6358437263630548,0.7881228438829669,0.04544512649389165,0,Y,C
0.5625757494635898,1,0.2807446420167202,0.16234825099045658,0.1815863741250172,0,Z,E
0.7256793927345699,1,0.37576137038562074,0.27408619340177354,0.08004985959474664,1,Z,A
0.003956621659836186,1,0.6580226297004458,0.3122296899330803,0.5889683329572543,1,X,B
1.6580643056640452,1,0.7880179718721,0.43542500465540024,0.6576159936820244,0,Z,A
0.004698979056126168,1,0.7586649800946652,0.06390383661691723,0.8449317856586199,0,Z,C
0.8390421282708822,1,0.5797944668902487,0.24173077995288395,0.3583590467062119,1,Z,B
0.40334458463181516,1,0.6666036159618908,0.5899022230083469,0.14519370761722017,0,Y,C
1.356922699340275,1,0.02257427418229152,0.00744631473135382,0.1619761502841266,0,Y,D
0.005560922176352347,1,0.9636032639870018,0.16764958678956565,0.5585760438697146,1,Z,E
0.021100120321857346,1,0.5900783451437748,0.8511812079022639,0.689671975025815,0,Z,C
0.3062402759608506,1,0.01756294392935065,0.9676435459470858,0.09735567790714195,1,Z,E
0.18269639789728281,1,0.9057226249687396,0.10761839672088402,0.16066060366705315,1,X,A
0.47700173423703934,1,0.6225100582137694,0.8392573391987822,0.5185873133458454,1,Z,A
0.010003709802592398,1,0.7553213483803733,0.006010668639318206,0.8101196019411828,0,X,E
0.23752993988410115,1,0.6577959949828868,0.2485499530708829,0.5562375285217231,1,Z,A
0.0398411035212955,1,0.32040378817047344,0.443350913384004,0.9596497573373306,1,X,D
0.21160319429802904,1,0.31192660788470417,0.6298112415669189,0.06109679444928828,1,X,D
0.0014508057855841035,1,0.6193281369267106,0.26840581336392155,0.8206900067753792,0,X,D
0.001652191385475025,1,0.5909645933347428,0.9902509807093509,0.856007628006665,1,Y,C
0.4197811275489156,1,0.6837246187166542,0.533851231144611,0.6485304112494147,0,X,A
0.010440858144416157,1,0.7987082513837296,0.7225763498523906,0.9499153061811669,1,X,B
0.2831888193089973,1,0.31102846101228354,0.32259671296751435,0.8230066009674997,0,Y,D
0.2069272643235521,1,0.8481387830720427,0.6921142557306025,0.6598584302436855,1,X,B
0.23146815120450004,1,0.2252719404214254,0.9693944773725601,0.45075732438264426,1,Y,D
0.18912812546620003,1,0.9778714820866697,0.6213116525577128,0.06918340485799102,1,Z,C
0.002868703182137947,1,0.15450767290179312,0.46573393425703813,0.6364571783096177,0,X,B
0.9758255331339638,1,0.12065547777488628,0.7528443454719326,0.9875453557045952,1,Z,A
0.5089551980487874,1,0.8137093546514902,0.9844634831842166,0.9985297785314,0,Y,B
0.045082874479551754,1,0.9277763016036428,0.2698858420694844,0.9089897031892442,0,Y,E
0.0008216837319406731,1,0.6296749352033568,0.8008630206211855,0.8230854286706908,1,X,D
0.3520718787288172,1,0.3832224169098133,0.4006236036478288,0.5720864122774764,1,Z,D
2.0038739328252895,1,0.027374721881793906,0.788030746337263,0.6150071592568377,0,X,D
0.10927569446987978,1,0.0034648459020942823,0.11790669513268326,0.8253635389482631,1,Y,E
0.009501584748135498,1,0.24054924065324879,0.08721000502510545,0.6110565183554145,1,X,B
0.34243133219395294,1,0.8317015114431042,0.7007109961678659,0.6018108885278584,1,Y,C
0.15936505800753836,1,0.5510393472466942,0.9968049459092748,0.7694613637973204,0,X,C
0.014962088781452299,1,0.721165252097266,0.7687408971623061,0.8754474194230863,0,Z,B
0.07243414827822556,1,0.9318021065792652,0.0838070843366494,0.8277233408169502,0,Z,E
0.01647064531112541,1,0.427170835410592,0.3785922170896785,0.7820251248025198,1,Z,A
0.025863136426548663,1,0.5158515204803563,0.8075989918846912,0.809731386936103,0,X,C
0.015203074580336562,1,0.6870724265996193,0.796624810029275,0.37891764326600763,1,X,C
0.002950241626231978,1,0.5357168738737401,0.8491521582363468,0.6288547553680365,1,X,E
0.003948844331289439,1,0.14130956512325765,0.6134335368305284,0.9766011256866647,1,Y,E
0.7295943402428842,1,0.061352311117730096,0.7355763351453288,0.06965191062830611,0,X,C
0.5980982485155901,1,0.01606493754531635,0.6178833358441536,0.3848773990446863,1,X,C
0.6269938683401785,1,0.20139932551001216,0.09597734090827814,0.8808538205684282,0,Y,C
1.85687219068549e-08,1,0.47155542616359936,0.05043851055990467,0.8397808786230586,1,X,A
0.02654250406627131,1,0.8390296724294072,0.9065146524582766,0.026240820671808218,0,Z,B
0.8314313657749887,1,0.7116507441175959,0.8525844600056544,0.773411222145295,0,Z,B
0.0008071295030573837,1,0.691861737573386,0.7918136522733354,0.8529948380108273,1,X,E
0.018554153915381625,1,0.5300335675068567,0.8730399670405272,0.5306490052780456,1,X,A
0.010382231260892242,1,0.20994414003964723,0.2669359744408826,0.6549407664702926,1,Z,C
6.809468704752905e-05,1,0.5346217965105475,0.11951761606448652,0.8628735313998457,1,Y,A
0.896764521054574,0,0.20897872853781507,0.3989000540640115,0.4270499904882048,0,Z,D
0.48517985049505896,0,0.5581569093104922,0.9304020505247211,0.9129585234437048,0,Z,C
1.2322550537045138,0,0.1015309084457614,0.7608816266128199,0.5579357402961788,0,Z,A
1.5562837884552339,0,0.1894686604063891,0.025092577151541007,0.3808442890419599,1,Z,A
0.22739416445267563,0,0.14681696629072016,0.7423017765809039,0.19412375206146204,0,Z,E
0.3722434883836481,0,0.5103079722841236,0.7237193217079216,0.17786001342941038,1,Y,C
0.45380615787134554,0,0.2372717471589163,0.13768858905962356,0.29523047991154794,1,X,C
0.09789371732770502,0,0.48198091469387383,0.08809911475083632,0.5809794940916231,0,Y,E
0.28433127102442923,0,0.1089197423397803,0.5249735974127175,0.9483602181895343,0,Y,A
2.8611501211102714,0,0.040744198955277366,0.7435759925788924,0.5769707865376765,1,X,C
