time,event,F0,F1,F2,F3,F4,F5
0.2888050867685654,1,0.8410775252430863,0.2896643900651358,0.5854066148288,1,Z,A
0.16075905840519425,1,0.5273883270224228,0.26986464957585565,0.5363342794883128,1,Y,E
0.19521593714789306,1,0.74512345481418,0.0788252928074028,0.7787147411568683,1,Y,B
0.013042610312990617,1,0.2777931221056007,0.05565076092698351,0.2616367031875897,0,X,D
0.15199508005379325,1,0.3901677336372388,0.018303996685719137,0.971113537411277,0,X,A
0.06990482088026684,1,0.6967822607203018,0.23695070432616283,0.9686724660822223,0,Z,B
0.20143489225827718,1,0.5925920382902455,0.6111914483655353,0.48599843590499237,1,Z,A
0.1117492679297453,1,0.6839520080559793,0.6500391444213156,0.2547701147312873,1,Y,A
0.3130166668428463,1,0.30217893981639443,0.49783727414234025,0.5745404740278568,0,Z,B
0.3325122490743765,1,0.12021375112401744,0.060498884506637984,0.9162981416058988,0,Y,C
0.09361713191298351,1,0.2892651800063307,0.1732174682927441,0.38057094441340356,1,Y,E
0.30205556832088043,1,0.3097662680885829,0.8340257460966114,0.7858362264544317,1,Y,D
0.04532596661485163,1,0.5527785430543196,0.9385984570821103,0.4103249851511529,0,X,B
0.2193176218344649,1,0.9820998796199027,0.9511318795915004,0.8973893572627253,1,Z,A
0.004304299683385805,1,0.18593004724043727,0.8872103302243319,0.8571325959551211,1,Z,B
0.18944097893125011,1,0.7586158657280758,0.2726749231809682,0.6500639186089874,1,Z,C
0.012433986233025116,1,0.8414714433500623,0.04958095611958846,0.13470722398878432,1,Z,E
0.16271169275827319,1,0.40695685848931895,0.6785968525747615,0.4968521173862658,1,Y,E
0.1559956135080071,1,0.7397166977651789,0.7833970674795537,0.13539993037784315,0,X,E
0.09371087848833425,1,0.44874124011776306,0.8924974804843518,0.4292843987634598,0,Y,D
0.3555450404863117,0,0.7899840393697017,0.3374800409127564,0.2985910465019682,1,Y,E
0.01815006800644985,0,0.4258595815098227,0.9084641662298987,0.443936855709281,1,X,A
0.3545718549101087,0,0.2135999193226844,0.05500924463949075,0.908070393305858,1,X,A
0.009306312439813636,0,0.24682851760095104,0.520792570111229,0.7392949539048091,0,Y,E
0.13956523516886424,0,0.6148670547347435,0.03883271942829902,0.4477051482872515,0,Y,E
0.13924544290102542,0,0.7025181269266992,0.3970516846454677,0.585440158598951,1,X,D
0.3993851978680291,0,0.11580786422066847,0.500593219353712,0.7766650821183053,1,Z,C
0.23343922242487314,0,0.21421424074273043,0.5800175637858039,0.6577774945288414,1,X,A
0.2707416451142188,0,0.888726229887111,0.4507943610522409,0.5591563869517333,0,Y,B
0.39678253037275596,0,0.16493221838887506,0.8209987848068773,0.5229969568906899,1,Z,C
0.23147717331436798,0,0.2963641792537741,0.8991307007869321,0.5056815072868157,0,Y,C
0.04548452774125576,0,0.1809052232458711,0.8018108024639222,0.4673845982597473,0,X,B
0.39275017652614674,0,0.37342409445056846,0.13015073525353904,0.379997344513901,1,X,C
0.32454460466639357,0,0.3109544537204264,0.5944036797342528,0.522729680705064,0,X,C
0.34580411850596254,0,0.7163574825427819,0.16736012554003876,0.9576102569823831,1,Y,D
0.2458584371565568,0,0.36389917112847525,0.5853173797309924,0.4899794339905519,1,Y,B
0.3982142418272332,0,0.6544216472593751,0.5803483223566569,0.6487879891073322,0,Z,B
0.14888467164038238,0,0.9392865845936449,0.7138716377921277,0.6204873473120481,1,Z,E
0.3119430832250788,0,0.7902383124681465,0.45570730379257673,0.19744877491507007,0,Y,B
0.17920474668463574,0,0.6240254365361101,0.8397291898732856,0.36050098964250843,1,Z,A
0.39943164156315797,0,0.7621310361685479,0.6819956113853543,0.022811887038108658,0,Z,B
0.3802847026749013,0,0.7207379136045629,0.639550824428409,0.3188543888145555,1,X,A
0.37747951735458485,0,0.1449671217230556,0.3788484033138011,0.8418392985383376,1,Z,A
0.3858034539306134,0,0.8159994688095324,0.3319332372340227,0.4084461160779628,0,Y,E
0.19496251956786742,0,0.23238634485357423,0.8867970269762072,0.9245554653663414,0,Z,D
0.32616929638622166,0,0.7732199081347723,0.7810487065260838,0.833531017677503,1,Y,D
0.3093938505414576,0,0.8224630302960798,0.5041547278157653,0.6005368940853699,0,X,C
0.388155244399821,0,0.5720664701605978,0.5401258681191529,0.5173911378957582,1,Y,C
0.35086276606614875,0,0.24573003461299325,0.24837360129753194,0.8074404762444911,0,Y,A
0.08003318601270631,0,0.7162184955023769,0.4677705520115537,0.16989083630833168,1,Z,D
0.350617120428598,0,0.2606863104551871,0.5444742115162557,0.9313395454171544,0,Z,A
0.3987139495724124,0,0.6974732882071595,0.9102235675341305,0.08203437654835333,0,Y,A
0.22819869159232342,0,0.33001393531951273,0.9040261305373757,0.6449704126265313,0,Z,E
0.23225274391093176,0,0.05654344520487631,0.6529408980638841,0.9739013680623512,0,Y,D
0.39941644728604414,0,0.8899074651633248,0.0034545022230149103,0.08399572284488199,1,Y,C
0.18962219837517777,0,0.8446625952836058,0.2908436427609019,0.1511815157663985,1,X,C
0.30219704279268367,0,0.5180969746078248,0.20759102146583686,0.7059273546464527,1,X,E
0.329104994241132,0,0.24470695120574848,0.06877936495784587,0.5027617583997688,1,Y,A
0.27663380192965414,0,0.5688615669087161,0.030951281638228023,0.7615450687880533,0,Y,A
0.3802044539146004,0,0.4399357557855158,0.7884580369317202,0.14220341544707937,1,X,E
0.2568093096195233,0,0.7080459877976392,0.2596122815729631,0.9714877590666267,1,X,D
0.01591669641074296,0,0.8030874263803666,0.8000799009766482,0.7568062416692398,1,X,A
0.3389350089992964,0,0.49945978810656977,0.9831311830109429,0.6799637378966679,0,X,E
0.39855006230132867,0,0.9164267340251685,0.1487932296337744,0.36326046295842607,1,X,E
0.398335340894516,0,0.07054584438116185,0.9327803386275353,0.6998075907289512,0,X,E
0.29033846428469956,0,0.5571267013908767,0.5125836880143102,0.1347567150055724,1,Y,D
0.37768212387872935,0,0.8091008342238264,0.06009930162591226,0.2969184459702007,1,X,C
0.3142737054873214,0,0.640189157420407,0.4678652956361459,0.8195734626239042,1,Z,A
0.3123614378236524,0,0.6274726115187329,0.5226370754809342,0.3647677334359186,1,Y,B
0.28080198583511873,0,0.8125520796961946,0.1962666116970404,0.504514408596363,0,X,E
0.02604754375219325,0,0.3967898694091926,0.5856638537218372,0.269147901521558,1,Z,D
0.24378506593516547,0,0.796702847325314,0.023008178220490394,0.35340316190869936,1,X,B
0.11277410418591725,0,0.47847944791299946,0.21375661569890103,0.11270234852992866,1,Y,D
0.272982041108998,0,0.4581074656189361,0.12746586298722218,0.07874733841889203,0,Y,C
0.32795554159061197,0,0.8732062924782413,0.4584578628526098,0.7926165415673438,0,Z,A
0.3401898302689682,0,0.5502187497063339,0.3145863608518804,0.6513140777664653,1,X,C
0.06305356894754305,0,0.21469949139500222,0.03699805871635842,0.794712457689082,0,Z,C
0.2695851317263262,0,0.826278625569636,0.7350339258087459,0.21975106086977392,1,X,C
0.36150771487260486,0,0.6720077454397354,0.6674962342156189,0.4525770389828908,1,X,D
0.33992180205098194,0,0.34112435447294664,0.573005151208184,0.10211165210888684,1,Z,B
0.21141573571385744,0,0.0796618423435137,0.013904088577763152,0.1452520559587689,1,Z,A
0.24398403398999793,0,0.7074607900113782,0.5645745737615696,0.9546198967041166,0,Z,A
0.33103101236083204,0,0.01621061596487583,0.19791869759144087,0.2727973700404125,0,X,A
0.38945434406212737,0,0.714177869293395,0.8444333019926241,0.4956861404738472,1,Y,A
0.23147314317153864,0,0.7100924656729534,0.4912671444635701,0.5044800357294799,0,Y,D
0.04269539674363709,0,0.007264633773239937,0.41092370406912304,0.16955355152241658,1,X,B
0.35937627063839095,0,0.07690920190935058,0.10856312482885089,0.7398649921743552,0,X,B
0.08030668838840256,0,0.28555984124426226,0.5689442969313228,0.48029496768508007,1,X,B
0.3526862960818805,0,0.5066462265317163,0.6015406000743777,0.6951200948656118,0,X,A
0.349033358813864,0,0.3473808247202814,0.935744538997097,0.952183051839808,0,Z,E
0.2382053493609142,0,0.02238047024416645,0.9747086489946356,0.5510676143615779,1,X,C
0.3668369913308685,0,0.9493364223772849,0.5655989019260997,0.6484546855929865,1,Y,E
0.02430527562447145,0,0.7935190324917848,0.019856740570954323,0.7699934695245794,0,Z,C
0.14233276242212908,0,0.06530142217681323,0.31244816812375065,0.7946117386719872,0,Z,E
0.13270824883690577,0,0.3269075741503634,0.9548257539337878,0.12985495469693575,1,Z,C
0.38326421198123883,0,0.029108342858553016,0.6793391201193894,0.03813458623191379,0,Y,B
0.29924425872834415,0,0.900934166797435,0.5895809643803479,0.44444451829880705,0,Z,E
0.1362103786007957,0,0.5529676187626653,0.4062464505332355,0.23283664455100106,0,Y,E
0.02229410236110674,0,0.8182813366256418,0.9991655514949761,0.641023989126151,0,Y,B
0.3845032879994078,0,0.18529347205054958,0.7674031761378364,0.03231711069304055,0,Z,E
0.040626516188319424,1,0.9264662988667394,0.3701666749681062,0.2883908132130064,1,Y,A
0.3630202955858232,1,0.8681416468602295,0.25982228084655745,0.9756223842873094,1,Y,C
0.15167867207667224,1,0.1599219921361945,0.10564517030552023,0.5746670063799982,0,Y,A
0.15793045701929384,1,0.865331224993821,0.7796176820972394,0.3394810492991075,1,Z,A
0.0001780018295775928,1,0.4679241446809268,0.018406507765065694,0.394488066416808,0,X,A
0.046382559882407956,1,0.25723587470912423,0.30867422720057713,0.08886933387172435,1,X,A
0.2861740803846867,1,0.867509244546551,0.2533508032014228,0.5763226961082291,0,X,B
0.3120002055212105,1,0.38449161837646695,0.1492353581733864,0.1430762532828329,1,X,C
0.014081104025958462,1,0.5296163948676482,0.37075287965151327,0.3079125390590898,1,Y,E
0.022712165461457736,1,0.673340886992853,0.32682343857716345,0.8276931120791097,0,X,D
0.1193885171384654,1,0.0999561546089226,0.7187430260482103,0.7979895924402397,0,Y,D
0.03145943412304914,1,0.5039377824118048,0.7033765613695084,0.5232613335467594,1,Z,B
0.2560477241763497,1,0.061742787682757205,0.4582457974492915,0.7988652213432332,0,Y,E
0.15634714412885248,1,0.868783532346911,0.19581406096984,0.8693743888889859,0,X,B
0.04292142053611905,1,0.07705504548580566,0.8085159905708256,0.0015693755838653844,0,Y,E
0.1956183497617398,1,0.3467430106710758,0.8199333073886953,0.01919268769073057,1,Z,B
0.0749506972692587,1,0.7398277626012106,0.6652188840801497,0.870669295192976,0,X,A
0.024201651280162606,1,0.9257120997582818,0.5860780391334137,0.8540344794739424,1,Y,E
0.09932346395828422,1,0.9760317760072724,0.5809415462317148,0.8376835913708968,1,Z,C
0.02333692623549221,1,0.33724909716027995,0.7960483718118243,0.8040968065375624,1,Y,B
0.1823208495799911,0,0.6191121969773126,0.9939392771508334,0.7440013293381259,1,Y,B
0.07780477648755146,0,0.8109636752393042,0.44159590445286145,0.5281777845579332,1,Z,E
0.37435728408903646,0,0.5608773486051645,0.4048099626174073,0.38455517298593633,0,Y,C
0.05652022556909851,0,0.006946666419225922,0.7199956275130824,0.43974851769305956,0,X,E
0.1931374647684658,0,0.034110554326015285,0.5363525043721245,0.9345997075232058,0,Z,C
0.28631271754268584,0,0.7038261136602794,0.2701256250789399,0.051789425358729435,1,Z,C
0.047735844894973394,0,0.3405825262205716,0.3143556149749924,0.8075164856338246,0,Z,D
0.37812299334303984,0,0.4405301443366185,0.8413395636906438,0.29916870470940116,1,Z,C
0.3971486739608187,0,0.4118615660081767,0.6361164433737226,0.49122950035364277,1,Y,C
0.3975008478338528,0,0.31046028946556725,0.5486891885459342,0.45647514720704097,1,Z,E
0.3277635698930958,0,0.19078306436421555,0.48829369117302024,0.6519031060696537,1,Y,E
0.14007577518724454,0,0.7690584736506082,0.2876842038570223,0.1391820591475964,0,Z,A
0.3335510908617402,0,0.5141035434312292,0.6949752553238463,0.9142365643892278,0,X,E
0.3137838171684319,0,0.20072253189002753,0.200141059449798,0.38218001233430654,1,X,E
0.05564749686485739,0,0.4372990456822815,0.46265197475479014,0.20737166929094797,1,Y,C
0.10114885392994674,0,0.7404065843232909,0.021640948536305382,0.17253793650242122,0,Z,B
0.2810274210969833,0,0.6285069289846927,0.4652109585085895,0.8069649237972384,0,Z,C
0.38304797880815056,0,0.02632491079094168,0.5377884728948592,0.7041861648476186,1,X,A
0.36842387138395993,0,0.07297282242159397,0.718849887764672,0.11598179430239142,0,Y,E
0.1188475879318802,0,0.9165538745251859,0.8832566783226855,0.028931574938246163,1,Y,D
0.21567927078754123,0,0.7476932411294467,0.299074980636049,0.4446053901910785,0,X,B
0.3550379605986123,0,0.9101202864468232,0.6709747301876958,0.7778691944601818,1,X,C
0.13399266906582372,0,0.9161990793052319,0.9013156810172271,0.08160940495634117,0,Y,C
0.07200753480380566,0,0.8923446202941012,0.7034441015498046,0.4359415782187409,0,Y,B
0.24993348913537192,0,0.010005845443619599,0.885092567344042,0.17681550336111784,1,X,E
0.0558862918913646,0,0.9668731568325664,0.34255849019744755,0.2572857139841469,1,Y,B
0.05661868075040189,0,0.7406909888516292,0.5511915692540236,0.8740709119195818,0,X,C
0.36507889650003694,0,0.2988625014656825,0.18685696855913314,0.5349290735820584,1,X,A
0.14408931043763432,0,0.8974749929424027,0.11766243682821831,0.1593919818767009,0,X,D
0.09465689726713059,0,0.944289916331056,0.23988965812040952,0.17119856926389387,1,Z,A
0.01625923140557893,0,0.3625266685739168,0.8367121475647414,0.08532277698658663,0,Z,A
0.06829069603819352,0,0.17768528748606172,0.660214527182273,0.8942210388883228,0,Y,C
0.3586084089957556,0,0.5109619886081687,0.9438755965812904,0.9450419889825169,1,Y,B
0.364002581559095,0,0.7297147550311234,0.7589854404149932,0.09953790892414971,0,X,C
0.3764417676732809,0,0.0626810530171229,0.9362323167779398,0.19787129994297126,0,Z,E
0.13055942650365057,0,0.8860059948667687,0.18265622894277234,0.03214713115447654,0,Y,A
0.3895723798611488,0,0.6749038522436246,0.8307794809960406,0.5315349639633221,1,Z,D
0.3625905285118774,0,0.8159323115217889,0.4556918613127505,0.4137156390890838,0,Y,D
0.37789098443011304,0,0.9752908595641087,0.8477326835948267,0.3635674890032238,1,X,A
0.39464242000094263,0,0.6714319685974388,0.34026118956281914,0.2702510101258282,0,Y,C
0.15202838018636095,0,0.9738397427200709,0.4610756524371342,0.3251901031173854,1,Y,B
0.28408121524491825,0,0.07382948238793041,0.8873641314816082,0.08125181013798444,0,Z,B
0.08371697053119159,0,0.3199761631991209,0.5341240518434799,0.8630981481627884,1,Z,C
0.2665405764944134,0,0.005812433083885127,0.9705809609899329,0.9810266135103874,1,Z,A
0.2073048020875632,0,0.24433857578600426,0.22607841359171055,0.1912241948596498,1,X,C
0.34416910236122483,0,0.605990580578886,0.2986653191807681,0.34576478494139196,0,X,C
0.3897340338796165,0,0.45966685376998506,0.9704308673164066,0.2040375820022443,0,Z,E
0.3984011753207035,0,0.020033520777905545,0.07636673311515518,0.5773178930398152,1,X,C
0.26833627886239414,0,0.5228960027173936,0.46780384785867535,0.43478604603277393,0,X,A
0.2471913200005575,0,0.3141377340335113,0.742007204026731,0.9445481005241312,1,Y,C
0.3348403391248932,0,0.39211008499305866,0.6853255624374491,0.3973489032910844,1,Z,A
0.016953133758898065,0,0.6615734111099504,0.6517891892516802,0.1760857433024493,0,Z,A
0.3404959352459091,0,0.18131902507474174,0.09453535118737255,0.707870722660966,1,Z,E
0.3314833285316604,0,0.17774320064213323,0.6260775397258349,0.9120130221282043,1,Z,E
0.14091780526153272,0,0.8669087100656666,0.6946480568225095,0.17955880748949304,0,X,D
0.3155526822708142,0,0.5751071560650518,0.6845517455984643,0.6449388400435436,1,Y,B
0.20630852635239574,0,0.8841514249016297,0.49751581997726946,0.20071960677963963,0,Y,A
0.392983222208505,0,0.786457321290448,0.6457632694732818,0.1025620128404261,0,Y,E
0.3122519720459467,0,0.8174329469228593,0.4057329913292549,0.6731752178516113,1,Y,E
0.0010606179402745735,0,0.00700782015016066,0.22442875035248966,0.5069493407271837,0,Z,E
0.31110787890816455,0,0.7066361480990229,0.8662000178238201,0.017521794562381343,0,X,B
0.21832370556560085,0,0.914330494703644,0.1104998012953301,0.9116592167058024,1,Y,B
0.09275527021487802,0,0.044768200219348464,0.7518282467586513,0.9835992737558442,0,Z,B
0.22371217591064305,0,0.200838543030865,0.3623796665869383,0.29516829870024985,0,Y,A
0.3167435508817204,0,0.9757140081337894,0.41861451428340213,0.5836288831656988,1,Y,A
0.3946377493238069,0,0.44316205985925583,0.48765802912167544,0.9002097275459245,1,Z,B
0.29406174965542337,0,0.4935357611848462,0.022169254710537323,0.8780265033884739,1,X,D
0.13457828781357775,0,0.8835400727864571,0.7643315418248091,0.9764094519579563,0,Y,A
0.23389462591126647,0,0.7051967069765055,0.7781675736245441,0.6017750929652326,1,Y,E
0.11053041074142446,0,0.7561546802930095,0.21331498013593964,0.4023411719596005,1,Y,B
0.06471740790490024,0,0.7244166769629942,0.2497263411963514,0.19493312230614224,1,Z,D
0.1027239679059422,0,0.4935685035260834,0.9362953998889118,0.0016649406316150417,1,Y,D
0.3157562972425567,0,0.4021500212900292,0.5720799452071947,0.21884524546221062,1,X,D
0.32530745742721834,0,0.0056750373448184455,0.678878518461905,0.1711561819746107,1,Z,E
0.2683358632542565,0,0.5929813046295276,0.6921158202992257,0.5149617713757203,0,Z,D
0.2804757204134424,0,0.9496054735409698,0.9957593925736097,0.4527098812149969,0,Y,C
0.3911605794830391,0,0.9676661947621288,0.7528464453129745,0.47183091373649566,1,X,B
0.20140839760880574,0,0.7504935060345688,0.9102557503321048,0.6701117382219427,0,Y,E
0.163287146286418,0,0.4163342610314046,0.23468563731771652,0.7049005369970491,0,Y,C
0.3344315116718551,0,0.5566219339476693,0.04105183764040088,0.11101099079844179,0,Z,D
0.018878735540769978,1,0.3853361277308901,0.255554808085934,0.6511621286313808,0,Y,B
0.18753822213670254,1,0.8628371185142751,0.3504688458477566,0.3142502852144129,0,Y,E
0.34942404970945806,1,0.4873881716789913,0.2786879068200163,0.07181703184347044,0,Y,A
0.027055360466986846,1,0.3829416662124142,0.2924447936669836,0.6954544561054412,0,X,A
0.29695117958702993,1,0.006826937625458163,0.5778317373898801,0.5298151063028381,1,Y,E
0.018878786443074405,1,0.01758507217690264,0.2034303446704121,0.4310216267922652,0,Y,E
0.3098118782816195,1,0.4535870815981782,0.8260172598519843,0.29251274190955534,0,Z,B
0.26970727431250247,1,0.32749728169885817,0.5167222736234696,0.6496586091632656,1,X,B
0.2863607326461844,1,0.1779366937537723,0.9829233710836921,0.026577003074933714,0,Y,D
0.20875509875396395,1,0.6873771323292047,0.5346642359203956,0.14977703517170882,1,Z,C
0.26873430074560556,1,0.9251049399827908,0.42807210866740963,0.031371976239324195,1,Z,E
0.27935323179056065,1,0.7517671073666192,0.7171337449754496,0.9371737098364787,1,Z,C
0.03855525312448607,1,0.2564023934346831,0.7915666040935907,0.7099837362535775,0,Z,B
0.18021727474640853,1,0.4138050602689818,0.14192660672496216,0.8122629293027958,1,Y,A
0.14857234483549384,1,0.9091106431101001,0.08259535148859809,0.07228425833825858,1,Z,A
0.08427987933197185,1,0.9485395870465896,0.4998177863150791,0.24934073435203563,0,Z,B
0.22268837574222727,1,0.039983458143836526,0.2550515057921249,0.32312368936768,1,Y,E
0.09749764779829677,1,0.18933202896695722,0.8975956453214485,0.13940317980868766,1,Y,C
0.25195025136229887,1,0.07622243188528188,0.9712150389897586,0.28449255705009957,0,Y,B
0.12388615700727464,1,0.28278772379976946,0.6570334370798975,0.19402556207989674,1,Z,A
0.38004319340154186,0,0.6423170835989411,0.48520758441879464,0.42612787013536746,0,Z,C
0.3492044323456995,0,0.9659719022754769,0.5552066127001745,0.5802400177776167,0,X,D
0.31804446737274056,0,0.7826593194241277,0.5968201397233298,0.42299586722068316,1,Y,E
0.38246567494896966,0,0.6344586751016887,0.48739672740029005,0.8785998361947857,0,Y,C
0.37935486349398573,0,0.2601669713972685,0.7770503979318971,0.3470456897634919,0,Z,B
0.21999519937598702,0,0.13265890670609082,0.6344987615416746,0.926478764908016,1,Z,D
0.36883942465227104,0,0.39533972016488916,0.1353395381179433,0.11467400398613847,1,X,A
0.34228286390751483,0,0.18895079580845098,0.9234656702978612,0.768702095464488,1,Y,A
0.1689591526758259,0,0.8627078619824288,0.47398245184718,0.8013706982973738,1,Y,D
0.3913391497380193,0,0.05904539379524831,0.015825590774728338,0.7081407610292433,1,Z,E
0.35837932930836924,0,0.9562232216419856,0.9036434721645066,0.05246226685906741,0,Z,C
0.3402053282452477,0,0.2521579890737021,0.7021746531228928,0.2567100813613362,1,Y,B
0.21541210481640508,0,0.7342541292850822,0.37130513346452565,0.4079165911498587,1,Z,A
0.26284685413304176,0,0.8732673069832354,0.2201313412335394,0.34160753431174684,1,Z,D
0.283644911209415,0,0.01532360266997379,0.7590444883796651,0.14328687462657497,0,Y,B
0.24125876077700892,0,0.9318201269378926,0.3759572040180226,0.7077543398322269,0,X,A
0.38644936576230454,0,0.40722970314839,0.8374872658799176,0.24247875544692543,1,Z,E
0.2866666572799893,0,0.6716041582464357,0.4948317899137401,0.9200378538031692,1,X,A
0.39901916480411553,0,0.004491000667158684,0.012665240275634648,0.29866693649153386,1,X,D
0.11719602602234187,0,0.7734857981536273,0.876258839307019,0.8811074210814812,1,X,B
0.27149856842613146,0,0.20836640379149773,0.8319290140875293,0.5371854010700235,1,Z,D
0.1870269829985966,0,0.1488541607121019,0.47729333447037026,0.6402461363822697,1,Z,C
0.05773665550135427,0,0.5517635874377533,0.2969407705692916,0.10887697087153159,1,Z,C
0.10132225996631,0,0.8051143277005886,0.9906171774482132,0.8076780042291203,0,Z,B
0.0728486977348925,0,0.3742667017023654,0.09443998208150306,0.562313056696909,0,Z,C
0.046836178089121,0,0.10170384140337696,0.6487900250088734,0.4848691763854637,0,Z,B
0.10965890546661317,0,0.7335932874502066,0.08696031572621066,0.547395505637036,1,X,D
0.3890479648084283,0,0.3299634242168439,0.0812947491078655,0.6347394078093815,0,Z,E
0.2545868407151768,0,0.18438453018903067,0.3614366011439236,0.0424931626848184,0,X,B
0.20476018740328314,0,0.5082989577213538,0.9450587236656968,0.39002046391330414,1,X,E
0.31828172460297516,0,0.3583566217785291,0.9313836841075599,0.7459458089274811,0,X,E
0.13258161175696428,0,0.06775238927505156,0.7557911645787465,0.5929390418004468,0,Z,D
0.23936705969011715,0,0.6318653038634631,0.9774840293648814,0.8949638048342384,1,Y,D
0.03570222757522771,0,0.10712489469948216,0.5470596512434863,0.9673975209993853,0,X,D
0.3924937556498325,0,0.5938598732601991,0.0828546111244104,0.5194726208437113,0,Y,B
0.255111131275787,0,0.9242641943113059,0.6999378406364009,0.8676433189827073,1,X,B
0.33269063705797697,0,0.9704266711314268,0.00042189790924618276,0.5293344237019942,1,X,D
0.30759002182518297,0,0.6383879347341963,0.5350184885399573,0.5767663358011171,0,Y,D
0.3044986089893363,0,0.06824848287233876,0.9282253055390705,0.07360154677570996,1,Y,C
0.21869830151396985,0,0.1615212005643486,0.5890722010427961,0.5565889208687644,1,Y,E
0.3991992251273508,0,0.8803219971683263,0.16385617795338359,0.027945009346556637,0,X,C
0.09722626483172217,0,0.24283319799940462,0.7188532258907315,0.9434825303627272,0,X,C
0.12841069040900877,0,0.25660725314261856,0.758533249588452,0.6196602604768995,1,Z,E
0.28585359082463735,0,0.5781617277001703,0.6830815872907492,0.6792254646320602,1,Z,A
0.21904889471337896,0,0.5690807236148508,0.1712951751217031,0.747355392749862,1,X,B
0.27684562347184566,0,0.10804745549206507,0.6618357789657353,0.8638430854912728,0,Z,D
0.25100632055338284,0,0.3786267004270234,0.9600513811974979,0.7591078562323581,1,Y,D
0.39942245574979196,0,0.8632045725919051,0.06555160601810095,0.3857139370714312,0,Y,E
0.39920610675291823,0,0.3290600037606882,0.9686359806080581,0.9825605530199688,0,Z,C
0.3986889390035029,0,0.5508891318275981,0.5779915862878434,0.6588468436174094,1,X,E
0.3697632719089627,0,0.887207353091834,0.6641027976351339,0.10644130484419523,0,Z,A
0.3719756066608059,0,0.28390291956840497,0.48052953380478824,0.6746811033878924,1,X,B
0.39014782151955874,0,0.7868388112966718,0.6390897884283854,0.46251265779608963,0,Z,B
0.38214931938180363,0,0.3214711174192709,0.05084172548341559,0.34783810278025173,0,Z,C
0.03022977871632706,0,0.7007370765421445,0.5277660043050608,0.03729211849495728,0,X,E
0.3361504572892221,0,0.8397716680321989,0.15273044740346042,0.9258355586133333,1,X,A
0.029908460378230885,0,0.9191805501675641,0.8226293597403106,0.164469513760525,0,X,E
0.00523369811087945,0,0.6211177136669775,0.9750015273388583,0.17338087237860866,1,X,E
0.33109588085411557,0,0.8521132351976815,0.7833217575884421,0.8204649168420016,0,Z,C
0.3884672052922064,0,0.8225028519367046,0.3957934877309631,0.1745917394797274,0,Z,D
0.10322525098159319,0,0.07493767235826587,0.9025098340772094,0.10819546214352571,0,X,B
0.3796410728158705,0,0.4400270304488756,0.6939591807469111,0.4247237862338209,1,X,C
0.32620238332677753,0,0.10599482651398218,0.3840909250835738,0.8882208097767289,0,Z,B
0.29896334124997265,0,0.32089297877954515,0.3630553225734968,0.08721750462222122,1,Z,C
0.36010672571325325,0,0.9467896677732934,0.767016339019754,0.5800180384506726,1,Z,D
0.27237441282009794,0,0.9318384706731327,0.6365554536492346,0.15381219154276393,1,Z,E
0.05977973404861931,0,0.3580028623741226,0.2470139996872619,0.30033937977918335,0,Z,C
0.3785257292939069,0,0.06126946112731235,0.752779391088046,0.7655915601758588,1,Y,C
0.1738093359073724,0,0.5422541590538896,0.33866832452552864,0.5174016326915388,1,X,D
0.37934234793809224,0,0.5508948428410646,0.9990704846407044,0.08745904858471942,0,Y,D
0.2596212067001125,0,0.9757172054796683,0.8962615419644171,0.8886404214567689,0,Y,A
0.10821722758497242,0,0.2332949847982978,0.3647416166997022,0.5808680491488298,0,Y,A
0.34042047540341,0,0.6155333961922531,0.14451344252472575,0.4975207153065646,1,X,E
0.356730809139825,0,0.7271507232854301,0.400403446972197,0.1532891037633224,0,Z,C
0.1197432162551591,0,0.34099634143899193,0.2797624140491024,0.08617505608634701,1,Y,A
0.3572231102016218,0,0.3010923510230008,0.6508025741889996,0.24118022105818737,0,X,B
0.32535555159779056,0,0.16553408609630005,0.1719433496679149,0.008277532539180732,1,X,D
0.28803795737495425,0,0.5473637839501626,0.3250521770403353,0.6090118476899581,0,X,E
0.39712825248838146,0,0.8510248299290637,0.7549150269410352,0.1600228192903579,0,X,B
0.15618674630546003,0,0.8779271386335822,0.8048282089864562,0.438715756689382,1,X,A
0.018333872200598934,1,0.15865865170930826,0.563308772053341,0.313348629619443,0,Y,E
0.15172001235681093,1,0.959124731048222,0.20975888412097787,0.8913278441673426,0,Z,B
0.010542289491424241,1,0.19684106315620475,0.8998408440762659,0.23724605655287456,1,X,C
0.16336683144420197,1,0.6551633835224182,0.4414434574343612,0.4428817512882104,1,Y,B
0.3077696370934972,1,0.9154108250686992,0.5019308353856078,0.6225749031076048,1,Z,D
0.08241523330739536,1,0.5456833006348175,0.41943221413860776,0.9900000767103009,1,Y,D
0.24248935041928463,1,0.6801645999040027,0.17949920046900447,0.39131644697204915,0,X,C
0.34843621869404595,1,0.9905645027420588,0.35835809860306733,0.7803655979156121,1,Z,B
0.026814041682086034,1,0.2912515410390629,0.5193837459916988,0.5065164506916515,0,Y,D
0.26115163743717723,1,0.014921492132847214,0.9185105019791042,0.2834226312112973,1,Y,B
0.2722163833632089,1,0.7036107487775659,0.38581807197655504,0.6980373294993727,0,X,B
0.09689314315983455,1,0.8399277389898459,0.421991114567278,0.47385214564899847,1,Y,E
0.10748516362709866,1,0.08358852808242168,0.7496680923924317,0.6176716427157504,1,Y,B
0.16217962935602248,1,0.918397224380556,0.393131837287482,0.06524835569759446,1,X,A
0.01675942037521689,1,0.13166519177267844,0.4850384217287852,0.0007904378295394698,1,X,C
0.03358956433913037,1,0.3440731509236119,0.7758637660509853,0.5821917360219493,1,Y,E
0.3054640555924784,1,0.6633162469004609,0.2773662722228989,0.04560830850855524,0,Z,A
0.2509518492659864,1,0.5307346006854736,0.22451214942390296,0.8255901569353062,1,Y,B
0.310290570591302,1,0.4275745069071446,0.3928491493708759,0.17166298050490436,0,Y,A
0.022210344313393006,1,0.2144916652645008,0.6048444159109714,0.9458755419319353,0,Z,A
0.38370352990827317,0,0.6832086195521775,0.8102327915349387,0.30218598410413355,1,X,A
0.10513677895976609,0,0.4067097089475076,0.4308103458794377,0.834326687205268,0,X,A
0.23612745139520955,0,0.8486688567841782,0.8629584314892864,0.18402823482468011,1,X,A
0.3837785309755164,0,0.2727884676153737,0.7639000357744635,0.9285060107743119,0,Z,A
0.2923446111146898,0,0.9763646050101138,0.17753069605123095,0.5641271610425391,0,Z,B
0.2928498988372747,0,0.8339548262941957,0.43887605106183625,0.21753338415996915,1,Z,B
0.39236425497437655,0,0.9658682564555005,0.2817894371904581,0.5317134370340315,1,Y,B
0.04709585515101895,0,0.8131433212437887,0.3084422791288136,0.732988913209143,0,Z,D
0.39902819751122615,0,0.9753379566725346,0.5394595675095959,0.4927580056948645,0,Y,A
0.00877249698725263,0,0.8358531553733399,0.42767582803588755,0.6667733413477398,1,X,A
0.34373121069863705,0,0.8491424900619984,0.5906944670368223,0.40761938645005547,1,Y,E
0.35408059482318943,0,0.15521165770312173,0.6500680481411697,0.03212033308651052,1,Y,D
0.39904733887841665,0,0.8633801852702896,0.3686374904911782,0.3390338352052018,1,Y,B
0.320163856729648,0,0.029396622190500765,0.8358960832709024,0.09102153650838274,0,Y,B
0.3036063165853253,0,0.22030537862146604,0.12294280385992995,0.28483534601979854,0,Y,E
0.3903817119941331,0,0.2680079703519913,0.9068084325199294,0.1489897563669098,1,Z,C
0.39660621189380835,0,0.7679519423554688,0.24488309605927183,0.7097077259988358,0,Y,D
0.31888443791361765,0,0.8042920880572995,0.3048620790568013,0.40790194956510983,0,Z,B
0.07406301998866001,0,0.8152036216282277,0.6249055980390655,0.8403288409894546,1,X,A
0.28183325867455106,0,0.889412017373462,0.4771472988827796,0.19834519694571817,0,Z,D
0.33693265584015,0,0.6533712505266842,0.5239784141621301,0.7405835902633041,1,X,B
0.3104628158275135,0,0.7065134240893574,0.30637429902978275,0.5059753573323578,1,Y,A
0.15501665860232597,0,0.24444604977006523,0.7714599027369002,0.8180453713123704,1,X,A
0.383548722044671,0,0.20104753944464182,0.6607463516836047,0.4431578608234906,1,Z,E
0.09163441169584564,0,0.0574875246490848,0.7934393168750461,0.5481607145174412,0,Y,D
0.3970790022686595,0,0.22227550025988996,0.15701787740552764,0.4558519580424668,1,X,D
0.17106810538452405,0,0.6657171280145296,0.6056596595198005,0.900130084170166,0,X,E
0.3971573995937319,0,0.2795926853170081,0.6657039296562118,0.24277070680296509,0,Y,D
0.3364838614567377,0,0.9297749793907116,0.7898219546608087,0.4161981812932408,0,Z,D
0.3465021890580878,0,0.8561284166705616,0.6222680663392842,0.23636220606908187,0,X,A
0.2347924256008545,0,0.14916723270215126,0.5590112945810529,0.12627540546577753,0,Y,B
0.39506547433777495,0,0.9735814293236971,0.9750965383683106,0.6421973724227062,1,X,B
0.30381999822779815,0,0.7092580788129165,0.6965482504187772,0.8991813026022399,0,Z,A
0.38923044088405256,0,0.23749573116239386,0.22033743982777731,0.2588163030282241,1,Y,A
0.24193487127076338,0,0.47367758562480045,0.3213698894139696,0.46389670495255153,1,Z,E
0.3542504685546653,0,0.7828692137923674,0.6450754569983969,0.03728694997074067,0,X,B
0.3402236141426736,0,0.007714584099835831,0.3590012243733264,0.1701787901264571,1,X,E
0.30205363823771403,0,0.9818870701132922,0.48179830062569307,0.8552024614965936,0,X,D
0.39827388105286055,0,0.5841874042097083,0.9220593854080505,0.5063947998165134,1,Z,B
0.04918916154106312,0,0.9964118689510921,0.8243710463626754,0.29757390789190497,1,Z,E
0.22020698125412544,0,0.5830572276153991,0.512193800446651,0.600368930249106,1,X,B
0.2289761839841557,0,0.3967614875090686,0.44936792950203686,0.11109890266906375,1,X,A
0.24093629513095255,0,0.5221854969483057,0.35502429374524813,0.21570228144097348,1,X,A
0.368352567583272,0,0.8690546166359343,0.7996951782120875,0.7525248180388108,1,X,C
0.33037731184139096,0,0.9418924930882322,0.43622660386439316,0.37981979579906777,0,Z,E
0.3908542055555028,0,0.1009193441750379,0.03424265442230179,0.530499566731602,0,X,B
0.10080212356646252,0,0.7551443524426568,0.4505462472021202,0.5057576800028276,0,Z,A
0.38195524274310727,0,0.8214777096485468,0.398192114383784,0.9143751858414639,0,X,E
0.27960007593103736,0,0.9454997571043383,0.9709747412671522,0.751706339092228,1,Z,C
0.39887014852448965,0,0.9169478147678659,0.32897836648961876,0.33202908432154143,1,X,C
0.3767652254736222,0,0.48471329494625504,0.5122902008496685,0.5842759762914105,1,Z,A
0.3672148171108574,0,0.8076189565629901,0.0633286547616424,0.7826639470154618,0,X,E
0.3327404844687605,0,0.3486902110033817,0.9665865177962947,0.33137478490949457,1,X,C
0.04929298684282582,0,0.6586738472661212,0.909387945995904,0.7318873030010102,0,X,B
0.26454739840247415,0,0.017839656178033736,0.40065900095855156,0.46208465522887054,0,Y,C
0.3027071850188924,0,0.7991098086459867,0.8967815507776354,0.6261727295737858,0,Y,E
0.29697111980674284,0,0.18233874599142652,0.6866516043491047,0.22151298431250166,1,X,D
0.33742889011204513,0,0.6754243758396473,0.8171359611990873,0.08467036711782927,0,Y,C
0.13658494695604595,0,0.9944606275480243,0.9994874395329669,0.5127592587941185,0,Y,D
0.2814708546197083,0,0.7381694032615719,0.6534114398907485,0.13154144143534874,0,Y,B
0.32793999521883593,0,0.9595853371054174,0.8496437016692395,0.18729947280114123,1,Y,A
0.3127140366176017,0,0.11969087132087453,0.569620643995498,0.2095966967756181,0,X,A
0.010034311604675127,0,0.5860695981870143,0.7195917133614361,0.7823383096590033,0,Y,D
0.2921226524428836,0,0.49658901614649886,0.6681525763446683,0.9944086577436995,1,Z,C
0.07679803150473684,0,0.5380305424206981,0.5505039481260899,0.49812468138268895,1,X,E
0.08163147612844053,0,0.3914835521669652,0.34660879270328615,0.3567343276213828,0,Z,D
0.11879958363890036,0,0.8731789709543907,0.7608074602265041,0.3337242771273842,1,X,B
0.3742849353272597,0,0.5545306637436703,0.1943701281461656,0.11702980804005203,0,Y,A
0.2222206357392862,0,0.8989831750800051,0.4791371110023299,0.7703959128272687,1,Z,A
0.39323153560142765,0,0.9916114410548326,0.5154134895273781,0.253993381018924,1,Z,D
0.14867319110900817,0,0.7402043550530583,0.7427977438133284,0.39593896259645955,1,Z,C
0.37289415752144317,0,0.5147798449643034,0.3063609972986837,0.6114629407602308,0,Z,B
0.34571869406693606,0,0.22164520036766122,0.7694221278875107,0.8822463620144524,0,Z,E
0.36771391168866396,0,0.7459120124305223,0.3191352481645823,0.6715207630039932,0,X,E
0.03568376149639743,0,0.9210724566653751,0.23734149720751452,0.21240801738468884,0,Z,C
0.29506019528823774,0,0.646769371688535,0.7292240258037229,0.9064432206634413,1,X,B
0.3542583160177062,0,0.1452075512701987,0.9337547917065002,0.5966450140776363,1,Z,B
0.3971346599093743,0,0.23962943511175283,0.7194344064442959,0.1511118791866949,0,Z,B
0.2940005174612328,0,0.5108772591472518,0.9000733911569581,0.21412954986527633,1,X,A
0.29988179396017645,0,0.12351779690009412,0.5755854530172205,0.9908869591446383,1,Y,C
0.010487312239344435,1,0.5452272963507921,0.06481803884193593,0.7379845459731378,1,Z,A
0.3167272639447067,1,0.6860928717964337,0.8297338082965915,0.9828142683336422,1,Z,E
0.18871011894213835,1,0.10691031544480545,0.9453400688574166,0.48232418497288465,0,Z,C
0.006820432013450473,1,0.1428224533214525,0.4108025232328726,0.7861711175171823,0,X,A
0.34235570579502816,1,0.8158312380004328,0.36196060446903466,0.43993074982940195,1,Z,E
0.043456433883377416,1,0.8278202182723197,0.2912533193229575,0.1882965525579099,0,X,A
0.2398185118023551,1,0.3618825242758783,0.18482742026474175,0.10488202681516867,1,Y,B
0.023052957638893173,1,0.03686835540055711,0.6545151914733793,0.32931412900787393,0,Y,C
0.15107509982152195,1,0.14590732118594918,0.5684718303940649,0.06468706996301476,1,Y,C
0.28114160183847575,1,0.9415704085915444,0.8045563811389941,0.3274826733343207,1,Y,C
0.33616217968728956,1,0.9606570894756163,0.386850814111829,0.734847423437304,1,Z,C
0.1487882037150722,1,0.8847704578459072,0.34839188575898294,0.1396027555533943,0,X,D
0.13873720917898844,1,0.8918879401610167,0.7419051086093548,0.27367682568848084,1,Y,B
0.37474138647296584,1,0.2601552475088126,0.0528195866018526,0.6177281352530741,1,Y,C
0.12230016687834445,1,0.24504824062541897,0.015045920475397101,0.25216663443125964,0,Y,B
9.575508136340705e-05,1,0.4400879191994964,0.01776425511792079,0.06204404468590652,0,X,A
0.04159926122585973,1,0.4663788228913658,0.051593264598353894,0.1886530044829975,1,X,D
0.06148318418160475,1,0.26604400352547997,0.08564745464905477,0.6546823557499872,1,Y,A
0.20969598390838193,1,0.14804227309970652,0.45746578328057264,0.5874915158384258,1,Y,E
0.029935594931221866,1,0.8837061056432566,0.7572608409884232,0.32519254018257926,0,X,D
0.3523418530364647,0,0.14502866837232775,0.3525558214297755,0.1534703530296614,0,Y,C
0.3298149526464942,0,0.7589602691002162,0.6797586747570022,0.55070313333122,0,X,E
0.32050759596330247,0,0.5797814098009938,0.9917591148538599,0.48446003770143875,0,X,A
0.3017078883073216,0,0.6012833047839637,0.417614941844886,0.4143611579270553,0,Y,D
0.15011652624336447,0,0.15916414499903497,0.9662642103300335,0.22525050227044474,0,Z,C
0.018702388711842034,0,0.6212768279070228,0.23698112325916554,0.22821904186159392,0,X,A
0.3715357773484523,0,0.09280513930617218,0.8617531732605952,0.6623779031613067,0,X,E
0.18173154495008634,0,0.7194445647827864,0.18781446682047398,0.7773279019789914,1,X,C
0.31645292625315496,0,0.18518719862060262,0.34906896770640816,0.8606423656430849,1,X,B
0.13470624336225975,0,0.39099065324171867,0.9932661314204246,0.9455101954963878,1,Z,A
0.3782695874892571,0,0.20670699882617527,0.7579074962920179,0.8310169999452915,1,X,C
0.1968912083245746,0,0.8074726147723936,0.6719052870375216,0.808959857379594,0,X,C
0.0660516384018768,0,0.39401791125143704,0.18120800016815775,0.7076668469511597,0,X,C
0.08251634493231831,0,0.5067285236653811,0.0094364037355682,0.9184236742361365,1,X,B
0.3125289308566506,0,0.010089733565705084,0.5185540158664934,0.9964197248505533,0,Z,E
0.192844316817245,0,0.8994232276431616,0.325793209443473,0.41446653777625975,1,Z,B
0.37381421314122715,0,0.3590131229020883,0.4534619802566572,0.5143143745859617,0,X,E
0.3941051163242686,0,0.9535782340236462,0.2861601340481543,0.6125409858852144,1,Y,C
0.12642870918157162,0,0.08464896027152369,0.3734685876074877,0.7415228902138037,0,Y,A
0.08824338722752462,0,0.40504147165305227,0.6148560805545698,0.5869759140361546,1,Y,E
0.06963402085485094,0,0.654629663112274,0.6371714986879183,0.9823711662731348,0,Y,E
0.012961251849605013,0,0.42993224903992466,0.7297945559819405,0.33533971011017927,1,Z,D
0.39753577735319234,0,0.3926477485045923,0.9759975621159261,0.04030509573140739,1,Z,E
0.37321609702548836,0,0.903695786241746,0.7585575972906135,0.8279995283430701,0,Z,C
0.2206333296346435,0,0.8010172997861689,0.34675441062119394,0.8183278725171427,1,Y,D
0.3416264265125948,0,0.02199540422234969,0.8901194708173273,0.46757774197828395,0,Z,C
0.030594045172496677,0,0.5455200051738898,0.8062071480856632,0.24284064553682905,1,Y,A
0.31866187510855815,0,0.5870642334804665,0.07180907685675197,0.12365657295868826,0,X,A
0.32706441833841166,0,0.6065044952847782,0.3749659218208615,0.515450884623196,1,Y,A
0.026144154249223377,0,0.4277925789699879,0.34061215740742923,0.9977484616146992,1,Z,B
0.06190620170353738,0,0.5590107217926167,0.6318706819335115,0.5924854043222187,0,Z,C
0.14255597310801343,0,0.837282313195227,0.44607859265205607,0.6702327193844276,0,Z,A
0.3483719080627939,0,0.5831790978744906,0.932216586200302,0.9959843673322539,0,Y,E
0.3623613369315537,0,0.9375380037442661,0.22778578761492785,0.5396420232528587,0,Z,E
0.3526772964996962,0,0.10129113590059657,0.8669907975895379,0.8603606782815502,1,X,A
0.18474898649821955,0,0.817291642879376,0.9551820448127136,0.4252110392632633,0,Y,D
0.3913278504563115,0,0.09173516162385087,0.27364263912080644,0.8390682900464074,1,X,B
0.20381214941625572,0,0.34282062170645833,0.04000824325042951,0.2725955772602996,1,Z,E
0.32407529460814355,0,0.318642031193611,0.07827056154432188,0.6774227863834809,1,Y,C
0.01552520743759816,0,0.592408192233598,0.8687997793706121,0.29574348632385095,1,Z,D
0.3215170057054644,0,0.16276730786665083,0.5433994359843356,0.8868911689272425,0,Y,B
0.04508246469599183,0,0.9204001954256762,0.8510819493662171,0.7302873013494785,0,Z,D
0.3366581603794015,0,0.21004454875065737,0.8610891121476394,0.7833049977286937,0,Y,B
0.1575779277549372,0,0.22944164942637946,0.6044152527818892,0.5693257095632418,0,X,D
0.12083433724163006,0,0.890273078421335,0.8025682862976051,0.17446147862971972,0,Y,B
0.3148040996383277,0,0.002511466999029266,0.9868660944768626,0.5837953971927979,1,Z,A
0.3988686800519883,0,0.18080815705788045,0.38378192664698885,0.16611483208721756,0,X,E
0.28643126313736594,0,0.4365499723738495,0.45976604357120876,0.5543017666441863,0,X,E
0.2235683122647224,0,0.05198100016603413,0.07087905707843423,0.012407408761569538,0,X,C
0.24448244944093284,0,0.7401523708534327,0.16959505860373203,0.878072051178067,0,Z,D
0.3946651676147941,0,0.16376463881754189,0.1589628468008707,0.6956314319461399,1,X,E
0.06768746251415313,0,0.7568260019664248,0.3682592146850432,0.5562620521373123,1,Z,B
0.005684033091637359,0,0.3280619423450981,0.8167904701021536,0.003220668279098615,0,Z,D
0.23182382722502867,0,0.1632754717005961,0.3132238916221053,0.9985754504171904,1,Y,A
0.14594601657500342,0,0.6597330033984028,0.8890739757292133,0.7871838921782611,0,Z,B
0.22461880281058358,0,0.35071697029537385,0.33241660532874695,0.6537113378348824,1,X,C
0.17847600365681218,0,0.8534364917944326,0.9250411900933447,0.15502290964518206,0,Z,A
0.07542509662521409,0,0.0036744898773660717,0.024624293484213577,0.7713232344206499,1,Y,B
0.3141131407138601,0,0.32324819971587904,0.518384431638244,0.8349840740665452,1,Y,E
0.24318010950142607,0,0.9021552574666124,0.30898401023131683,0.033983215926546295,0,Y,E
0.016423859213353535,0,0.5297293864290862,0.8936575642023281,0.01771301763636457,0,X,E
0.04216394537676015,0,0.6865142459592196,0.06633351976349666,0.7088349316472105,0,Z,B
0.052735663136007575,0,0.9797882050693303,0.33721356702158356,0.9045049843569638,0,Y,A
0.233231062025691,0,0.5514237810448809,0.9346995521681233,0.05400995120976626,1,X,C
0.12067842009893907,0,0.4678479379376216,0.4152214354192616,0.7468216406394247,0,Z,A
0.0938890277321599,0,0.5916666675270817,0.777929494667717,0.36032849525690536,0,Y,D
0.01564816708643628,0,0.5801072935028487,0.276783418738643,0.2108328807445491,0,Z,E
0.3739492359836239,0,0.8827198216345586,0.3376805602719508,0.9542378391502101,1,X,C
0.04358551819070888,0,0.5977253001763787,0.4579485760548656,0.22188036787098908,1,X,E
0.12522377995084794,0,0.811617503019438,0.3612974109615742,0.6838841621282769,0,Y,C
0.1336451054680315,0,0.4286784875665881,0.8613709158809992,0.2006170916498884,0,X,C
0.3922810163067115,0,0.11016296368430312,0.9337538307886348,0.10690003354123045,1,X,C
0.20503904671212514,0,0.6074537461686246,0.7931744238009987,0.6746700016766918,1,X,E
0.24220485270714914,0,0.7342149859710893,0.41196944417838965,0.8871063666185647,1,X,E
0.23994868552180995,0,0.7904894341443865,0.7389952844291192,0.07050041302099319,1,Y,C
0.1560596744145378,0,0.014473959575069806,0.9823245872737895,0.2113180533555462,1,X,A
0.39892372803497744,0,0.8135114929156974,0.12467165902851118,0.8817280588825307,1,X,E
0.1054583002369304,0,0.3741301386017243,0.11659918680344228,0.029774305436367943,1,X,C
0.1416620180514503,0,0.5346427653860679,0.8902076381592577,0.4261392319610392,0,Z,E
0.12203374335842765,0,0.8268857345740548,0.29201931341437704,0.8669253146199427,1,Y,E
0.07193242465243521,1,0.3372745137262304,0.02685588689036733,0.12489142438587064,0,Y,C
0.07976955602470243,1,0.2985776733679487,0.8831277636267708,0.04868784646549118,1,Y,E
0.19096494355031138,1,0.6919985329337065,0.7560858489100328,0.37704436922306195,0,X,A
0.16318896960706852,1,0.9114823694498684,0.8437610357968097,0.47491728588388804,1,X,A
0.07611082642522385,1,0.7097577427341358,0.7179474326463385,0.460235711081885,1,Z,D
0.2850269221390188,1,0.5351198687891187,0.5367803203163655,0.8226113579029322,1,Y,A
0.02676917507669275,1,0.946032847230243,0.07670627674702302,0.9888084444399843,1,Y,A
0.02413591008235897,1,0.23273811253571575,0.1888887049039567,0.7827026777877655,1,Y,B
0.15353259915101314,1,0.8354850566042661,0.736323980921479,0.9746317660373348,1,Z,A
0.07067432373889422,1,0.851846146760176,0.4133240875931241,0.9077100062809977,0,X,E
0.25945445564462744,1,0.6198102434289666,0.24165714927471083,0.1383777261411392,1,Z,B
0.08105155124730162,1,0.3540555179198105,0.28940980247992254,0.26162016894870455,1,Y,E
0.051151776307141815,1,0.4084541661331691,0.2509295701190678,0.3144080015642341,1,X,D
0.13359799714059079,1,0.8770008944310799,0.2501274784593669,0.0758190389409874,1,Z,B
0.1503278415215036,1,0.25026026393250367,0.6769176711101887,0.5025660415424552,0,Y,B
0.26404777238809674,1,0.0036680160949671414,0.07779915392453063,0.24726366745485628,1,Z,D
0.2263413276554566,1,0.4649826990755208,0.17541662481691844,0.7952503918549262,1,Y,C
0.037002379998522225,1,0.7502757203539909,0.48483797554790387,0.04890142223586946,1,Y,A
0.18432166745774628,1,0.7071231642373195,0.037139684559921005,0.5783801877950724,1,Z,A
0.06707768546143981,1,0.09110739162270165,0.5307217776534293,0.6601776498478088,0,Z,B
0.3955056354284191,0,0.09189854460900593,0.7424486474085801,0.30764231800715147,0,Z,C
0.0590473699976247,0,0.17658329525792782,0.23332711439626952,0.13972886367693005,1,Z,A
0.3880464194818204,0,0.2510039117866506,0.707681378817119,0.4365883781347175,1,Z,C
0.3881617420761115,0,0.5000655600477426,0.9923399823493505,0.0978737411818259,1,Y,C
0.21208967831107195,0,0.3550894411117017,0.4926301169194456,0.46531233943773387,0,Z,D
0.2333839746745671,0,0.24305966715946858,0.4755936387153671,0.16238554259836624,0,Y,E
0.15820264628929875,0,0.21975016040545392,0.19402840903073681,0.028920303482237286,0,X,B
0.39693998184406765,0,0.18015299336210955,0.08331398040843219,0.5857711108541657,1,Z,D
0.3461377297603984,0,0.3550382977810419,0.4970187195489334,0.30774391552168734,0,Y,C
0.24242785717437376,0,0.17288790037005708,0.658833196745732,0.2275644864589763,1,X,E
0.25712318275469737,0,0.522635718504037,0.3973492158206847,0.4005950175742421,0,Z,A
0.2684202300777046,0,0.2876171272314766,0.8246419896702543,0.43233910923978325,1,Y,C
0.003798741148721544,0,0.67515825183454,0.05576042275130699,0.7814057589530677,1,X,A
0.3917617660513868,0,0.13379876951115066,0.7989522360343134,0.8232923283826052,0,X,B
0.19693534148352473,0,0.8263874199526704,0.8315373709191097,0.48906475051900844,1,Z,A
0.07454227557846085,0,0.058618326653810726,0.5215207172957541,0.7384769706891874,1,Y,B
0.39659526380924587,0,0.4367032624424716,0.5029501666797976,0.6978504159880912,0,Y,D
0.2900880495381472,0,0.5214694948474479,0.11387526912368173,0.5061730192056003,0,Z,D
0.3953836405093191,0,0.7562522118641821,0.7417791235230214,0.15263080332771362,0,X,D
0.22702284226142724,0,0.9343573090538126,0.8868237325079973,0.6940865744789944,1,Y,A
0.30911164299579197,0,0.6597229486508184,0.10595850154076969,0.1909813445320031,0,Y,C
0.23384303585490132,0,0.19085633279736425,0.2832104653337377,0.4180283851544808,0,Z,E
0.06903991414134997,0,0.7272883484762757,0.09065912254438302,0.06325615656208772,0,Z,C
0.22289830441154126,0,0.897917947783845,0.6776946433190497,0.79973943176951,0,Y,A
0.2190656078377714,0,0.03788220402096576,0.5056724185325169,0.3081242962876155,0,Z,B
0.3410625337408038,0,0.9802338732790341,0.28309727122908135,0.3779690275214568,0,Y,D
0.05858955107148047,0,0.673829225298652,0.43734625570469654,0.9492898731741435,0,Z,A
0.38369958851762076,0,0.9531712863293237,0.8631768259330574,0.7979226685683397,0,Z,D
0.18255934091731674,0,0.4090337731760405,0.25606901244464575,0.04303137090218112,1,Y,C
0.39768157960510875,0,0.5954968773297024,0.6209820291226242,0.1949541134772672,1,X,C
0.3909545196512853,0,0.8740046788313401,0.9797890038373396,0.055815650240210624,1,Z,E
0.09695057446268834,0,0.16244623013142812,0.026156310034482155,0.2156060912954304,1,Y,C
0.32794266253969584,0,0.18843110331647273,0.5015896205628442,0.32796264255113605,0,Y,C
0.39606802228745625,0,0.2613154661179985,0.053847787012053394,0.31681171645702366,0,X,E
0.39762237536096434,0,0.7170600434869291,0.4532132139699243,0.05175304860875618,1,Y,E
0.13924510774391863,0,0.3747829309005354,0.4833103465329627,0.24376998200124467,1,Y,E
0.0021002238899712846,0,0.7375317944776251,0.014217294989139595,0.2235505824278945,1,Z,C
0.3038899969958946,0,0.3512812921211299,0.5081280645616385,0.14761656903318765,0,Z,E
0.39850509720616295,0,0.7129468059834175,0.7885978838989286,0.6841843031676095,1,Z,B
0.29497064478316787,0,0.953839458892868,0.11907817568101386,0.6045050146923018,0,Z,D
0.13192044955424492,0,0.19988991405196388,0.5498909191961074,0.4843577437014267,1,Z,C
0.15008485284763576,0,0.43415646531585916,0.4225247325031759,0.19397185225911706,1,X,E
0.36928333175692224,0,0.6992154206956764,0.4031178413828349,0.17056407358374215,0,Y,E
0.3338647436249028,0,0.01733211891485542,0.7138062527889054,0.21360367181050965,1,Z,B
0.12038726182628039,0,0.2825671327882402,0.4591330859243129,0.8860789650488732,1,X,B
0.3337689829386594,0,0.32284568815708625,0.4271905667838857,0.787496263854359,0,X,B
0.38551417937445975,0,0.5857189044057818,0.11462484972632403,0.11742195415772871,0,Z,D
0.042798385529879565,0,0.7745112917994856,0.9843597824174333,0.9233108792789492,0,Z,C
0.2259340997500762,0,0.9912462174183228,0.9679247325816351,0.9560125788187546,0,X,A
0.15876232380321184,0,0.04011258013069752,0.5180475574282791,0.4702720467326954,1,X,C
0.3993872229004007,0,0.795615962148586,0.642108694604574,0.11244862524965371,0,X,D
0.016773968365592827,0,0.7810419828242217,0.1444585407240352,0.7198376734123602,0,Y,E
0.28535198513883253,0,0.23866988579203574,0.45395368845976225,0.16831453959820109,0,Y,B
0.3796510057269864,0,0.8281431028698085,0.03563635069206961,0.2960086046162924,1,Y,B
0.07171617060743336,0,0.15315470373448836,0.27452485026814866,0.8794856388673503,1,Y,C
0.37769325727147574,0,0.7809688668327334,0.10621463791698837,0.939008497101815,1,Y,D
0.37944887894167617,0,0.3643806535648074,0.6806687501499109,0.9330859021405835,0,Y,B
0.17124773455382325,0,0.5833830734818806,0.3984658628579152,0.14699175197635428,1,X,A
0.3875567837146629,0,0.579702802192066,0.1808773362576791,0.8774927210107787,0,Z,C
0.11444846467593522,0,0.8435589354499834,0.8976991738527001,0.9761072873802011,1,Z,C
0.2854056726614061,0,0.5158041958696754,0.3138408081021524,0.9250140978607101,0,X,B
0.3989099163684167,0,0.3019446640592367,0.9177330798912612,0.5700354074160252,1,X,D
0.041378120761339274,0,0.3662735524993106,0.5062172269321341,0.1374042765939133,1,Y,B
0.23439090235101806,0,0.2141485859609169,0.2903236009788106,0.1699825439237005,1,X,A
0.253019924098193,0,0.1772618870480206,0.033259491115145146,0.32498248256387097,1,X,C
0.3065302516128903,0,0.8010241815845469,0.04939379504415897,0.1293109617528343,1,Y,D
0.2932619864504982,0,0.07389783211851486,0.8052155881950682,0.8651438664787175,0,Y,A
0.20468847334082294,0,0.7161927508699051,0.5758294253599423,0.600876466274028,1,Z,A
0.14804083949737912,0,0.958299297067562,0.4593820057503728,0.6415942073317011,1,Y,E
0.31407699822159596,0,0.474980823815892,0.35738190390873836,0.866676393074984,0,Z,A
0.3635566726913737,0,0.3107377133109315,0.394493805709622,0.22523053693213324,1,Z,C
0.1743535004885606,0,0.9723710186837669,0.3332908829753023,0.8719215507608579,0,Z,A
0.2442509325161716,0,0.22377275051501988,0.37076396482427465,0.8252785740659999,1,X,E
0.38773833121851,0,0.8126304227802181,0.3055198541745888,0.21435900364894567,0,Y,B
0.11095397915095752,0,0.32064879498739496,0.00975191482431581,0.6599529499760821,0,Z,D
0.2199038640552912,0,0.4858412209943396,0.0007346587277062833,0.5833326122236671,1,X,C
0.3867578320757495,0,0.4598306645658553,0.3821436931616382,0.08486501382850009,0,Y,C
0.3921169075883174,0,0.706289829691785,0.6215591375362495,0.1281413783696428,0,Y,B
0.13610368652354066,0,0.10176839927268533,0.55169706968603,0.9434789468268978,0,X,E
0.37321917672877525,0,0.08558388426158436,0.03358401714814252,0.5820645217888666,1,Y,A
0.2656918804003433,1,0.6693863310272544,0.7713137376371282,0.13634803935670803,1,Z,B
0.33386670336076574,1,0.9261160142436888,0.23303237031819024,0.9631943162589756,0,Z,C
0.33294371782538346,1,0.12379001739505446,0.6102685262175875,0.06976345759403813,1,Y,E
0.13796291217140738,1,0.5584376763128438,0.07294146434101856,0.23810448905392367,0,X,D
0.010053258691425312,1,0.6889805099618793,0.45690069427714575,0.26444678767954666,0,X,A
0.2583027309946717,1,0.5845281076818388,0.7889797266775999,0.7422261297043707,1,Y,C
0.23428249058020617,1,0.6830085069567323,0.8915661276205006,0.96574471542271,1,Y,D
0.3165458772821812,1,0.7194529488144813,0.272333177828917,0.5723958590441742,1,Y,E
0.0963878394187221,1,0.07056577922079632,0.6048359433536219,0.3190823093988263,1,Y,D
0.07575460402088635,1,0.962532630699597,0.8813002271936654,0.06203808100571406,1,Z,E
0.2661776091304135,1,0.9572730192482731,0.4549196524238944,0.9289200605151656,1,Z,E
0.17460458273588106,1,0.8314539612811459,0.28979202925213343,0.8461217863718834,1,Y,C
0.09177700810191253,1,0.576125208432672,0.2494422266655444,0.3438849450030619,1,Z,D
0.1216021642024566,1,0.8099544959619712,0.4519664869048463,0.22830371400031158,1,Y,A
0.1368640854237747,1,0.7383824180208717,0.8481895102042072,0.7736198160521017,1,Z,C
0.21553117194605806,1,0.056361543418063764,0.09975975053931929,0.4146542118302847,0,Y,E
0.00648652549742203,1,0.5602845218287049,0.3630499820471049,0.1532365329783839,1,Y,D
0.20616670572296256,1,0.9737641867762118,0.9100812573201364,0.0048735888566425745,0,X,D
0.17057081459030032,1,0.3677479870522966,0.14000895466756047,0.8254693366168878,0,Z,D
0.39565771824475215,1,0.8482927216227588,0.7495465131812546,0.49002727134432145,1,Z,D
0.13330389456553263,0,0.6484657107760167,0.9356461669861685,0.20726869856210428,1,Z,B
0.18703395790776717,0,0.8319946026859998,0.9545462014151337,0.5304016339613206,1,X,D
0.11695630332330492,0,0.8332191075952626,0.7583459361242333,0.11197756128055447,1,X,B
0.39516344082517746,0,0.2552610288027092,0.8221009649054748,0.2902412235232691,0,Z,D
0.3126555733708258,0,0.31712139816589013,0.35846499098843143,0.7773341162405802,1,Z,C
0.3386928389071925,0,0.7454724449540587,0.20599141340077443,0.11874586219906103,1,X,A
0.39932987354975996,0,0.8815923899329876,0.26509548661159277,0.3410103515883811,1,X,C
0.3148429468817534,0,0.9573232701233302,0.970744504481943,0.5016204130251606,1,Y,B
0.12090066323027539,0,0.93687851053524,0.38365311959576365,0.3543912091970597,0,X,A
0.04707307744105248,0,0.08364209994089011,0.8828401250419073,0.731241351410868,0,Z,B
0.10766707849698105,0,0.3118545350048948,0.4977620479880227,0.5656514526198619,1,Z,B
0.38711738951556457,0,0.8574339777438388,0.9932092934141447,0.44127499038259377,0,Z,E
0.22815751944261395,0,0.31896695014108734,0.6003792590122135,0.26646529940321717,0,X,E
0.19431638778351878,0,0.20272583130932087,0.6122892830946928,0.0847385966462797,1,X,E
0.389604654373058,0,0.8512976531696077,0.39853419820739855,0.695355966087562,0,Y,C
0.19812754444986252,0,0.501043600904581,0.14207455305505978,0.4739914676745651,1,X,A
0.3940538424474368,0,0.7261033090989305,0.504936448400259,0.7454303830399928,1,X,B
0.29655320721065664,0,0.48084890391577095,0.2432219074049825,0.7339227323116164,0,Y,C
0.30137030872393555,0,0.666055613149045,0.4338582696875273,0.6178267821918568,0,Y,D
0.2589314233722979,0,0.9780002047456442,0.8662987057972468,0.09637423091574437,1,Z,C
0.39556323483537703,0,0.37050794486184235,0.6759777019726381,0.6992960302332902,1,X,D
0.3198485405778232,0,0.8601764361090307,0.8307479130086302,0.5713444689034957,0,Z,D
0.15058569511823536,0,0.27594932212024303,0.09430988756257375,0.34679022164938167,1,Y,E
0.3136300527775406,0,0.5272330302181326,0.4545536924708973,0.07021301284619286,0,X,B
0.3324661082718643,0,0.012765306462657278,0.09505644516206257,0.8432984450625534,0,X,A
0.22513434911981756,0,0.014743717680914092,0.2321009644881853,0.9655397702178439,0,Z,E
0.38250352511663577,0,0.31694683886742325,0.21566532144602202,0.8896596733546147,1,Z,C
0.38897483901183433,0,0.18220571021585963,0.7556986711832124,0.9423958468199995,1,Z,C
0.38633870491948386,0,0.09126638677776067,0.46608498433873824,0.9065133088240688,0,X,B
0.06747263222846989,0,0.2857914832802002,0.1466451902994308,0.8809424516237195,0,X,C
0.03428790328412725,0,0.16066991029545397,0.07017752477668837,0.9919578738403343,1,Z,E
0.15664988184505782,0,0.04456735660425948,0.33727408659326163,0.02794342228510649,1,Z,A
0.3683006937525243,0,0.03003589381215066,0.1038452392364897,0.2796657070353319,0,X,E
0.08016583991728339,0,0.841569393358891,0.6254183822076995,0.9606932136179567,1,Y,E
0.1626562962346501,0,0.8642764987528176,0.5400007473952101,0.04712452423313873,0,Y,E
0.008111877384087496,0,0.6981318370485627,0.48238674690043704,0.790744561552811,0,Z,E
0.3899444285775323,0,0.3242431855488821,0.20604889271775317,0.3797561100001111,1,Y,E
0.07788511276770367,0,0.6698864638727362,0.2019924374832628,0.516936452675974,1,Z,E
0.370342666919273,0,0.7500323438248765,0.46394362536475253,0.31655546666738665,0,Y,A
0.25332345908330595,0,0.03803950126337552,0.4840077278612336,0.6820569666129055,1,Z,A
0.17420244141550775,0,0.16665390802084123,0.6000791197286405,0.16556873904728653,0,Y,E
0.023739660681434096,0,0.008014563114302375,0.9467006598419297,0.05696369494991971,0,Z,A
0.39316162641430635,0,0.7255601078769223,0.8451053764234974,0.7293092801919735,0,Y,C
0.3989742523875905,0,0.7740940701625333,0.8708641894279823,0.5892265024649357,1,Z,B
0.3171106952875778,0,0.26087237769372007,0.2566308777042724,0.2366394070208987,0,Z,E
0.26197710302476696,0,0.11232745061591676,0.925886641120174,0.5259523787957702,1,Y,B
0.09618919888178835,0,0.668903665451514,0.9569038238048975,0.8703400962499092,1,Y,C
0.05360835639187538,0,0.6745403671508678,0.9062841437359579,0.5186459658288595,1,Y,C
0.15254968613700493,0,0.46988372825776303,0.9485922441438203,0.7028379733158431,1,X,D
0.11886572580414968,0,0.13029477601825779,0.6734315898898989,0.6828637789037358,1,Y,E
0.31893185205126623,0,0.3229789461386271,0.11009061380767282,0.8257762911915099,0,Z,D
0.34141656410004034,0,0.9953343616517791,0.8591163506828458,0.2572728101386309,1,Y,C
0.37366513139437746,0,0.012114850148845613,0.7669142589625905,0.27580314920958005,0,X,E
0.3526163283587613,0,0.3310489263411256,0.6903271043893852,0.6318611405928383,0,Z,C
0.22449508318114303,0,0.8178821367115249,0.8030449970267939,0.7867635092791404,1,Z,E
0.2631867184395976,0,0.5933741430347481,0.990067968724765,0.46773641021123324,1,Y,B
0.10514084436034768,0,0.061403888695377384,0.6651887407038114,0.5601125083096893,0,Y,B
0.23718728612065557,0,0.6684636258179341,0.7749924600189353,0.0028886296738489525,1,Y,C
0.3296345353343901,0,0.4685623133421444,0.04837383057508404,0.3183647131483306,1,Y,B
0.13272898463658425,0,0.46056639533447186,0.8375503165682532,0.015148401287415791,0,Z,E
0.3346527529684271,0,0.6034669100528491,0.33900275489780196,0.6380593664081635,0,Z,C
0.2633439911576284,0,0.8577177497071059,0.07592006085011749,0.39952605644644235,1,X,E
0.2896360831202835,0,0.3866810865576483,0.9978289588595514,0.2418463059328626,1,Y,B
0.32149278044772894,0,0.3167161839522068,0.8795588864147427,0.2164894338089236,0,Y,E
0.3405583715700915,0,0.8620784600723368,0.5762227613248482,0.6333533287454364,0,Z,A
0.2778493388197346,0,0.5913796293910979,0.9487910347956788,0.8226988994123203,0,Z,A
0.2733406839347379,0,0.8853940463720968,0.8891775361184576,0.5850151276818804,0,X,C
0.1591903180570947,0,0.7748766268404874,0.26286134166836084,0.0034795802753254668,1,X,D
0.22386481713220652,0,0.5961586219437288,0.6526923198642063,0.5080208055535923,1,Y,A
0.3992297031817792,0,0.40096625887510184,0.09312541452758627,0.8751795359658646,0,X,D
0.2650430475543539,0,0.9350564636774724,0.19528829952963422,0.5791119525361915,1,X,E
0.042850051166032174,0,0.3031064751904443,0.9754505060597934,0.6139359754983125,0,X,D
0.3513712987166397,0,0.23146935271488078,0.28262782753901106,0.32167200395609497,1,X,E
0.029733971455234376,0,0.22705087305430527,0.36737729292846966,0.4989688711355289,0,X,A
0.3592621314140651,0,0.9836961452517873,0.2935760172084505,0.14471639250916224,1,X,B
0.308166772048463,0,0.44684335975162504,0.002976801154257358,0.4511307050466228,1,Z,A
0.38975407722329314,0,0.1050923701757649,0.9086262118458144,0.7284327655365969,0,Y,E
0.39109559900450963,0,0.1617157832451246,0.772857070922917,0.28758379068120077,0,Z,C
0.39589975839036573,0,0.6578708929358001,0.7682543761243612,0.9892904611326856,1,Z,D
0.3333989147453045,0,0.6663235070809189,0.05226898624763754,0.6679975766571252,1,Y,D
0.26491779979115404,1,0.06030063247780093,0.6489684219846082,0.05535045044136322,0,Z,D
0.0019407379601878109,1,0.15948257093659124,0.6242743336185186,0.42548776175337855,1,Y,E
0.17145813173530058,1,0.2581080886803976,0.19644285021341812,0.5577575780200374,1,Y,C
0.15113922153529277,1,0.7274315011479227,0.8867528048877618,0.2926826160682565,1,Y,A
0.18053325737795978,1,0.775508500787748,0.0030750671258892304,0.02297963138217407,0,X,C
0.21141497479104746,1,0.26731890915961654,0.9548287295544385,0.2965992605513653,0,Z,A
0.21990738989065892,1,0.0890446508945626,0.9625471664408981,0.3745293918633703,1,Y,C
0.2549038769141416,1,0.8108235285986901,0.7773293583501423,0.5244033787486849,0,X,A
0.13971043337888198,1,0.6824923646970185,0.08530533203522794,0.4703640924049648,0,X,C
0.2865969310173565,1,0.7078516960585375,0.8717081625189043,0.9329529820844217,0,Z,A
0.22188009680716117,1,0.5147174107375636,0.24768793254805632,0.13517665208196383,0,Y,A
0.2625119451315632,1,0.4443529976862425,0.19436730206676844,0.30701531906386903,1,Y,C
0.2293135087443234,1,0.9710782857624671,0.2327129098039421,0.5819199709289938,0,Y,A
0.036787626375004566,1,0.7047060980810967,0.8562243198598726,0.6712083049865363,1,Y,C
0.06054520397450818,1,0.3170909547178987,0.6301976874099043,0.14134369566003935,0,Y,D
0.07798285274506148,1,0.11323029855099398,0.25791325298836876,0.47962959921005854,0,Y,E
0.0380063385948719,1,0.2391761130488701,0.1697435395654272,0.13387208273735307,1,Z,B
0.2731891652862888,1,0.63662871835482,0.9923704510618072,0.8562771576162408,1,Z,E
0.20406061380238869,1,0.6790927767165567,0.2281614688910648,0.23901751238640578,0,X,E
0.16657961719314543,1,0.707760697643042,0.3255932135717078,0.5473002817850765,1,Z,D
0.07989076448338288,0,0.7807351157688718,0.38703179235915575,0.3033347280943015,1,Y,A
0.0985569071690916,0,0.9341427254719452,0.007147977319086896,0.7795722667847292,0,Y,B
0.364180875904238,0,0.20199721533948278,0.3334340234202692,0.2073590334741342,1,Z,C
0.3637599796349429,0,0.12214097153344405,0.7312952186971374,0.7515733487025653,1,Z,B
0.08628287126029653,0,0.8816250407833599,0.6566612858292178,0.8802098303980439,0,Z,B
0.05299655300973107,0,0.7471855012611116,0.6894722666256777,0.5417002852848367,1,X,E
0.32794769010777614,0,0.8043791473575315,0.06083533386474327,0.31999193344264576,0,X,D
0.3662999212986861,0,0.0639212037160175,0.12134136438047105,0.6154323953424272,1,X,C
0.13951402522899628,0,0.7835868177944817,0.27187840900515126,0.6422420829747044,1,Z,C
0.31875781291093597,0,0.925771720423234,0.13152492382992764,0.4249373367929863,1,Y,C
0.16143976148534675,0,0.526102928325205,0.7072761298318831,0.5736222380042495,0,X,E
0.3764693661009889,0,0.35546424803222687,0.774086718610283,0.30222490265771684,0,Z,B
0.3677496700750738,0,0.7200131350422438,0.14733028634884093,0.4992642863371075,0,Z,B
0.02354076095382958,0,0.4019095577316034,0.28087959066530066,0.32944834229326336,0,Z,D
0.39941735459560557,0,0.23969155530741404,0.9778845580579681,0.27817309360725084,1,Z,D
0.2955207143061916,0,0.8376334529919904,0.4910506824233921,0.42348810719268914,1,X,C
0.3994050734212092,0,0.9370824256839139,0.9719929013406978,0.470384486807616,0,X,C
0.25284826421848533,0,0.3884896310883653,0.08785456435507466,0.5369644421926432,1,Z,C
0.39151169743653397,0,0.6203207805233149,0.16455803453557372,0.2665007932531226,0,X,B
0.3860973708779615,0,0.36695361371303403,0.6209767325980822,0.6143507677854735,1,X,E
0.06033497523661374,0,0.31359799511736863,0.6524058202511707,0.8360534999778424,0,Y,E
0.04690671491880963,0,0.9125393060891688,0.35060790126651453,0.506739843246511,0,Y,C
0.15953830863673144,0,0.7558334608414814,0.7228098336123547,0.013147907789582858,1,X,E
0.0072071272897878715,0,0.040290385574987764,0.9546703704766898,0.22607232236039232,0,Z,B
0.2091570940895784,0,0.3384498466225244,0.7671124198551917,0.4680435473313366,1,Z,D
0.36461630763427383,0,0.7400270821370043,0.5685000430917629,0.7987379202439351,1,X,D
0.39826409036905913,0,0.904846413266244,0.338917925961861,0.7284783414036392,0,Y,D
0.020285205486742734,0,0.8181143335206196,0.7913700472400579,0.523038413751819,0,Z,E
0.15693248010267957,0,0.17487164342159855,0.5086870520923892,0.08508312316947098,0,Z,D
0.39902254371503554,0,0.6493202785506015,0.9523836383330259,0.7726689091113705,0,Z,B
0.2621348140025738,0,0.6545595275773153,0.5505416151663909,0.6416095560901988,0,X,B
0.38935881364736036,0,0.3689499334294567,0.416718055929881,0.2517800073563361,0,Z,B
0.32385227669831723,0,0.5271161796446333,0.8670333701448483,0.06258981114978956,0,X,B
0.1686679468761874,0,0.0551422136458527,0.9327254292435792,0.6895382784944145,0,Y,A
0.11933310437926282,0,0.32448618246518535,0.6803952055630087,0.5778986820945379,1,Y,E
0.38956992742254853,0,0.2081495517826608,0.6534129549327374,0.6979485378415714,1,X,B
0.3858590653349275,0,0.8040220742541746,0.4781380124415313,0.1637105390324458,0,X,D
0.2897497144459359,0,0.6460671585435152,0.20096513401173421,0.48647811872175717,1,Y,A
0.33042559138245675,0,0.2322960344481133,0.20420569464765082,0.28898087282743956,1,Y,A
0.39621895517268524,0,0.26841311273441193,0.0911752751267697,0.6550883311588359,0,X,C
0.08817946483885426,0,0.4489882666063578,0.06637200759389461,0.06038221072225414,1,Z,A
0.17016934176184687,0,0.05931616125962158,0.8980670323868255,0.3074540345399176,0,X,C
0.06083178700120558,0,0.7963727553578706,0.4498850457209962,0.7990559672526143,0,Y,C
0.026396072055492457,0,0.912236151319422,0.3841221965314201,0.559777210931367,1,X,E
0.3978276825848705,0,0.6985395361971602,0.8327103193440003,0.5343494809074826,0,X,E
0.3617257925257176,0,0.41197744275069814,0.70591053939129,0.5716669076002789,1,X,C
0.026581485210990352,0,0.4670265617739918,0.3625597925943046,0.3329074218025946,0,Z,A
0.38437180262214965,0,0.3899927057845982,0.29778744981105343,0.6655585324868653,0,Y,B
0.37586348467318176,0,0.07303920004806608,0.4331403536135042,0.22692681518965951,0,Z,B
0.17170753959365484,0,0.7861572300674683,0.137168110274416,0.33666392379546806,1,X,D
0.3491695335170561,0,0.1235032404860833,0.5062031185484109,0.17062886643914466,0,X,C
0.36219297526521643,0,0.3362486137815692,0.18809480904381382,0.4360418525488404,0,Z,A
0.006494413241658693,0,0.7693136078013891,0.5078775555312457,0.6029333882045147,1,X,C
0.1460282478717878,0,0.4924423016104247,0.28165424797405514,0.5887483055154514,0,Z,C
0.12943604708258774,0,0.22193969170800798,0.9210067685398102,0.5398242030228311,0,Y,B
0.38703736487230994,0,0.4537633239453267,0.2383752015107642,0.06864691449080784,0,X,B
0.16592398034237565,0,0.9480359187365817,0.6794920677776742,0.1583091288530999,0,Z,A
0.03810469457436597,0,0.18640448871821702,0.33646325396302523,0.8735641659582736,1,Y,C
0.2926561015821925,0,0.7723207759802319,0.6209112535036931,0.5350417528846245,1,X,E
0.1763098321769878,0,0.6491127156062212,0.389940331591493,0.012970576055771899,0,X,A
0.38149059193446755,0,0.7390513324778892,0.4320014593102446,0.44450261901268406,0,Z,C
0.3764529542856171,0,0.7684668445831805,0.6370409472761084,0.019355351618229766,1,Y,A
0.3266297245591037,0,0.15960917659083806,0.3924422298609679,0.020554854787288246,0,X,B
0.14238050562197477,0,0.5084103524734709,0.6373135285428536,0.06664665252969681,1,X,E
0.392539629690842,0,0.1527086896028057,0.808143584667115,0.8861118021954464,0,Z,E
0.2708696997210916,0,0.2475909981546549,0.14521240305177774,0.968747924649772,1,Y,E
0.12749378687701918,0,0.4685558245426016,0.059612235852517625,0.5404603228403131,0,Z,A
0.20642379684334622,0,0.24850367532292872,0.19163652095979378,0.274892596648734,0,Y,D
0.18013173847093852,0,0.1060832372940087,0.12217503183234801,0.03776964682564665,0,X,D
0.38441013698100135,0,0.041777582039722816,0.1368829844372631,0.02066454550789687,0,Z,A
0.342808643099707,0,0.7476070091206073,0.3558020737747394,0.8216358963636424,1,Y,B
0.3327717414528355,0,0.18357316787734324,0.3374556818956266,0.07492679789998757,1,X,C
0.21051163739402565,0,0.49062581068409794,0.06166521231237565,0.6917376001027307,0,Y,B
0.39710011471941814,0,0.9655126296637756,0.6604204396213609,0.08565519918343845,0,X,A
0.3986948414241565,0,0.025177259323430512,0.4576257407371701,0.754689159321666,1,Y,D
0.22944649449218604,0,0.5629458263774474,0.04489882075971863,0.20119919233098282,1,Y,E
0.1144063659468242,0,0.003647585093430439,0.33034136926130997,0.42662063198798084,0,Z,A
0.357432731437644,0,0.6097012744103897,0.02365573824542133,0.06254029949809836,1,Z,B
0.36898658826355557,0,0.16149259749672873,0.08276805143840271,0.5026604863688359,0,Y,D
0.3990894265047325,0,0.04525366893684013,0.6182395701822042,0.8975112651572532,1,Z,A
0.024225026590088444,1,0.11671118272292236,0.3312177234232523,0.2508046432571398,0,Y,A
0.0027220363310094904,1,0.13854491918427836,0.19799318003565292,0.8051227106452562,0,Y,C
0.011303226866029215,1,0.07730754137788742,0.7567044577918004,0.7859997636102163,0,Y,B
0.10881803287368541,1,0.21655534642197305,0.6373554243204609,0.3459831130667901,1,Z,D
0.08545261864126678,1,0.2351099724496165,0.37058038148851824,0.5019517443911301,0,Z,D
0.1138347298723126,1,0.4707591476353533,0.62523645533067,0.5715850826569505,1,Z,C
0.011594131630916748,1,0.23617584584644147,0.5244119351991324,0.5215091784283561,1,Y,C
0.15674021215233683,1,0.7924922079316289,0.7776497572380605,0.35178865784524194,1,Z,B
0.18490279881612445,1,0.6300619646729633,0.010828610085938717,0.4309412817245918,0,Z,A
0.0467867251470057,1,0.8778371752071739,0.6636385871386807,0.9649671634984169,1,Z,D
0.18305570519403744,1,0.02938127389335743,0.09225943352038779,0.07926255427267626,1,Y,C
0.25866001547283,1,0.4884612281629577,0.9007272401743315,0.3198662448277987,0,Y,E
0.3175057984512907,1,0.3164807694742593,0.8208598368054867,0.2932710886027242,1,Z,D
0.15788078616436954,1,0.7515400800548859,0.39024090925511,0.44153018909803676,1,Y,C
0.21011773769459963,1,0.9827885001486031,0.5815984489916713,0.7579756476767974,0,Y,A
0.25784659337746674,1,0.37450473841599163,0.7530583829835497,0.47293893305251367,1,Z,D
0.06003051597063318,1,0.15178770704297317,0.757601018288466,0.4011954802926334,0,Z,C
0.031935456301690035,1,0.7958736307856172,0.553902116880173,0.22492571187832955,0,X,B
0.017461156743512205,1,0.9889284177446082,0.6690116055841375,0.812423471836801,0,X,B
0.2940646129814937,1,0.4910834577256673,0.5237499795585937,0.29427373222441533,0,Y,E
0.031846873128782906,0,0.2944689699428782,0.3247291557679387,0.7941339086533584,1,Y,A
0.38950742245392816,0,0.8919932680979311,0.3650671107903971,0.9024535468447951,0,X,B
0.02588972253248221,0,0.9146597551355855,0.17055908374990192,0.09613624265504017,1,Z,C
0.39386538133902577,0,0.731640001265553,0.7812485610792151,0.042562958002973605,1,X,E
0.04080197883949198,0,0.7554022653469753,0.14078032059458645,0.633869724291795,0,X,C
0.16008548975406545,0,0.5889512102312642,0.007292113016127755,0.18850650920977374,1,Z,C
0.31169429928552433,0,0.009972740773751987,0.46704760648126176,0.17409220252408786,1,Z,A
0.3274277650734236,0,0.4569201852671878,0.19480543475316048,0.6388667736174539,0,Y,D
0.23471881723927454,0,0.19510956349741415,0.9840251326470871,0.848886949875146,0,X,C
0.028607741982722933,0,0.3838439162697427,0.07421511848377438,0.36234515131529155,0,X,D
0.38041033126962337,0,0.5066573460354731,0.05520537327077746,0.5807920670182212,1,Z,E
0.398443524755156,0,0.6621532462489774,0.700115109667551,0.20178143664849446,0,Y,A
0.3923512310386391,0,0.78256153872003,0.169729284758109,0.018211723211536746,0,Z,D
0.07623580216814735,0,0.630443141784659,0.6101832673436491,0.1555426148770226,0,Y,C
0.11430172710912152,0,0.08377349398384637,0.19604440528138367,0.5001705246746293,0,Y,E
0.13448366790330205,0,0.3563737606576234,0.7215907157001931,0.9168706597758574,1,X,D
0.06002608633553036,0,0.8088499296512103,0.4923381660514653,0.9264935143973763,1,Y,D
0.08832957162683665,0,0.5426226584681454,0.4175935716906629,0.1656966888146364,0,Y,D
0.38867421582725864,0,0.585424443597663,0.8116727425430984,0.8999336980836674,0,Z,C
0.3945287677179411,0,0.9559915848923014,0.05081928954378523,0.7979396829733744,1,Y,D
0.2289223933956015,0,0.7631073474983996,0.0691808399750401,0.8253301851104823,1,Z,C
0.38327280656605256,0,0.48666973675167147,0.737948336110928,0.1795742619522559,1,Z,A
0.28699790582460527,0,0.18924921783580362,0.9287731561931397,0.8643577639142784,1,Y,E
0.26273871546708194,0,0.9250433223793781,0.7392909736601667,0.2249048252200978,0,X,B
0.27527858709002734,0,0.18330669033811964,0.16894030407897254,0.3976672122580178,0,X,E
0.3312355633988065,0,0.8772483094996125,0.311934591602574,0.061448086750391595,0,Y,B
0.3507441670032326,0,0.0006759226899449855,0.4084380133068386,0.3458910848748077,0,X,C
0.02157365977022992,0,0.30401239464988095,0.409607542568039,0.6811180527138401,1,Z,A
0.16693272225596614,0,0.8077029372476057,0.9558066771128988,0.4844523918092195,0,Y,B
0.04511604796262879,0,0.5814173431194697,0.9564106920607811,0.7039145242861868,0,X,E
0.1367629436568127,0,0.4071480708143528,0.595043215914196,0.8623088108878308,1,Z,D
0.12547136028777356,0,0.8607812995247637,0.11139404762589589,0.17128135966938385,1,X,C
0.2747896847709416,0,0.4283020110601832,0.34319704703060316,0.5415529277865994,1,X,B
0.08519236785492093,0,0.5078563156267825,0.376180700067821,0.8077966052784012,0,Z,B
0.13072319052007905,0,0.5841953889856896,0.9513887747423336,0.7982495760443129,0,Z,E
0.30694471735898043,0,0.12950598515821155,0.09547995318703806,0.13369853490054462,1,Z,B
0.16177715823381852,0,0.7712903762101394,0.15021650971721134,0.8300840274611977,0,Z,C
0.08681574856553079,0,0.3883421362822277,0.5613615722400505,0.1925489038161119,0,X,E
0.30041672820808235,0,0.369346241841752,0.18351998698741934,0.958941565190584,1,X,E
0.08775517975365991,0,0.6278641169639678,0.942316853661685,0.6240565591031785,1,Y,A
0.3977222647475766,0,0.7401611441922663,0.5550856657542357,0.37691195824313917,1,Z,D
0.03810519039150678,0,0.10661714863365779,0.29811005079436903,0.6035740934973406,0,Z,C
0.31626051136080524,0,0.5758633186167045,0.32050015855237435,0.03201285764713735,0,Y,E
0.3989794364497002,0,0.014873002686401238,0.604322115845797,0.493012307597684,0,X,C
0.2789746708472239,0,0.17160922515786026,0.8455485089673149,0.5930280475307892,1,X,D
0.3290525687747983,0,0.05573669052063246,0.7794294928303946,0.2040066234178064,1,Y,B
0.39805932634852087,0,0.4821597851249654,0.17150314030865754,0.6539316446016391,1,X,C
0.12494008563687736,0,0.18444622977051817,0.8990047676130906,0.6320138534028408,1,Z,E
0.01213268842001323,0,0.2096046222244835,0.5099658050206927,0.16041290926318863,0,Z,A
0.29944579448660874,0,0.5186186312261583,0.8965264293558981,0.7917550696650676,1,Z,A
0.324650925866004,0,0.9733762586877535,0.1344240187518898,0.570316878440929,1,X,A
0.39542513021866477,0,0.29921249213982326,0.4185869264364567,0.27539939019390136,0,Z,C
0.12897157695004563,0,0.43821651836290365,0.3656937696406174,0.4372088139292789,1,X,B
0.09662552459170902,0,0.728734773001384,0.4821420621538959,0.2279751022909554,0,X,A
0.3919949611798327,0,0.5900674751017176,0.8461842416570204,0.4823979096550023,1,Y,C
0.30662630431361254,0,0.7918318427423331,0.18556151301182677,0.36759493204948757,0,Y,A
0.39124986107207427,0,0.3662642225741277,0.7577768993081997,0.1827892670003629,1,Z,A
0.12879135245607237,0,0.046376086677471506,0.8487957446584729,0.10488857904776538,0,X,E
0.009409358622779963,0,0.6724953328248203,0.9030390643108837,0.23188058710136417,0,Y,B
0.27080957659733773,0,0.16170553461117676,0.04843792143171621,0.4252499463361106,1,X,A
0.15016231180144865,0,0.6662662180136957,0.2517684879276044,0.12144169591794385,1,Y,A
0.3812026416838635,0,0.8135806818560762,0.7846966656886422,0.6226507762866698,0,Z,B
0.08909821794282295,0,0.7647046887205811,0.20540829337760969,0.6650990002127477,1,Y,D
0.36729456615665235,0,0.29831518169337445,0.3795007528771227,0.11186370521340927,0,Y,D
0.13209306872826926,0,0.9201230605551908,0.22143856337182377,0.14305511267580528,0,Z,E
0.29152682749500153,0,0.9730478906043554,0.25996616060219924,0.1754294127576843,0,Y,A
0.34560206418234285,0,0.889296136694101,0.8167680360973782,0.4322096495914245,0,X,A
0.08580826270862575,0,0.19368924845695779,0.4772396416454848,0.46538465319439815,0,X,A
0.21969286919514155,0,0.8193487040849493,0.4879567766819123,0.4628750519728425,1,Z,B
0.3153310237565925,0,0.560754498918097,0.8128947808575433,0.03993794439478926,0,Y,B
0.024691308405564168,0,0.5643931605943027,0.9613880994687701,0.6112273506496796,0,Z,B
0.10819150457593606,0,0.13479177966491862,0.09307695480236411,0.6462775625273077,0,X,E
0.2922342370308272,0,0.8983682550582592,0.816053199438431,0.09386327080580958,1,Z,D
0.3433739559209041,0,0.04505039602696459,0.5508042348051947,0.629639883122358,0,Z,E
0.39081491439967725,0,0.07255197980428385,0.3643750768531647,0.951527400758399,1,X,E
0.27658520890874205,0,0.051296560791115664,0.6095495163119438,0.953440291618918,1,Y,D
0.13055213166028584,0,0.9839946894356484,0.10854760318560386,0.2404934968731407,0,X,D
0.28088054388417993,0,0.6036526411075732,0.9528566784914946,0.8510380094583009,1,X,C
0.09151750731154186,0,0.12806296300665831,0.21014273846716713,0.27537845789371074,0,Z,C
0.3754553766893734,0,0.6131116200101867,0.3560808473847603,0.12129177448964967,0,X,E
0.07736822451696519,1,0.37808993293501636,0.6127299852871546,0.16000881177142945,1,Y,D
0.02978503890077265,1,0.24172714000346474,0.9751013688760651,0.996808274732516,0,Y,E
0.30355039423748914,1,0.11723823279667167,0.009296436788633011,0.43506833913348186,0,Y,D
0.06865420389877791,1,0.16790745210729818,0.1225302897892323,0.7516856582850026,1,X,A
0.16701576444684693,1,0.7033104622695497,0.043995171699536595,0.7676113499094392,1,Z,A
0.304621794027358,1,0.3531778808614713,0.27365376682979625,0.3950221788427134,1,Y,B
0.18557025766780136,1,0.9388033914254981,0.8059647865887793,0.06948863691708096,1,Z,B
0.3316559269536336,1,0.71327312489477,0.25064530225726056,0.13761878870221156,1,Y,A
0.004280074166305842,1,0.3806332647692596,0.8720925985793639,0.8083320053862252,0,Z,D
0.05916484901224991,1,0.1842087514799623,0.4427222547395816,0.5040878451334033,1,Y,B
0.014888044849776667,1,0.23826450318835635,0.5847856478199457,0.8059917471365535,0,X,C
0.1163874829962787,1,0.5814827544167376,0.8400168489671131,0.00529152241316877,1,Y,E
0.10313009477510962,1,0.3387505642115586,0.7749661843618516,0.03253256762227341,1,Z,D
0.13127773504959223,1,0.7580046026104533,0.8708003978624503,0.1128679733470197,0,Y,D
0.17072727429242046,1,0.010717914986212329,0.9412154410274925,0.10042582816281542,0,X,C
0.02723624183867425,1,0.70617707893521,0.10711473418322759,0.58333719568498,1,Z,E
0.14369551326259633,1,0.28638541235481596,0.0463580388317929,0.7613638493637755,0,Y,D
0.3646482602388177,1,0.27726202507838804,0.4212086287957799,0.26650209219980703,1,Y,A
0.0789350363239108,1,0.3897005611813582,0.9519175002424904,0.32107254613236724,0,X,C
0.047090500965359085,1,0.35744462831589296,0.5605579280733476,0.3363036825362903,0,Y,E
0.3623471143693152,0,0.3512689238219636,0.9745789784244556,0.09036069901927923,1,X,E
0.1315812171689009,0,0.8480138931569967,0.3190807558577762,0.9734228097413044,1,X,B
0.23750620058181715,0,0.09998173654778741,0.8382012760507966,0.20141447869671314,1,X,E
0.1285335675202295,0,0.8786104630593229,0.8884671065771143,0.48831635302900767,1,Y,D
0.09025560089434795,0,0.009132787978507806,0.439493906854745,0.7366149000881684,0,X,B
0.33888831113478946,0,0.4993520221951637,0.575657930313531,0.9113581170295917,1,Y,C
0.39827158269361046,0,0.9256223294848029,0.23303782039437648,0.006195768424893333,1,Z,B
0.3854681718011444,0,0.8288414914172536,0.826916878666197,0.4728724292742147,0,Y,D
0.396222026129869,0,0.9587612713575393,0.5053074821381771,0.9148160465665142,0,Y,E
0.33146836638178345,0,0.3658394408543256,0.9477779359865481,0.19068856588127592,0,X,E
0.28557046707527034,0,0.7890753177042181,0.6429742221184164,0.45816774004589267,1,Z,B
0.20609663788582158,0,0.7842640197299104,0.7688929801742992,0.008602394521983747,0,Y,B
0.3809246784119763,0,0.9049587405559971,0.9982618733943416,0.6457484393548324,0,Y,A
0.1376701610580083,0,0.3513797295814719,0.9017716842553628,0.7492848256013063,0,X,A
0.32034766760982136,0,0.08020346057931804,0.09344472124048042,0.7358536621760275,1,X,B
0.3321034358934989,0,0.7432864920014451,0.5479304177737486,0.40170354994684265,0,Y,D
0.01595623573188275,0,0.43551622160959613,0.7478376538071076,0.9548859283836509,1,Z,D
0.08152535575930482,0,0.756400234468211,0.24889144516458495,0.36036394891320134,0,Z,A
0.25005866682774675,0,0.98321638848224,0.8763076669185215,0.23355241433552987,1,X,B
0.39192266090959715,0,0.4341487641963676,0.23698125339522969,0.8035121873982959,1,X,C
0.32521234886916717,0,0.6463784097638894,0.7544484601824327,0.8495830621157952,1,X,E
0.0816165514715375,0,0.7364883919899599,0.3289698980719885,0.8329079685762988,1,X,D
0.07386462450050578,0,0.542529932495719,0.6949759277044231,0.10666403600729313,0,Z,C
0.3281193699627617,0,0.8412609704364572,0.6824862551475039,0.51713106753328,0,X,D
0.2860954477394766,0,0.7198530182067086,0.6407026896618765,0.5018139503419423,0,Z,D
0.03083683700304679,0,0.46954427791265074,0.20702336404594512,0.22090050622816726,0,Z,A
0.3934689422229628,0,0.5143309795966922,0.05763665800819473,0.6499491626547484,0,Z,A
0.3679442761978649,0,0.5224104920838675,0.8171096003137673,0.48781650591858217,0,Z,C
0.28327132735907035,0,0.43485980382747047,0.11891225260764715,0.8980774428373217,1,Z,B
0.15458592911027585,0,0.5129329462030396,0.984037922388448,0.5396262804704658,1,X,C
0.3321017651335279,0,0.2629084815224283,0.12399037633665644,0.44170958656516224,0,X,C
0.1740041659813221,0,0.6209398573919324,0.48266396027122493,0.7127430357720519,1,Z,C
0.37530050660581527,0,0.8057666550715358,0.6831509516925018,0.5697131053420225,0,Z,E
0.265456606749539,0,0.4968316821503185,0.8153698956793193,0.5830680719334395,0,Z,D
0.0887154216205055,0,0.5294299812375831,0.5978418844413494,0.6534332491921986,0,X,E
0.3455859631390776,0,0.19320720490446708,0.3148682154871232,0.3595753233563762,0,Z,E
0.1695323771089346,0,0.3990488065771097,0.5349215595899564,0.8435247385216819,1,Z,A
0.009404722351539066,0,0.43747653830186595,0.8690505401180252,0.6134593942564267,0,X,B
0.3871266692132821,0,0.5571530806495659,0.995395684305088,0.8060973254050348,1,X,B
0.008219898880082501,0,0.986599133526599,0.27697671269267665,0.7126010188429386,1,Z,D
0.38912146299420763,0,0.8761759647405564,0.1563459195582254,0.003126726905879229,0,Y,E
0.19833210415570154,0,0.8664495779320345,0.6635721062711276,0.7686405670794834,1,X,D
0.31768493612357995,0,0.9982157445608936,0.0052371695436804755,0.12347605054645605,0,Y,C
0.1602006430988591,0,0.1025478703108923,0.5568964893020548,0.714463084587457,1,X,B
0.3621514144763571,0,0.22435161450778762,0.8469371368979323,0.14505568045854444,0,Z,B
0.3714779681936097,0,0.2706962437017777,0.5962738348878887,0.4387469723790981,0,X,A
0.18094146912413578,0,0.7902506626247937,0.813207392418736,0.5916480155351223,0,Y,A
0.3983728119478113,0,0.9450656519711172,0.8215602815016719,0.9676112617080996,0,Y,B
0.2527092124784987,0,0.15263806838022742,0.633049689395471,0.35128829981531395,0,X,E
0.27755130270416634,0,0.7173606875382674,0.7873603114427611,0.6935493509689086,0,Z,C
0.051640760280239534,0,0.6290350417274689,0.6886043466982885,0.3685652467209092,0,Y,C
0.14046136397526335,0,0.7558767223370644,0.44499743867508257,0.33940270035091513,0,X,E
0.11638870361110201,0,0.0009399241943567338,0.5788860195999489,0.16385637759739857,1,X,B
0.296848003735886,0,0.8791470110425293,0.8732131098262832,0.017682530402030605,0,Y,A
0.30468743670139165,0,0.41211756865587434,0.011559914638263447,0.0772583463183425,1,Z,A
0.39836308438927237,0,0.5614810866000391,0.9369749284035097,0.7296619506212528,0,Z,E
0.002390317540652933,0,0.01946018399316496,0.7794489012998325,0.9555291478176742,1,Z,D
0.244278619120382,0,0.6758382178358658,0.6237080584303571,0.5041449028126146,1,Y,B
0.35002002993392567,0,0.9203119125615998,0.8315092405272491,0.8188162969927406,1,Z,C
0.3920641759849817,0,0.5769352222069222,0.04948211977272643,0.2834705386752514,1,Y,E
0.3615538588105588,0,0.6353608672433944,0.9727605004297597,0.25424919093192855,1,X,E
0.0007805463362686507,0,0.06529121552181505,0.7271118320576315,0.04352451579874006,1,X,A
0.39234822137544184,0,0.801102405129154,0.6149578099722299,0.09287329662333743,1,Y,B
0.3868101932480673,0,0.013693467959574379,0.2324045145941246,0.4114697989757211,0,Z,B
0.3873276831470718,0,0.15367562199538498,0.3189851992352133,0.03189008449933073,0,Z,A
0.08779254438946058,0,0.007480943188006184,0.8829575207317265,0.2414982454452662,0,X,E
0.2762867909939663,0,0.34050678997217787,0.20013662489946282,0.13627212872518002,0,Z,E
0.14004831470147985,0,0.6083124451466007,0.9157326712691116,0.488037225197002,0,X,C
0.17357373312112423,0,0.9642183334634002,0.6381150077807849,0.5896640156165153,0,Z,C
0.1345259511619582,0,0.26621806951335725,0.6442566949765568,0.6577385302821905,1,Y,A
0.25885499590986916,0,0.9775997397308668,0.04275953855724235,0.22190468852746126,1,Y,D
0.2002309701758566,0,0.12208999205757853,0.5780011498872258,0.3500022934188175,0,Y,C
0.0002837714281970532,0,0.6307439429265785,0.49201509335677895,0.3076713384891543,0,X,B
0.05090305133027273,0,0.02574758907777064,0.9266879241501527,0.0963729091540505,0,X,D
0.10530378107851851,0,0.2603567922159672,0.31512634654495586,0.2660104584598575,0,Y,A
0.26482988145980874,0,0.24567629624282028,0.3318900626865724,0.7187925995504393,0,Y,B
0.3476406712554902,0,0.6024387681325926,0.37628023881219574,0.48398098560740055,1,Y,A
0.37579833356145964,0,0.4421688841014917,0.20101062503354872,0.6306195557035695,1,Z,A
0.3938778938786838,0,0.5165352306436205,0.913153524503999,0.06424433441772559,1,X,E
0.08433278433069384,0,0.5955633284441081,0.07006338014982705,0.06372852552177044,0,Z,C
