time,event,F0,F1,F2,F3,F4,F5
0.12496481681134929,1,0.8713924915665849,0.6687508296538811,0.20237969046081317,1,Z,C
0.0017163444009228688,1,0.7222224240583199,0.0803692638721698,0.6620947618699925,0,Y,A
0.186202400399768,1,0.7142512222768537,0.8149162196084649,0.9280375320283784,0,Z,E
0.10214448012233109,1,0.8431485439086981,0.48652532409310223,0.31398834135547016,0,Y,D
0.3082022298610281,1,0.23265518660082318,0.22985753836074507,0.9778267625269647,1,X,A
0.30308556647287377,1,0.43844193506178264,0.049373351992364256,0.6419382796834159,1,Y,A
0.0005245088400576574,1,0.8105035491033464,0.5947798396054116,0.5208306663737426,0,Y,A
0.40489172580460087,1,0.8602072844305126,0.8635078372552263,0.26595632973810934,1,Y,B
0.16154852732304523,1,0.45053637124977775,0.38465522666043417,0.6725213561085435,0,Y,E
0.32327377456428175,1,0.45295527452751405,0.6806639769146743,0.9666932749976807,1,X,A
0.28164920662227505,1,0.5371436576544214,0.45775930089481176,0.8171607379436318,0,Z,E
0.28486705834404835,1,0.6592704428769401,0.5207436986440316,0.47382884240063594,0,Y,C
0.1502542068305156,1,0.7469775400224437,0.8761993901393882,0.9878074614610446,1,Y,C
0.4487929723925289,1,0.9933486564312535,0.15021661683435683,0.2026658928274765,1,X,C
0.30546079358638656,1,0.6227415080492471,0.5497315383950487,0.8944286020068934,0,Y,A
0.0020827719912260866,1,0.9903073083368925,0.38628411017266673,0.3404970755307045,0,Y,A
0.3437078371127291,1,0.35736523972558476,0.025274176052062614,0.730362187317963,1,X,B
0.22359422314456312,1,0.07692475816891875,0.058602163671860885,0.7818029973993594,0,Y,E
0.013314061273334142,1,0.681117617261512,0.001675024103799827,0.684700417656635,0,Y,A
0.23641510004639416,1,0.42643047345004714,0.7689745805026464,0.2035979711964795,0,X,C
0.3443726508714455,0,0.47324450141987995,0.6304826963779028,0.6098425888459331,0,Z,D
0.4762092110201758,0,0.38702541483977115,0.34205898807151824,0.5026804849853606,1,X,D
0.022468420824503583,0,0.27908306425839213,0.7134343815710694,0.5367787436442553,0,Y,C
0.18092296770939972,0,0.5913604251801605,0.34325724586993733,0.23805611154289819,0,X,D
0.29494304394445287,0,0.49350159228537804,0.7508032025733368,0.7248694596679839,0,Y,D
0.09319985082175301,0,0.04659904727907849,0.14621418169311617,0.8251100997603386,1,Y,D
0.26110468410127513,0,0.7641623512472173,0.47109600296885534,0.3307703472543738,1,Y,B
0.19556440953860982,0,0.2545575062119939,0.7316350329219897,0.7616133167278495,1,X,D
0.3786227462669572,0,0.47339702569850795,0.9143689262227819,0.533992089274822,0,Z,B
0.07808205815762344,0,0.5429654496079367,0.5821819361556552,0.061750403305711465,0,X,D
0.46087814090462803,0,0.31416507669971905,0.7827321403683734,0.7931444859176938,0,X,C
0.33939510126716904,0,0.35923563551505,0.3713176625161577,0.8930510317179403,0,Z,A
0.16545812885678393,0,0.4512024025060565,0.5104504922313636,0.47536554060735225,1,X,E
0.4607194831472075,0,0.3083830037565741,0.6895651305159564,0.41914741132889843,0,Z,C
0.3386609156977308,0,0.3981513178010555,0.8065073180335027,0.13119687668996338,0,X,E
0.44826901149249304,0,0.9281716241299373,0.41596824059761306,0.6419657569972484,1,X,D
0.14914964130260736,0,0.26063000142499637,0.9431121302793859,0.7218697874177707,0,X,B
0.21633745772617247,0,0.0009257081906804965,0.806330648715967,0.26227626129486536,0,Z,D
0.4427034537391508,0,0.3657269706761912,0.7311927966419822,0.8587672205045324,1,Y,D
0.4589451683154624,0,0.22791092388612455,0.2571314719311132,0.28914738844243193,0,Y,B
0.46610393627342894,0,0.9158673437754307,0.9683678130354141,0.945645545581196,0,X,A
0.47520145449706597,0,0.6465274551797509,0.333603459192663,0.4976952155839198,1,X,C
0.19723933230996366,0,0.8119575457482432,0.5749061355537813,0.7515085326470856,1,Y,D
0.3989016631578291,0,0.25024808256064524,0.11601769450007438,0.22347018284798603,0,X,C
0.43221298691807886,0,0.7315193636744303,0.9121701531193552,0.22173483282510087,0,Y,D
0.08164658338063559,0,0.11433223163420592,0.38949298658281806,0.9268192838684358,1,Z,E
0.08141141558731557,0,0.14673792153152587,0.561351912824568,0.9327799962254404,0,Z,C
0.4743611548018641,0,0.05280750051982519,0.9477325557683004,0.426524879305031,1,X,C
0.4800807731804793,0,0.042729505542571156,0.5480972204310013,0.29959365240942193,0,X,A
0.09041634948116005,0,0.9003921302744653,0.9203517884486703,0.9922662466147548,1,X,B
0.020116161738250444,0,0.0404948374569325,0.47580088860638126,0.22613122906964434,0,Z,E
0.41696311994530655,0,0.41828987852456256,0.3519237290980681,0.3258436030721238,0,Z,E
0.46357502022762653,0,0.015682528798932838,0.7881215507799579,0.7513905398624353,0,X,A
0.19227285765364496,0,0.9358311126154181,0.2813249370238837,0.603276827050502,0,Z,D
0.32595789398724195,0,0.9230665763921384,0.8639209141941763,0.6989325768370938,1,X,A
0.46507648450917766,0,0.6068639100849142,0.16591046403042298,0.3735508667750136,0,Y,E
0.21212370857899418,0,0.8198617428358157,0.5145325362563814,0.4909788246205987,1,X,C
0.295480526044289,0,0.06267097159603663,0.5172418543511978,0.7612180919027838,1,Z,B
0.03996678224384931,0,0.9661841914595449,0.5857956295390463,0.1266651264906682,0,Y,C
0.1867130621024544,0,0.1893800270845537,0.6250725896873085,0.2732178034246784,1,X,C
0.041873115315839544,0,0.4152876924912733,0.8617782380747752,0.3525953382556072,0,X,C
0.43527629273896923,0,0.758476925124419,0.9737937015924448,0.4741316172762775,0,Y,A
0.37658391886916975,0,0.021400124289972733,0.31587207268762896,0.12271849533932777,1,Z,B
0.23632259815248322,0,0.9737169881953252,0.8839702199242704,0.6958221482395215,1,Z,A
0.3891921359543312,0,0.131070804071989,0.881390724385171,0.9788109466490218,0,X,A
0.3064473701034726,0,0.13912401657808282,0.8713998518263507,0.934111124192212,0,Z,C
0.05130707999473242,0,0.4505162617974203,0.17963821457235085,0.3485573063189018,1,Z,B
0.09891889371784723,0,0.7984513504168161,0.44962848062313454,0.5861146810643829,1,Z,A
0.005304093247041767,0,0.05110647445513894,0.6497920660798453,0.21312864436433354,0,X,E
0.38168479589724297,0,0.6562155755029142,0.49292005004129436,0.29069394464062737,1,Y,D
0.4649827761343541,0,0.0647984006726956,0.003342773679190336,0.31917015181146224,0,X,A
0.11010801501424214,0,0.5614240224095647,0.1321895735794778,0.41096697524632575,0,Y,B
0.24037049718623957,0,0.7570634014840494,0.21835327728840204,0.691192531791712,1,X,E
0.20706876227378104,0,0.19850960066307577,0.5904423937989488,0.6377759145135554,1,X,B
0.364546924931134,0,0.44347273199629744,0.5142732257740263,0.35124719477462696,0,Z,B
0.09521138749395089,0,0.055760486126616327,0.3849942039887918,0.7954310489364474,1,X,A
0.4798479328781512,0,0.842429283411766,0.21446407502615072,0.8039792419255488,0,Z,D
0.18235658224271165,0,0.32402036485794594,0.6098775917616315,0.016103404205079053,1,Y,D
0.4149757729776459,0,0.6441620496832353,0.7773093590078485,0.1953747255036622,1,Y,B
0.2779416998272101,0,0.8207904125835378,0.0921207357933187,0.6847470792677258,1,Z,C
0.13143642867842806,0,0.30364093411839677,0.5499088127627373,0.40898681861102504,0,Z,D
0.39674147377422925,0,0.40899511077344985,0.20804859260479058,0.8121381735483684,1,Z,B
0.4676167687049975,0,0.28957368877493883,0.6969947307766472,0.6531645641941499,1,X,A
0.43864458248409816,0,0.3969176964296821,0.16991849378640245,0.009915873753694848,1,Y,C
0.2844362324574351,0,0.4926803030991521,0.7591972439937152,0.781835205506459,0,X,D
0.36012430016702585,0,0.6978044971943331,0.7694019155153538,0.08243947112369054,0,X,D
0.1556086882052663,0,0.47890876709458596,0.3628930970862779,0.5191707303627577,1,X,D
0.3346625541383943,0,0.26287520413666277,0.46579015053807027,0.827546295193246,1,X,D
0.44683193981304764,0,0.507819856881305,0.785445352884604,0.8716486080150975,0,Z,C
0.4171180714550044,0,0.4150746485426946,0.6010121370724997,0.609629939604023,1,Z,A
0.3841392279998626,0,0.6481874793495523,0.3800675368876172,0.8198069602823457,1,X,E
0.4759696090203654,0,0.2783064470464989,0.04497671068763964,0.01300741138909467,1,X,D
0.1216434774122704,0,0.9790199881520248,0.6434002157481951,0.7124952573290164,0,Z,C
0.047338933283090384,0,0.7228413325673256,0.5772964070796611,0.7173865881653254,1,Y,E
0.22656355773982123,0,0.575296028553597,0.6228765680527111,0.046461347161160904,0,Z,A
0.191400605546608,0,0.3700943595019781,0.794305679566524,0.5392101348107285,0,Z,E
0.06396584968892943,0,0.0757388386172575,0.6073436007987971,0.10819001254449545,0,Z,A
0.24070612332076677,0,0.7404655355419747,0.763777103722181,0.12086505090909228,1,Y,C
0.015214832052905889,0,0.4893991026627088,0.6634712957800514,0.8730385940153715,1,Y,E
0.36883316114024034,0,0.11607651605495595,0.08761062163923894,0.9728894622253077,0,Z,A
0.026622918371714686,1,0.8821147795790831,0.6398314729944666,0.6051906556452449,1,Y,A
0.1295442235458439,1,0.5843098293224522,0.11445255752453798,0.6541787547043676,0,Y,B
0.07941148623896321,1,0.7528822359643965,0.5292187922688499,0.9694888383927522,0,Y,E
0.06343134043229831,1,0.25506397085943255,0.4055951146791966,0.7643179009295811,1,Y,B
0.07197929950047782,1,0.9467432134725612,0.6373504181635149,0.6264302973256505,0,Y,D
0.30356515110040055,1,0.7904175373383054,0.865087330466906,0.044459050252640187,0,Z,B
0.1778477247756434,1,0.5153425358247088,0.8008670814884961,0.2090762786666185,0,Y,D
0.02057852587265412,1,0.20146166386494202,0.19246104545191678,0.635314616618568,0,Z,E
0.1418530929666047,1,0.8180567206302997,0.9130278501223791,0.2531522293416151,0,X,E
0.38258719296415167,1,0.3016118287811399,0.32744256383602466,0.5919840741118934,1,Y,A
0.18558885743581363,1,0.2730672232526141,0.5763621644759139,0.5992920187876708,0,Z,E
0.20918295079879246,1,0.9856056525826402,0.03526154612232457,0.44019113162911694,0,X,E
0.09377388639306175,1,0.7582256399959169,0.5197649149903169,0.994190636182095,1,Z,A
0.014982925380319494,1,0.869374310730249,0.254122053922047,0.09136517767986163,1,X,B
0.29011448224323383,1,0.4707871652361678,0.54618257069138,0.9961822133706951,1,X,A
0.2539060048825375,1,0.6924977416656741,0.7369163953522054,0.6191418782105196,1,Y,B
0.20333831485232073,1,0.6717731769034674,0.3382622728549981,0.9426897805040304,1,Y,B
0.031233861611423507,1,0.749540657325244,0.3393951211199694,0.20377050330164115,1,Y,B
0.3461354127521481,1,0.5800645180336814,0.5464714012315574,0.7622359954086402,0,X,E
0.06600057817395151,1,0.007830743858086908,0.188306081811212,0.8283303223181542,0,Y,E
0.45145277048716465,0,0.585088629666523,0.5833400954812369,0.7259677932111014,1,X,A
0.3703402550142343,0,0.23155775039018434,0.12411826051821317,0.6827978246301497,1,Y,C
0.18318148591979908,0,0.5993930028905453,0.6949648284564481,0.5842420244425957,0,Z,D
0.2736270937800877,0,0.16740800663056254,0.37034185575189715,0.9603680818540004,1,X,E
0.47914530727855076,0,0.8280607377625216,0.14813478840168248,0.7403292140359153,0,X,C
0.3175201835617781,0,0.2422122386339267,0.3187485905221612,0.6108710529320878,1,X,A
0.21091593522939533,0,0.06777684044727972,0.4363161265454887,0.5959322401547156,1,Z,D
0.4646349679548487,0,0.31470469057550465,0.6746830187590607,0.8790792128794714,0,X,A
0.2461505663041742,0,0.23569430530209579,0.40586913923189794,0.9317698212434118,1,Y,C
0.3955416348012929,0,0.8049962047213479,0.016388602196688473,0.47530659100194883,0,X,A
0.03531102516959657,0,0.4378507436048813,0.4621571746761205,0.20123873505079848,1,Y,B
0.27856591530599767,0,0.10897049723764485,0.48462930712937247,0.6934422850352462,0,Y,C
0.08790226013735207,0,0.7333890772458463,0.9971318326364759,0.8621315961730918,0,Z,D
0.47706464978985436,0,0.3867424427063091,0.43319104887063764,0.38465477424706696,0,X,E
0.2845818395542366,0,0.3286110787135782,0.8934302291030751,0.598938857524406,0,X,B
0.46024017884199164,0,0.795350064886907,0.01743713284003845,0.15101381693407756,1,Z,E
0.03648491077409071,0,0.7467598954246847,0.7949983793084722,0.8743314363118426,1,X,C
0.09206263469892353,0,0.1693955084155535,0.7997631821803338,0.3041251697117775,0,Z,B
0.32232460148659664,0,0.7490846328555296,0.06311877082622097,0.21300087337539786,0,Z,D
0.2828399128898394,0,0.7348154161513415,0.8735144762311371,0.3772370829535613,0,X,B
0.3705434819927367,0,0.0207653371672184,0.5868423643957291,0.8994064373678867,1,Y,C
0.42087464028306576,0,0.19574234663413526,0.47887844075825214,0.24877891108119543,0,Z,C
0.00945959079736633,0,0.6423163935139202,0.37853991633517536,0.34508002495852774,1,Y,D
0.46228580813551,0,0.5601049625836796,0.756234356540729,0.9180256587749992,1,Y,A
0.34834175115850413,0,0.9316474961847642,0.22055077730356953,0.08384696400802172,0,Z,D
0.2816698585397997,0,0.6012830528446363,0.7660512423319806,0.3540556738237314,0,Y,B
0.2836885748665639,0,0.46644794864129835,0.10694634305346262,0.7462616159713797,1,X,A
0.47748637757240164,0,0.24631991293874744,0.4574942633580854,0.0031031730410007174,0,X,D
0.2911005035093978,0,0.20438493944404834,0.7358733205072217,0.3092540426201512,0,X,B
0.11205601317937146,0,0.21185565646562,0.6203580172788666,0.1157381592469251,1,Y,C
0.21791618366376395,0,0.161837361583119,0.6115635133065487,0.04565632545057963,1,Y,D
0.43443236444571587,0,0.4194333765603161,0.3630504431388084,0.054414292128478925,1,Y,E
0.3768386026862987,0,0.8554584810647446,0.7092412424570835,0.8309580880426948,0,X,C
0.4685445607544822,0,0.1281395192217285,0.5484820921096608,0.6988476622581826,0,X,B
0.4686740938780615,0,0.8208451976786201,0.006058569877335218,0.7925408132946163,1,Z,E
0.41428758424671125,0,0.00545805712864933,0.30658818354559925,0.26753400978000363,1,Z,A
0.04029597166246597,0,0.6048157895646692,0.4041040234665181,0.12472339341722405,1,Z,E
0.12360807307753328,0,0.22866031400379205,0.9653595634290095,0.7304939419274817,0,Z,A
0.30118872708813615,0,0.4229860241939466,0.09765306352569458,0.6798103225264868,0,Y,B
0.2557527273590343,0,0.20688015450726127,0.6925111402482031,0.27570084772960424,0,Z,D
0.17896027864236652,0,0.17650078904640487,0.7153720214397296,0.7757362814464198,0,X,B
0.34636434865310517,0,0.6166434953433447,0.9091539721846875,0.402195163949152,0,Z,A
0.42387289410025975,0,0.5468847687356007,0.3535849215921196,0.9276929631135836,0,Z,C
0.3540918373065231,0,0.561652096362472,0.3165582129327217,0.19462508552940394,0,Z,D
0.3685142594306309,0,0.8316350083038399,0.6985737693210105,0.16420541249725173,1,Z,D
0.35066065566307336,0,0.38949517183354576,0.18029160757889917,0.3645834988291117,0,Z,A
0.3062952887484014,0,0.6370859460909851,0.00034952428293522075,0.438411184855377,1,Z,C
0.3746624800419364,0,0.4697004882712109,0.9771323176236807,0.5199347286707466,1,Y,C
0.47872138376164003,0,0.28385607938449187,0.8710131109800061,0.8505079795748537,1,X,C
0.35965559919837997,0,0.04803156357777738,0.47006710901640203,0.7064703161218617,1,X,E
0.45594027602352794,0,0.4369590077203841,0.9431158013211031,0.013280739148992526,1,X,A
0.23035500770094952,0,0.1795732032034053,0.3576570643140329,0.34120213059558313,1,Y,C
0.4412800113761664,0,0.508974922182595,0.4729088029703483,0.6596506325822239,0,X,B
0.2820152049245366,0,0.5115814128452132,0.7311866582095253,0.16625250363995925,0,Y,C
0.44790935116783537,0,0.675598246992095,0.2866124997129127,0.880626809660597,0,Z,B
0.30696583101945585,0,0.20880585982637556,0.39731260590904904,0.2423907372479348,0,X,D
0.1476119197060158,0,0.18021793079859383,0.45119997790158206,0.09871186623159511,0,Z,C
0.40686780377689247,0,0.2615922149086942,0.8941192832062038,0.06261079417873727,0,Z,C
0.13085164086708048,0,0.814718873409391,0.022803505385950884,0.6856173782838002,1,Z,C
0.37848942476748887,0,0.5814429160717416,0.5846547817566407,0.6912429525712418,0,X,A
0.35365996559055307,0,0.6694127751284765,0.41276363959569684,0.31644703543793695,0,Y,C
0.4244329931205,0,0.09516423475912272,0.5207563366081148,0.874724701910264,1,Y,B
0.3740488672496351,0,0.8633061073185002,0.559414035765692,0.24633569642639352,0,Y,A
0.40986593904604973,0,0.5009112700394763,0.4461223506939669,0.11436298689772717,1,Y,E
0.47249598139840326,0,0.3740567659963795,0.9635357173803363,0.8117770507776889,1,X,D
0.3556821238439901,0,0.585100694519522,0.5775170745193784,0.6415419542810229,0,X,B
0.031205435645507283,0,0.31813472672323595,0.615461388563608,0.008819947023125607,0,X,A
0.4793904310956633,0,0.17372902449875627,0.11857338207360035,0.7459252402461823,1,Z,E
0.14120854744656522,0,0.8353587101329276,0.10719225027158452,0.18231309505089632,0,X,B
0.4591156642108364,0,0.3243799344370042,0.3419884218403333,0.1535703026778118,1,X,C
0.05161515899839403,0,0.6365624228426713,0.2653488577821931,0.7586941822774342,0,Z,E
0.4156301188868142,0,0.2583511768317218,0.8696968278925984,0.12096830588490504,0,X,A
0.3995697902301534,0,0.422532777079213,0.23810888601162072,0.2630538894620683,0,Y,C
0.01245098593730442,0,0.11023762179626528,0.03500225424323011,0.1030716079945786,1,X,A
0.000796956464866344,0,0.17648071860641446,0.3927391257479035,0.4637790330274072,0,X,D
0.05977040476752851,0,0.7571526923877517,0.9505466202798256,0.17716720442282352,0,Y,B
0.2698272762303122,0,0.5344606142721158,0.23531521280293155,0.017730358949402114,1,X,B
0.16733227105238438,0,0.17712472743962826,0.6497409360019508,0.7178036040396935,0,Y,E
0.4304682080198756,0,0.12022411519967247,0.937144325310477,0.6263879058363669,1,X,B
0.08879209871365235,0,0.5282559707323801,0.0388122354414826,0.07830467796367968,1,X,D
0.004117278138348375,1,0.7843116768984247,0.8983873107283067,0.7358227457420159,1,Y,C
0.00015442021671458882,1,0.9928066351414886,0.8539116685305533,0.9147006573609708,0,Y,A
0.04035597410310138,1,0.9633269296592324,0.03991978733649415,0.8595418232723928,1,Y,C
0.03149669235629608,1,0.6557368651072849,0.9502313140680131,0.7558095843441218,0,Y,A
0.3303888397532839,1,0.5734517199991953,0.21608468394295266,0.4999861498884294,1,X,A
0.09519066574100697,1,0.5420687746241395,0.6509569326815328,0.5772348996229383,0,Y,E
0.017553117831653513,1,0.7991546932368073,0.1740044811049435,0.8781946614223008,1,Y,A
0.017482486608187114,1,0.18599282176825227,0.3385527669668873,0.838977461156841,0,Y,B
0.08125733394287672,1,0.7193624354548458,0.2519389027675254,0.7586930178680981,0,Z,E
0.05723178823684659,1,0.8742086447529058,0.9457992983432075,0.43656459098905387,0,Y,E
0.008119998793687307,1,0.9223454874889874,0.5842944208948984,0.28637683177989715,0,X,E
0.18308512576434433,1,0.12679460637003792,0.12476463149740691,0.4839026031809698,1,Y,A
0.04319977516939286,1,0.7492882282986064,0.3580906057096922,0.14091842799631782,1,X,C
0.2773025382244393,1,0.45650352167340436,0.1357561014721953,0.6219184062130817,0,Y,E
0.15205001705303006,1,0.85070425747797,0.05568416038613633,0.9498797166364685,1,Y,A
0.11010111718618208,1,0.037393991740811816,0.405058055236321,0.15393965065843063,1,Y,E
0.4317603751398382,1,0.6030310089494747,0.4581511294277244,0.6826217009474727,0,Z,A
0.3129178122725253,1,0.2107892796908637,0.725181416199569,0.5480415457737946,0,X,A
0.3022643157775615,1,0.21864997292338173,0.09083729553223074,0.7830896452196784,0,Y,D
0.15882959910847308,1,0.8897453097321529,0.8285864401356023,0.5847558660224169,1,Y,A
0.09968233917535542,0,0.4992985034792857,0.5862199128573063,0.7167366999799623,0,Z,B
0.09189349868293306,0,0.9419419122970193,0.4857503313028414,0.5390856234434084,1,Z,B
0.012248922018591445,0,0.4309517450231075,0.7471278856517966,0.18420952580966587,0,Z,D
0.2033904203953258,0,0.7935116381486901,0.1713367381929164,0.48412903684379116,0,Z,B
0.006386734542151196,0,0.11327342472445134,0.6328850742534594,0.23355426177709082,1,Z,E
0.42661373914740885,0,0.7341210166613222,0.10457157509800263,0.9079747902756279,1,Z,B
0.16514742857592798,0,0.4846163272247508,0.9922948190938969,0.5569597506880054,0,X,D
0.4188217607639001,0,0.4824520440734771,0.5140448451600786,0.027600907033492383,0,Z,D
0.46561508570780547,0,0.6035891521075949,0.7208535071181527,0.09532661283578037,1,Z,A
0.4034943849519351,0,0.7989704736964204,0.8884698646729006,0.6289775738264007,1,X,D
0.313032238385147,0,0.05882559580695934,0.9185260426144798,0.8529517439074936,1,X,D
0.4085354930129642,0,0.1600552620437612,0.39803958860538624,0.38623590592037893,1,Z,C
0.28086470310899014,0,0.7973909493613014,0.6081998565587716,0.7372256476356801,1,Y,A
0.47722653101898255,0,0.4191979344851201,0.18501173669376858,0.2923823697552126,0,X,E
0.05770953587822396,0,0.7956158152075131,0.13570407930030792,0.9922500572593151,1,X,B
0.026824669957012232,0,0.5298564730359127,0.4570948732442791,0.55195986844013,0,Y,C
0.026887814754914148,0,0.7089427083742835,0.6428654990545657,0.9553475398123376,1,X,B
0.45712313568196516,0,0.05038672960818602,0.7622666370486855,0.17759430598563597,1,X,E
0.14582758285724945,0,0.9306719647412246,0.3593272658422285,0.4313201530037427,0,Z,C
0.41341522420065957,0,0.9283550382709087,0.7560384076860707,0.7317680024112635,1,X,B
0.4737128956017207,0,0.5422854999271907,0.1915019118616731,0.46213492748048945,0,Z,D
0.09391841329882869,0,0.11331906919296131,0.12413869163901081,0.18942877196434615,1,Z,A
0.25296568692279264,0,0.44466056030264345,0.22063306220287315,0.3761035881347875,1,X,E
0.1541946257089022,0,0.5911733800764922,0.6063709170548001,0.6440003643003324,1,Z,E
0.4740319960065843,0,0.812776574441278,0.10864907183770911,0.7747354827910544,1,Z,A
0.40674421299161595,0,0.050443666375308394,0.5010758777901554,0.8578937202394502,1,Z,A
0.0010936832339695558,0,0.7626137742758778,0.44223557940498137,0.6893400119625176,1,X,A
0.4434508536559913,0,0.4800346583606486,0.006642149949437903,0.9273052458996983,0,Y,A
0.2597108919692571,0,0.10041267780848762,0.43257366625981586,0.922007635036717,1,Z,E
0.3351021631022803,0,0.018579956628626326,0.9029179192879079,0.07586500589926004,0,Y,C
0.15782115243720413,0,0.37177788196925343,0.24882556213325446,0.1612458900588929,1,X,B
0.05549668703836537,0,0.6763270694762628,0.5314763738256646,0.2619317022225848,1,Z,B
0.40731522486943306,0,0.19408169202481562,0.2742409707267581,0.2454097665699978,0,X,E
0.4744004647996601,0,0.6831095111192763,0.4365405747105652,0.6049686245197827,0,X,D
0.423975056249572,0,0.07215575511862149,0.4447075208068051,0.7865100201018536,1,Y,D
0.34930080618075116,0,0.24435747738179558,0.9225332131456795,0.005671948897120749,0,Y,E
0.46529656970516314,0,0.044181120940504415,0.4931837063177209,0.29512059673785196,1,X,C
0.33090345343024336,0,0.4291474393279199,0.8356060681129152,0.8155084847246217,0,Z,A
0.10178905630795838,0,0.5145369456688751,0.22912004725607715,0.08368627714009425,1,Y,A
0.1667687286752084,0,0.26384946693164846,0.5059976883793018,0.9572471188333737,0,Y,C
0.24689243492143165,0,0.5616458603066333,0.8532370482454901,0.9400524965413675,0,Y,E
0.44372481015637777,0,0.7630359051474473,0.11932913857300542,0.6298293174865912,0,Z,B
0.19126367540659897,0,0.06822098303047963,0.1619905525833385,0.6894258982505945,0,Z,B
0.3733561683125358,0,0.20582445360436974,0.7449541100001216,0.6214391522952267,1,Y,E
0.4652416027674113,0,0.3295775461340863,0.6707102386238978,0.05845496313153831,1,Y,C
0.39987602409042106,0,0.7437000332357507,0.5570483146074786,0.6110879788385885,1,Z,C
0.44499124524425593,0,0.22199490942010514,0.8808751243840752,0.1274681225787655,1,Y,D
0.4789140431590745,0,0.17625357029637334,0.5426156206543699,0.14215194178394208,1,X,D
0.3384544018946889,0,0.6661641409445166,0.0823495493811206,0.6225542389722625,0,X,C
0.28101339433827516,0,0.5381588165827473,0.015104594506695879,0.010000164702691272,0,X,E
0.017170239854115185,0,0.35395456056235175,0.2707876420528371,0.44494530721934744,0,Z,B
0.2600000812298044,0,0.16219235371636764,0.692071656569862,0.2942345261709842,0,Z,D
0.40645025492572434,0,0.14417394351827395,0.7402759159757459,0.7328782780846602,1,Y,A
0.4446061925464331,0,0.17169669574527635,0.017486832243736705,0.1273678347331555,0,Y,A
0.14974585792372724,0,0.8910480104570091,0.23858849257516812,0.04882787787850962,0,Y,B
0.25765173071891395,0,0.6393165801001942,0.8743438121969249,0.27599188544194697,0,Y,B
0.30769975349133444,0,0.2524189233355094,0.525714419615654,0.7046436193734884,0,Z,C
0.4212309677644166,0,0.26424474820104427,0.0823592796678666,0.9097421274774101,0,Y,C
0.39616851942918,0,0.0672103497142651,0.9546629008833716,0.9856610445343783,1,Y,C
0.42273362587034213,0,0.4145611970532943,0.686749894231145,0.5426363831705159,0,Z,B
0.47822624806180164,0,0.3002007568612798,0.607670801350631,0.33135477172468675,0,X,D
0.45900353899336177,0,0.8722627433388224,0.42783970209972955,0.3285245587736134,0,Z,E
0.12415022647685499,0,0.29633236711906563,0.0030272428617339475,0.12198289336227452,1,Y,C
0.05575289532164289,0,0.36874045369855113,0.9769106932553052,0.7202675701236906,1,Z,E
0.44456397044392304,0,0.6124123875150841,0.17311521462505342,0.0775645955005867,1,Z,C
0.10901297864906236,0,0.22324355290443332,0.18559409844793073,0.009169354681045627,1,X,E
0.19733681021552674,0,0.5462030367039005,0.43925991249817553,0.989187245930388,1,X,D
0.09193969331379338,0,0.6648278902253243,0.48984578301298476,0.9895055851872298,0,X,A
0.40586894312905136,0,0.12386697505640742,0.3391457962976261,0.3134739158530736,1,Y,A
0.019814883902710467,0,0.8258721117305718,0.7607171842202067,0.305457407648685,0,Z,A
0.4019438038374348,0,0.5298229110424836,0.9708647393274661,0.5012248793586281,1,Y,C
0.4607440078992427,0,0.3000369291391404,0.5923645673983887,0.6552659328239895,0,Y,E
0.47262985647362443,0,0.4490763913232756,0.9933899423662357,0.0956288633230511,0,Z,D
0.33776384574263557,0,0.506890949791197,0.8122673261292497,0.6109136858092227,0,X,D
0.01209225104223211,0,0.6606682020565902,0.5576054396920505,0.4938325610087796,1,Z,B
0.2723169581851207,0,0.8103704009991028,0.6181681519616657,0.3794022791582995,1,X,E
0.30810574771866145,0,0.5813124703886924,0.23670131770993286,0.12219811435541994,0,Y,E
0.3341675197034058,0,0.6196194639738378,0.3878678784644203,0.07877194066691262,1,Z,A
0.35481321648745984,0,0.9773506735090142,0.89655243203668,0.7517932882551714,1,Y,B
0.4548420629169853,0,0.6400846702374878,0.03251958705717717,0.7156505775908226,1,Z,B
0.0152159336057129,1,0.843073991603698,0.7876279002450473,0.13100373617442795,1,X,E
0.19170099804109966,1,0.9653277674599474,0.14574845386783963,0.24232575336052342,0,Y,D
0.0010227074747291272,1,0.9750043127408701,0.5488520328685035,0.04906553226946042,0,Z,B
0.06678773016790682,1,0.9865846494337949,0.8616621534500146,0.946362396429785,1,Y,A
0.3160579803888741,1,0.6321294155674742,0.46224147979372776,0.895071484179664,1,Y,C
0.07898578192555734,1,0.7900251741585566,0.7386833762363125,0.1745703007078503,0,X,D
0.3392641363557199,1,0.656479584601026,0.9547127548986756,0.6142712753945928,1,X,C
0.0148081616586367,1,0.9382500857766563,0.8548021628432374,0.17312715839067305,1,X,D
0.3924854285212501,1,0.8019606428621433,0.773173388393385,0.8694012986524764,1,Y,A
0.02306917824447959,1,0.4814775529409755,0.1713895791844734,0.8741898982097348,1,Y,B
0.003855089668216574,1,0.2293736165539877,0.8774835261000767,0.9458383187471039,1,Y,D
0.14369448799689832,1,0.15820542024068307,0.016543177358211203,0.7151106018744156,0,Z,E
0.06230932282000229,1,0.37864272941645294,0.4890535487428933,0.9377304514192378,0,Z,E
0.1674171925845025,1,0.7934356493729899,0.11696327310903698,0.6830437739985908,1,Y,A
0.008366935711537586,1,0.8602563975033108,0.40918786700479437,0.26959498548989347,1,X,B
0.17349600833096943,1,0.9078950472780816,0.6161263839330099,0.7313623920273319,1,X,D
0.23433136355576809,1,0.42601721519298663,0.24048147487672833,0.5438896717355322,1,Z,B
0.15068660685939533,1,0.5017176709489654,0.9484170269930235,0.548682657326376,1,Y,C
0.045168576593523496,1,0.7464381916070504,0.7488952827258325,0.26188892796590457,0,Y,E
0.3097037089837184,1,0.8225247014430963,0.97620521781043,0.3611974211226755,0,X,B
0.3840878967293752,0,0.026774314532495125,0.6146585656526637,0.3277831729774653,0,Y,A
0.4151345312114555,0,0.5143722213069718,0.6728713416771074,0.9938434818782864,1,Y,D
0.4800648313312362,0,0.5923363641848436,0.10308057340127974,0.098103909905499,0,Y,B
0.23001789080539672,0,0.705853491361958,0.21905609757520483,0.5994342846906752,1,X,E
0.1426829725522408,0,0.16246046074691411,0.5557448959716996,0.7540599987437261,1,Z,D
0.4584705227516895,0,0.9080270923650091,0.1263926990891343,0.6965924471818647,0,X,E
0.46935310326533053,0,0.06578630712816202,0.7233787179715596,0.7076606357628978,1,Z,A
0.4246535103992639,0,0.28569029352475594,0.2845761205760716,0.09868797520687567,1,Z,C
0.4799719168908133,0,0.04255121814055973,0.8061494503614904,0.9519548412766278,0,X,B
0.007691577805695266,0,0.11567171246202246,0.31564176930853016,0.36394340661515734,0,Y,A
0.35332666332474966,0,0.773437098559093,0.06939328418056612,0.9328942746954189,1,Z,D
0.3566003167104444,0,0.9343550692357159,0.3946549799530781,0.9067561303000731,0,Z,A
0.4521140165656336,0,0.962763494727693,0.16720852369345718,0.5765898017120045,0,X,C
0.025058176666690628,0,0.9829049231841549,0.32417278094728397,0.48592215915320525,0,Z,D
0.4778616324655514,0,0.25856140502160563,0.326052964789907,0.41597243555383445,1,Y,A
0.11769818703075732,0,0.9707193020750292,0.24213018426059996,0.8908055841195814,0,Z,C
0.4800577311809227,0,0.35678291416991414,0.6379418856268072,0.9766865418794526,1,X,E
0.08304895302551828,0,0.5388369982481196,0.28617633184652846,0.9022787818756544,0,Y,D
0.027959623894507873,0,0.7616093096194135,0.8237959857397241,0.5576539241425471,0,Z,D
0.4405707035484048,0,0.011380445899804137,0.751459086171878,0.644899024862192,0,X,E
0.15243284439346233,0,0.592690101955677,0.9178856342788164,0.35695539601090187,0,Z,C
0.4522974556695543,0,0.035099830188412784,0.8405100939809186,0.2733123514647018,1,X,C
0.3774124768066074,0,0.020619590122049836,0.5114904563107955,0.16790529504143137,0,X,E
0.12562450371535905,0,0.46976496287887215,0.7414885207829011,0.08936841301066312,1,Y,C
0.17636882390985173,0,0.6921134785786637,0.030351953780241026,0.7117942361247165,0,Y,E
0.38742364810108676,0,0.2900234386777423,0.09828179314001573,0.08889898398513307,1,X,A
0.19323737416880415,0,0.13851372366609926,0.8284639923234819,0.48545549238358165,1,X,A
0.2763350985013426,0,0.9897644889508874,0.49670218479172157,0.9880034068266201,0,X,D
0.45152745238436404,0,0.508634104821307,0.41663698320880027,0.6048549496696406,0,Y,C
0.20929926119844694,0,0.4425221993331875,0.5389672404624554,0.13738705239822135,1,X,C
0.47368904163118103,0,0.16192697081373741,0.33207204797038736,0.6888733802921948,0,X,D
0.48004995728722394,0,0.7678408044853998,0.3638989826103285,0.5434581433098177,1,X,E
0.4668889001588555,0,0.8037064427221695,0.5775038888401264,0.652568065310291,1,Z,B
0.4208952730080939,0,0.01890970500270528,0.39084757738912645,0.8530784266367767,1,Z,D
0.3276166757669898,0,0.18182020410665145,0.5392862170002646,0.928946806668269,0,X,C
0.2871060005408078,0,0.4767902692699265,0.002226398656256179,0.3624415069341672,1,X,D
0.3565613524891058,0,0.7154679125699539,0.41363334866473156,0.9818959573691783,0,Y,E
0.3042583937227643,0,0.8227238264116523,0.7578159209694854,0.5635691924323053,0,X,B
0.47532644525314677,0,0.3209421776559105,0.11444604966881411,0.5503270069602922,1,X,C
0.3342311435625995,0,0.506643447057067,0.602866515217061,0.9678244098170744,1,X,B
0.4796995224098672,0,0.3997919380767162,0.6147897790741849,0.06954298763054245,0,Z,A
0.4352273325959758,0,0.3754748137206807,0.8858619403306749,0.8319511044996657,1,Y,C
0.230776188770533,0,0.19046648631943364,0.7415429014593146,0.4451761542061714,1,Y,A
0.46396565684084085,0,0.9880199337433724,0.3988201388256569,0.4466630224030107,1,Y,D
0.4766121542777458,0,0.09988257436963321,0.6072123809926613,0.9776962157501041,1,Z,B
0.45054690312011186,0,0.3765942264226477,0.6739734496182217,0.9100351524896808,0,X,C
0.03151098734476116,0,0.8206592328059982,0.7517371304501064,0.4166207278949112,1,Y,C
0.45304752055897285,0,0.7195327327049704,0.6416806663912643,0.969811521868536,1,X,B
0.3457998329406356,0,0.9761242868824717,0.13749674038611637,0.29095537208225397,0,Y,A
0.3500996069387255,0,0.14517041088486493,0.6970429588963956,0.0652312884881816,0,Z,A
0.19583003194903026,0,0.27766028732890313,0.4719395862012834,0.6808559067797975,1,Y,B
0.42472684598833127,0,0.4740824403472391,0.08611401119731554,0.6801547286489789,0,X,D
0.1509876710447835,0,0.4469553376812633,0.6864854895157323,0.7963793121589268,1,X,A
0.08575116950984371,0,0.4795994983416425,0.5589693442877329,0.6057120308720081,1,X,E
0.40839530673548297,0,0.12109976935910483,0.9527884778642991,0.8742211867925495,0,Y,B
0.33648262265998996,0,0.07268651046277008,0.026423392756101616,0.02050065884100105,1,Y,C
0.3160790293146109,0,0.4197973568305291,0.9680032599864802,0.5166381580542515,1,X,A
0.017994371045466074,0,0.8113769974958762,0.3303587220238171,0.9617500497801023,0,Z,E
0.1936211209725358,0,0.28651850694094294,0.41501770060077225,0.7465672989083262,0,X,A
0.20991324853708876,0,0.5196054824154285,0.6570537509258759,0.11487197459927356,1,Y,A
0.45390336408207055,0,0.614581136390948,0.8062502822860881,0.8612301869681201,0,Y,E
0.35045792492478767,0,0.2857393909162175,0.012293732358390375,0.312666155215635,1,X,C
0.014439575300655245,0,0.5169479021041281,0.6964451876389712,0.9631313739670746,0,Z,B
0.46196702694703745,0,0.4246751449314572,0.04759000509898326,0.7290102053334698,1,Z,C
0.454275414931224,0,0.8208026898967241,0.28734386262063105,0.792119099065884,0,Y,A
0.47515849050904146,0,0.5401851362254498,0.4188991717815813,0.33651048872553857,0,Y,E
0.4799141281125381,0,0.4727331158168111,0.2897160665207974,0.7905380677588457,1,X,D
0.1701522943632215,0,0.02325010508162839,0.0793820281605302,0.6389134762618989,1,Z,C
0.141989585239238,0,0.2519959845749866,0.07296597715063635,0.15633779520449054,0,Z,C
0.47714508729857874,0,0.12477356474248624,0.004836203112420945,0.4993187094070488,1,Z,E
0.18538732408489575,0,0.28282550570989895,0.014369929528607273,0.02994585104096359,0,X,A
0.4573692255541847,0,0.4053913060663563,0.7402747506327778,0.984238575288511,1,X,C
0.0012125381367600985,0,0.029101562449144525,0.887667939262834,0.7034962629582722,1,Z,E
0.45227827508584656,0,0.4669081301351662,0.6805328467568549,0.7699962813157817,0,Y,E
0.3346143684924352,0,0.32118425304531373,0.7339978609929849,0.813227421045421,1,Z,D
0.3145584410858788,0,0.9668769979950366,0.0385002823305608,0.151754867036191,0,Z,D
0.4139072147030105,0,0.5389151447663941,0.5970554285089481,0.7129724206348319,0,X,A
0.47507738265691574,0,0.026558663015080808,0.042371878605983126,0.3021105064680406,0,Z,C
0.31566270456649587,0,0.5776212169150193,0.6608204900811581,0.38722728581059807,0,Y,E
0.3251079575326876,0,0.8652602617718187,0.15354251737875535,0.7440320322455287,1,X,E
0.05887614839549246,1,0.7397093613913858,0.13744115287528091,0.7173976407339188,1,Y,D
0.03068640091046234,1,0.7440994901285451,0.7688671372445532,0.13195019651175321,1,Y,E
0.11446564802727395,1,0.9022328061055748,0.7200386578841491,0.939919557603463,1,Y,A
0.2602225941610844,1,0.09542000621030722,0.5429512523946844,0.4680817693228523,1,Y,B
0.0033202020152086646,1,0.9082121294388029,0.9738698918957791,0.13932212624435758,0,X,D
0.2131834984915384,1,0.8154397007400995,0.7772346589526501,0.3284895081232567,0,Y,A
0.03661539523801637,1,0.5859287832689728,0.6827271171700937,0.8536374934328983,0,Y,D
0.0697793802644133,1,0.6488426210804634,0.6359315724126321,0.15220392005544492,1,Y,C
0.09537924434768055,1,0.09089959858563912,0.19459383062803925,0.4182202266604882,0,X,D
0.3939497844814085,1,0.8684100100309163,0.6605885143694618,0.539089545729222,1,Y,D
0.25448668701165783,1,0.029423389031494884,0.9806683499886883,0.5855446259140507,0,Z,B
0.0006055259267933781,1,0.9847403438659531,0.473554598312141,0.22172187194517434,1,X,A
0.4664894017072402,1,0.274975643139182,0.13167017404907677,0.6041185086104836,0,Z,E
0.20006334418754013,1,0.2544994160504488,0.26802227663309,0.5694204207041802,1,Z,A
0.001414169964622626,1,0.967706187230207,0.5358756469336997,0.20498485423635637,1,Y,E
0.3747444799334385,1,0.9638437118395637,0.014900450313030777,0.04255986396387201,1,X,A
0.06245898645660092,1,0.034460218418520094,0.4299063513621777,0.9302382759613557,0,Y,A
0.439984356133854,1,0.10988734033815784,0.832746318757548,0.9612543557399547,1,Z,C
0.08626743503221654,1,0.8894429687147849,0.9613417798914459,0.9867512955558697,0,X,B
0.10674328091578014,1,0.8505844465495459,0.40123064374058803,0.4585896961843692,0,Y,A
0.15730735432050727,0,0.3852372942413903,0.4553590480386649,0.8916079500509597,1,Z,D
0.4743963239411174,0,0.019700037153900674,0.40507108440149064,0.42731490254093063,1,X,E
0.34899812683807785,0,0.9708411168444733,0.3109816791615412,0.9548761129613322,1,Y,C
0.26102343422427216,0,0.5971984256984485,0.18568235638017672,0.9616974704571393,0,X,B
0.4587898998113102,0,0.5800032142277596,0.9063424370194789,0.0526253807111845,0,Y,A
0.33285896917533864,0,0.3808912673341417,0.553657811114167,0.39420190682280964,1,Z,E
0.2398232958951682,0,0.8476487722540795,0.7131971914497207,0.19665124671132317,1,Y,B
0.06815692948000254,0,0.8195476205430803,0.23929448940699205,0.39996061965170515,0,Y,D
0.20092278019050971,0,0.5870568221585603,0.06266760867142473,0.5028003889859831,1,Y,A
0.004519281852687302,0,0.02590484371358681,0.7838002724032063,0.23116804644545041,1,Z,D
0.14505755127227812,0,0.7252630567188387,0.22046015336738334,0.9295813175780732,0,X,C
0.478524159902266,0,0.9470346595116532,0.38200508678145184,0.06841144116406417,1,Z,A
0.10591935366370571,0,0.5440216677089236,0.19817767426903565,0.9103304672683983,0,Y,A
0.18036177951672988,0,0.15644595256498528,0.23319076967841745,0.9431226578155105,0,Y,A
0.4702348630768207,0,0.9380262545353831,0.1580641219243336,0.328041130936502,1,Y,E
0.16683407251927068,0,0.037731029893759316,0.4704756954069259,0.7671908415400148,1,X,C
0.2734346420475172,0,0.8175587853318773,0.3032330788268991,0.8847092339875011,0,Y,E
0.03608311559922679,0,0.32809351012376853,0.3792194432910001,0.5488065797364582,1,Z,E
0.4481718422925795,0,0.035436588407244396,0.7256498005179436,0.9253435538929768,0,Y,C
0.13913415758450848,0,0.4891315638418696,0.016234890158693283,0.14634817635237907,1,Y,A
0.4088229276343202,0,0.21412547531843995,0.9924328839970574,0.25426912104641575,1,Z,B
0.2886408790343689,0,0.5010589044018324,0.21551203961908894,0.017045773287773125,1,Z,C
0.10153859341677933,0,0.21593737751098463,0.6466853010488729,0.7261554037397147,0,Y,E
0.2850349167521434,0,0.5578368244714861,0.2752665184750125,0.999131714213445,0,Y,B
0.42910340701188227,0,0.0730726918199105,0.927566155373777,0.7047284323192848,1,X,A
0.21297832050807536,0,0.14547156405296124,0.9571248344863797,0.3133014509109745,0,X,D
0.3505958279467965,0,0.03636923094819411,0.44050945593651325,0.7346407792981104,0,Y,A
0.21474680459448475,0,0.15851189107086128,0.23828402197803433,0.8755236332086889,0,Y,B
0.4302064910594084,0,0.4436727159680457,0.2568561818196323,0.4159343692266888,0,Y,C
0.14156253638480354,0,0.49116425141833164,0.921015678986967,0.4824096179369243,0,Y,C
0.007206209522048567,0,0.00810691957984655,0.9152542571619009,0.3927287768860396,1,Y,A
0.44846765615428236,0,0.4243061821342142,0.8748951942031585,0.5679463710273622,1,X,E
0.2775138293755381,0,0.02086442557712387,0.30171438532054484,0.8453350613554587,0,Z,A
0.2758578047114485,0,0.02171302460770308,0.6491964834025578,0.8269448298592104,1,Z,E
0.20681059845156477,0,0.35251774919018874,0.9816122116117999,0.11809133006699457,0,X,B
0.47284105865035664,0,0.8480947505715246,0.2006056803440348,0.20842745125992423,1,Z,E
0.32991540834153976,0,0.5672647595413814,0.32809118357021283,0.385016715549073,1,Z,C
0.16653970104272164,0,0.23798990333269898,0.8729391229450251,0.10215054872843166,1,Y,D
0.1588584995310605,0,0.6024487504159513,0.7002619982749948,0.4987799466387859,1,Z,C
0.14627239755846463,0,0.24999627386627488,0.4330166308078194,0.8716441156685453,1,X,D
0.21689486989766305,0,0.6235504602342651,0.015046397779198473,0.1648093861153398,1,Z,C
0.4709744897057107,0,0.4059622153952326,0.5643233365178527,0.6906313109046625,1,X,B
0.16865283475085388,0,0.8082524200044161,5.804822191224357e-05,0.9948027804032112,1,X,E
0.3233973596377224,0,0.014183868660531784,0.017422527748840455,0.15988110741570383,1,Z,E
0.46813876209127675,0,0.7788318485804934,0.6737811536383076,0.6202563936978561,0,Z,A
0.23315189259361557,0,0.46034802838514166,0.010447405128526044,0.9757423428508277,1,X,B
0.3414789643844923,0,0.04038062702361067,0.9129647903965941,0.6819748810141354,1,X,B
0.38249499723225877,0,0.5976942908696152,0.6626459820640102,0.7381565686283595,0,Y,E
0.46107192833136046,0,0.2986605287897277,0.41366369803767833,0.08686416354940218,0,X,E
0.48003628236936724,0,0.4982809781360592,0.72638379103392,0.9710649901438263,1,Z,B
0.2235467758219839,0,0.03409824940440742,0.6351672622114287,0.38872463067851915,0,X,A
0.28027150534189965,0,0.7114863736664546,0.6738710964632069,0.2950489487504889,1,X,C
0.03598568017831907,0,0.9775528736364397,0.8947232918291697,0.5256629411131167,1,X,A
0.29093793827339126,0,0.9462575144044982,0.9475599107241228,0.5829879348726754,0,Z,E
0.3849338634243351,0,0.3082029174789599,0.6563278432519012,0.4996027500968606,0,X,B
0.3585639817186242,0,0.03387106343981794,0.967393275187838,0.8696121360468752,0,X,D
0.36261068109549993,0,0.5346835562779346,0.005092504686949995,0.3089066900652693,0,X,C
0.29497598998540603,0,0.19225896316825508,0.5387279537808186,0.3808537480697608,1,X,E
0.39185149212123105,0,0.5295627274079989,0.9106540311562664,0.58408908013695,1,Z,C
0.09052140195500552,0,0.8511514156266353,0.7521228735972153,0.9204228568079988,0,Z,D
0.20775109410952441,0,0.34318451531764715,0.17237806706430514,0.8933425775145992,0,X,B
0.4165595193923284,0,0.2605900582040803,0.2366748065402312,0.836539373749108,1,Z,E
0.4324348840444945,0,0.8189221096569725,0.09727623194305779,0.3167018829038658,0,Y,E
0.08685254841638818,0,0.3548518866051966,0.2869882661513189,0.6493661164108662,0,Y,A
0.43910845126580356,0,0.4211105670669414,0.3124924747174087,0.008297228067330575,1,Y,B
0.4800687228562216,0,0.1416288235100237,0.5957850457670283,0.9939701291770503,1,Y,C
0.43438173642700817,0,0.14434919339484464,0.8911426989257263,0.7835311429601578,1,X,D
0.4203417911257609,0,0.06381011456350727,0.2584141458272836,0.1569806907002489,1,X,D
0.0024725470341224205,0,0.9141866566222216,0.11723960881005813,0.07104893405854484,0,Z,D
0.2347899932221448,0,0.680985984266675,0.20796154856881632,0.8611276186255236,1,Z,B
0.1592201009274843,0,0.932638338638889,0.48099407307912034,0.5265985483874321,0,Y,E
0.43226712645424875,0,0.019668259905148533,0.061702570892230524,0.10815961642966687,1,X,E
0.4800821002362442,0,0.20051406234082703,0.5334636892587142,0.8297557608567296,1,Z,D
0.307218831625916,0,0.1607025568601339,0.36117131680515113,0.4433110375664122,0,Y,C
0.47825149713808734,0,0.3718260700199705,0.642510901242765,0.17199046331548473,1,X,C
0.35820522552848716,0,0.6933441897906878,0.47747009431613063,0.6266264143369996,1,Z,D
0.4778358175444034,0,0.9311662703284908,0.5133144602914099,0.4042168944898845,1,Z,D
0.10977391189477978,0,0.5456796312527937,0.29633626863492235,0.08365565408399045,1,Y,A
0.4753592899358971,0,0.014261242860788892,0.9915313456730489,0.7314512919319412,0,Z,B
0.25337784796909,0,0.062451040120640955,0.8096477082927152,0.34214959885635254,0,Z,E
0.019985905944571756,1,0.814624038215534,0.6477507750666174,0.06818081540669851,1,X,E
0.06294474551516602,1,0.05418173971313711,0.1826185259091243,0.7223394983865087,1,Y,E
0.11375751066195516,1,0.46084165685926326,0.9741174795446437,0.4510197486443104,0,X,E
0.011002709487157198,1,0.65016856916835,0.6650249154504628,0.6734357278069659,0,Z,E
0.22443742624049662,1,0.8831730166289172,0.9544062439703551,0.24128441807905987,0,Z,D
0.05789465439652251,1,0.9405266950550282,0.6404046003056418,0.16715158125600327,0,X,D
0.2358470648901554,1,0.6808500111470367,0.503283294849542,0.9172759092115566,0,Y,D
0.0524788518620264,1,0.8808052757796596,0.9857516450282937,0.09879421709651592,0,Y,A
0.21949213725525327,1,0.9738322657562929,0.0384241239447799,0.0321228289830886,0,X,D
0.024218183835631815,1,0.11764596120582704,0.10859679719931381,0.9469714988813729,1,Y,D
0.07361076162232473,1,0.2858258607294172,0.5578520939869255,0.7982385677218311,0,Y,C
0.08115662186940428,1,0.828567139600659,0.7583586083517657,0.7191366442740827,1,Y,D
0.16242926604827504,1,0.9856260041968516,0.5385196616139261,0.29305772339807834,1,Z,B
0.3884421353913586,1,0.006297592007127761,0.9945780039074106,0.27841683865426636,0,Y,D
0.06085153803364245,1,0.5574922433019893,0.470635334079724,0.49801631678174707,1,Y,B
0.14248355694127063,1,0.02675246213102378,0.9757921047265977,0.8215825769420904,0,Y,A
0.0006291646624671797,1,0.9036893394840751,0.6698018856703238,0.1113026645889309,1,Z,B
0.06164969895016739,1,0.6282785229034005,0.4953230506607924,0.2815525159988107,1,X,E
0.03153643783254686,1,0.49276761137184366,0.7206405004179728,0.517018830185427,0,Z,E
0.28926153965570983,1,0.8372818945172197,0.5278100903947931,0.5035943516645567,1,Z,B
0.4563183915474971,0,0.3801499168358361,0.1318230242614432,0.21138563643873642,0,Y,B
0.22566116218086227,0,0.36862907397834144,0.6568370470276257,0.635787554227436,1,Z,E
0.47938533073925166,0,0.2719276847288107,0.7416126900122447,0.8104214196832934,0,X,A
0.029910251406375973,0,0.1555304978590818,0.5769743168152167,0.6852754230299029,1,Y,E
0.4627591799877992,0,0.1853125560100053,0.8925168412985122,0.18344226335452096,1,Z,A
0.3556281231015692,0,0.9990215253102231,0.05128628831267912,0.38840684757326716,1,X,B
0.4621557915824295,0,0.20389274234237298,0.9687960393706181,0.4306392831436977,0,Y,A
0.19885333946139314,0,0.44507435238837556,0.40143824215302293,0.9542107061568271,0,Z,A
0.47931089189878406,0,0.7986181356323728,0.3599609310544153,0.9505014100178603,1,Z,C
0.4627829965092532,0,0.4472048817787554,0.7599798138961011,0.37743944967734466,0,X,E
0.22371472974253373,0,0.3394796421156723,0.7766335747803429,0.27993957999547125,1,Y,A
0.013991383930458078,0,0.9446361308102883,0.6156238200082167,0.929996566550466,1,Z,D
0.3992200689419264,0,0.1519356734909405,0.9983268562127039,0.2156837841070668,0,X,A
0.0021877772875985545,0,0.2827902837130277,0.8194202068113862,0.13343695233481756,0,Y,D
0.2908635479340968,0,0.770669462385793,0.7994856216675621,0.6198572486378792,1,Y,E
0.3543600984153274,0,0.11756842883656848,0.2207172513416389,0.7261361493565095,0,Z,D
0.3721587735527187,0,0.9595331622855536,0.07326288187205554,0.6506081855132166,0,X,C
0.2592545236924059,0,0.7425249658819147,0.3534159053938404,0.17273695999311778,1,X,A
0.4764197046840992,0,0.6716340846192393,0.5777444802286045,0.10158476917493686,0,Z,D
0.25424393489320896,0,0.501666539757578,0.2748956819668098,0.4491936266949855,1,Z,C
0.31876001135614085,0,0.3402518016270969,0.33028494378307804,0.7195927560684038,1,X,B
0.3787949198911844,0,0.3015939392163287,0.9891642283204927,0.5962203179862685,1,Y,D
0.0939688631264047,0,0.017628946579582805,0.6967758509834924,0.258700509038467,0,X,D
0.2529605949945268,0,0.4095358315061004,0.1070910807925275,0.39546114230909934,1,Y,B
0.012281519698125529,0,0.7717954856193335,0.851631504413357,0.9666354361221825,0,X,D
0.3304154475275356,0,0.5347247096057083,0.45283487838577763,0.8014217428916192,0,Z,B
0.11973128153738408,0,0.6769893821860514,0.5656493978341767,0.960177729861612,0,X,D
0.4530952599001936,0,0.7068515804111668,0.8596076352250277,0.9122431156712478,1,Z,E
0.4702130298447639,0,0.2120584193211269,0.2866367447404009,0.3361015650556477,0,Y,E
0.12117049125972375,0,0.7178622523306516,0.17640905849538435,0.09529700322361978,0,X,C
0.2853931657813752,0,0.5587671066870833,0.45652166023443574,0.7492086805219201,0,Y,E
0.21621837603790847,0,0.8795758981254796,0.7384990413488082,0.9752304034359272,0,X,C
0.28051139574539663,0,0.41130142639684864,0.9757897954719327,0.8679624928317904,0,X,D
0.477400027921373,0,0.03849634441140248,0.7801205553420526,0.959569632651516,0,Y,A
0.4394044879957916,0,0.0871934207249474,0.8563633373117656,0.7342002515237626,1,X,B
0.32394726007095775,0,0.7614174636003114,0.3469941048512126,0.4988194804252555,0,Y,C
0.46727005922782994,0,0.6449476197959032,0.5814985090096132,0.78340581689838,1,Z,D
0.22109302884695997,0,0.5150778235544272,0.3899692782106188,0.35719012481270185,1,Y,B
0.04467761744865311,0,0.8822435888536782,0.7723602009950395,0.9539897934294819,0,X,E
0.4113232913271258,0,0.35419017330950386,0.8499097036859821,0.659761356115134,0,Y,C
0.4800777100927122,0,0.2586635625540974,0.4454677164955897,0.9117158864191911,0,X,D
0.4792750784507627,0,0.5209485741990936,0.022653821204260405,0.32378734121901487,0,X,B
0.06547319049149991,0,0.9573855728465466,0.05292863860918584,0.721760065719731,1,X,E
0.44959740187315134,0,0.5145785295257252,0.4192329359399084,0.00067890690617467,0,X,B
0.39316872030509,0,0.3559947364455285,0.6549549531620102,0.9793679698942075,1,Z,B
0.48007978009784863,0,0.22452352895245875,0.13208949153310212,0.18137004194269535,0,Z,B
0.27994862910997065,0,0.6280245615250047,0.541231901063068,0.677200541169345,0,X,A
0.3891458934739097,0,0.32264050980994974,0.420297687895542,0.9444832928202835,1,Y,D
0.44761963087295153,0,0.07460030740717649,0.538375522373529,0.39530365770717213,0,Y,E
0.3088331695894308,0,0.7231564757065173,0.44312571326756256,0.9556152075164319,0,Z,D
0.30525805872722006,0,0.1136225258465775,0.026384656842712517,0.8079621612766835,0,Y,A
0.41123645663436376,0,0.14699856442921044,0.5375813591462757,0.5486460975618094,0,Z,D
0.20880537825973378,0,0.2383845571817721,0.6729955187195822,0.6302957741622652,0,Y,D
0.4800188733674418,0,0.5710118392087697,0.11933655832440904,0.24865545201546824,0,Z,D
0.010271549158745936,0,0.9490673302779509,0.3886681516219672,0.7527793500949929,1,Z,A
0.19297080596030125,0,0.28943491932830645,0.6002310592478669,0.8972138619799127,1,X,A
0.236152673367985,0,0.6777240302652167,0.11163420028286686,0.2682954284549809,0,Y,C
0.268725412525908,0,0.689919555582044,0.23987768926682174,0.1115796641423491,0,Z,D
0.47496571899025264,0,0.22686987896910205,0.9513447387156443,0.27082342458414843,0,X,C
0.4679646080473736,0,0.7518733999434423,0.07994120610230893,0.3722591928887229,0,Z,D
0.0577978400235121,0,0.4600487733117957,0.5965590734073714,0.4703574755811396,0,Y,E
0.45476565801292895,0,0.13261544426867922,0.03694908543703379,0.39397505203347194,0,Z,D
0.027731952640802342,0,0.3184108996058592,0.7887900218851398,0.04259072032772482,0,X,B
0.2459935659907811,0,0.6953149705971601,0.32876865064471894,0.5363088499097963,0,Z,E
0.4524890861322526,0,0.09213329628440792,0.370260412833884,0.09669966489303072,0,X,B
0.3937490139873125,0,0.896411887168163,0.15448696585182664,0.5466093479414186,0,Z,C
0.47898930849568483,0,0.38448893496647796,0.19302487450393313,0.2618348244713784,1,Z,B
0.34422975927185223,0,0.647861735939488,0.0006578861805520697,0.4230691778269454,0,Z,D
0.34024461755913077,0,0.02576290556498184,0.845202862589268,0.45366092379091105,0,X,C
0.10017593571210438,0,0.7250357595108212,0.11913026704471219,0.9014123519722144,0,Y,E
0.1525324120005077,0,0.18881833753324473,0.33134787225905304,0.43817309201369803,1,X,B
0.19619449659693902,0,0.7210795707695848,0.2857409515696473,0.8498833356129739,1,Y,B
0.47965799689350885,0,0.5841969681214297,0.5967130758926498,0.2720804195637031,1,Z,E
0.3800574806546753,0,0.5330784152223503,0.8015849292713815,0.7132293212076394,0,Z,C
0.3972481590394814,0,0.16750189577293184,0.3224164750245506,0.040276703748768905,1,X,D
0.4239067690683628,0,0.11842539855432499,0.8765578812475076,0.688341821400134,0,Y,B
0.09259607077307705,0,0.433738738693734,0.7452836364005484,0.05141432447796668,1,X,C
0.2917364476791558,0,0.8331434313299527,0.38035836902006037,0.4546937525833692,1,Z,A
0.06040236227079022,0,0.5450424364051147,0.4681202971933194,0.41672569175217666,0,X,C
0.4731508029426742,0,0.5743122686316916,0.2521287500546685,0.9921403527057653,1,Z,A
0.007352304411858928,1,0.7603317873049602,0.11534122550569792,0.6850056999741422,0,Y,B
0.15328637419133986,1,0.17884597410185465,0.5937894786902929,0.793793795184985,1,Y,B
0.008512679493771819,1,0.8475853054709591,0.4488701760429925,0.9800857542571465,1,Y,D
0.06372919942771507,1,0.4753008968086194,0.3306877946286242,0.7488428151563533,0,Y,A
0.09460940054390216,1,0.38764224126879765,0.06373654604757661,0.9158591990489487,0,Y,A
0.09663027866964607,1,0.11270086489971443,0.21102029886262585,0.5753243980641305,0,Y,E
0.31212786511858254,1,0.37924726752018445,0.7603726018798329,0.570510474857345,1,Y,C
0.2992837489736164,1,0.21811019411396382,0.4679084800350397,0.7176996725765988,1,Z,D
0.13451683927641872,1,0.21545436880055924,0.7018364400193332,0.47673864889138895,0,Y,A
0.0038709644183461765,1,0.9173534062443361,0.021371768532546076,0.05603082342618215,1,Z,C
2.1974661848806994e-06,1,0.922428479331503,0.8120324122587929,0.3212812962784851,0,Y,E
0.03242565331918265,1,0.7530689444826986,0.21648733556120447,0.964351940056267,0,Z,E
0.08651121248280012,1,0.5750791321218623,0.5587586284087948,0.7024884750040894,0,X,E
0.003967004263288807,1,0.32468751949586316,0.8364964191772484,0.5634018997406753,0,Y,B
0.23198567993216218,1,0.5418293632002769,0.3020411829107764,0.5785475087673693,1,Y,E
0.07643839340720034,1,0.6516156626348801,0.5002575817784964,0.14210984032523233,1,Z,B
0.06433730908695202,1,0.991138997586332,0.43604872734092504,0.7850572083242552,1,Y,A
0.22399626920283355,1,0.8718787868108246,0.21454142121914133,0.9126917332542496,0,X,C
0.2331466828407558,1,0.8655091261106331,0.6598004664015455,0.08352635771657224,0,X,A
0.26226498808805254,1,0.4660599307697537,0.434438326815926,0.7096148210894752,1,Y,D
0.12227276278752275,0,0.7689943902885966,0.6159687943476297,0.9796751697775977,1,Y,B
0.4504502367029681,0,0.2778788807555431,0.9915331420131789,0.782205342980011,1,X,A
0.20362904915890725,0,0.6924569578981313,0.8848000657850876,0.8626522147323278,0,Y,D
0.0813579329499982,0,0.9637414165588617,0.484045556397497,0.4849505789070596,0,Z,C
0.46729050880128675,0,0.34538064648454514,0.6934365562863103,0.21819822465096217,1,Z,C
0.17461057207887148,0,0.9837151540971139,0.251100344352278,0.8687473996481582,0,Y,A
0.412023271554066,0,0.5294876812812437,0.6605322057408396,0.04604650074889671,1,X,D
0.23194742173334604,0,0.2319101221443719,0.3906835846474471,0.4927593988419571,0,X,C
0.34088753406333805,0,0.45511792689029185,0.370570730843091,0.9885485193466798,1,X,D
0.41812179975383423,0,0.5591489360449894,0.514039530642983,0.48498069149246914,1,Z,E
0.423411779047942,0,0.0023518285763431956,0.03263087167190959,0.8039049356230443,1,Z,E
0.16439420349902809,0,0.17644874406244682,0.41757030928373307,0.9326961282361068,1,Y,B
0.4378892586839848,0,0.856013350652616,0.6457507378085555,0.46400913593972404,0,Z,D
0.08031175328046364,0,0.5487364980448124,0.4356886933067142,0.5598420040325189,1,Z,D
0.47476167319599244,0,0.5644086372278483,0.8446106694595781,0.9065299737169793,1,X,D
0.04881610468349815,0,0.6875932584958686,0.8200258031272611,0.05668554832860395,0,Z,A
0.45724516280468275,0,0.8969005774515467,0.5287082887312439,0.6411989754042617,1,Z,E
0.4780861046103955,0,0.14784631206690257,0.2961247432480453,0.7312040406660344,0,Y,A
0.03575464644508976,0,0.2911943161770125,0.6818798166155838,0.10689679717472955,0,Y,C
0.33096900392548695,0,0.9595521089092321,0.3288289682307194,0.7045292359371303,0,Z,B
0.44984788117847835,0,0.4231663419706547,0.2841301620047513,0.8215557062555351,0,Z,A
0.3930488097350536,0,0.5214452444895784,0.05875265188231038,0.06769494381782026,0,X,B
0.4361661913231677,0,0.5268774683161032,0.1823655727334672,0.012512380496101927,1,Y,E
0.4690169663157576,0,0.18368857151114004,0.31453378722670655,0.34311884136030246,1,X,D
0.4692482850170219,0,0.22069205645854495,0.2703438082653977,0.07920062976002473,1,Y,D
0.47264572848822184,0,0.13379635902055698,0.17160652459606063,0.0487526149551758,1,Y,A
0.38046466921722266,0,0.6144501878241568,0.7739765783220103,0.5959885818268279,1,Z,C
0.2427171863574489,0,0.43697545226609846,0.7198614877437717,0.01710964052564723,1,X,E
0.4633865130820981,0,0.9094005971143446,0.8269019099295789,0.5577036883067439,0,Z,B
0.09916880218992001,0,0.6799526013834862,0.7703509754792028,0.1436333766165795,1,X,E
0.15470346695642773,0,0.224875714968794,0.1873472253463122,0.9607740717705294,0,X,C
0.20520978830606007,0,0.42605075582643703,0.13175695568829426,0.285784792585866,1,Y,A
0.47989876743810544,0,0.2193592307701372,0.5435358110790465,0.399474930613934,0,X,D
0.391461316756782,0,0.42494733129057305,0.5760325100601303,0.35871247465593536,0,X,D
0.4196802272655323,0,0.5853949067674918,0.0827111233196165,0.2007246089132385,0,Y,B
0.1528547237732789,0,0.44563137865703983,0.40168712603390744,0.0835164967247699,0,X,C
0.3701632895434107,0,0.6765720337619096,0.9612728191296356,0.9284064905612239,1,Y,C
0.016961882688449247,0,0.6962415321198016,0.2255133951634376,0.03545676466508818,1,Z,A
0.2853333296187595,0,0.6136317773598482,0.3116791172660893,0.020952154282624202,1,Y,C
0.39028586872329496,0,0.1553374532536309,0.6964269155919997,0.14932459454163016,0,Y,B
0.07946678647924242,0,0.5975654315823848,0.7510119022560279,0.4094059425837365,0,Z,A
0.3355273859801861,0,0.43563496470241114,0.2277053912245368,0.27947222730895394,0,Y,A
0.46679858294873056,0,0.11871785979059479,0.13401497684723818,0.9486463251307514,1,X,C
0.11784405928180167,0,0.36464096673569524,0.9777101570551988,0.8338619572002554,1,Y,E
0.1551013332398807,0,0.9534708192215853,0.19580576042462916,0.9493968692836581,1,Z,D
0.03355462786519498,0,0.6185399301380833,0.22871229280807392,0.3292178383507246,0,Y,B
0.26174531417263963,0,0.4394471732011598,0.387431901333564,0.9231809917097432,1,Y,D
0.47881190887828645,0,0.19271974456638463,0.4945325257946842,0.37378533724696006,1,Y,B
0.38417643388668327,0,0.17776082070210186,0.9763807217299146,0.19622824356596547,0,Y,D
0.02763633804165719,0,0.055676244911475936,0.403506823333006,0.203155773360016,1,Z,C
0.17106326362594307,0,0.17595978334109008,0.5710229132188005,0.6142016479770279,1,X,A
0.33327636368906366,0,0.9967431069367758,0.21981411921142413,0.9748805720211264,1,Z,E
0.2609389895224576,0,0.4565242660259232,0.00169251169470086,0.8824627762194813,1,Z,E
0.23324628827623548,0,0.10416987499966024,0.4110168159505674,0.5842318084434693,0,Z,C
0.39419002982352364,0,0.5172177652345297,0.22654810943088455,0.8008855091812951,0,Y,C
0.12785172294564293,0,0.8044262639944232,0.08607265053738378,0.012920437610939639,1,X,B
0.4418995468426226,0,0.5360937606403225,0.7909413176918032,0.8506005149576327,0,Z,A
0.2593022951862475,0,0.20784964422270713,0.12151521799797471,0.9031388113544299,1,Z,D
0.2869546198064587,0,0.011580511962609452,0.9965499350479775,0.4467075467395927,1,Z,B
0.12115251876084533,0,0.6675400820272069,0.35251196316456745,0.4783489409464592,0,X,B
0.47380684034771675,0,0.8768629689615389,0.04691811188010253,0.16853378608574243,0,Z,E
0.44056683326963597,0,0.3805921680893398,0.4741614293322113,0.8735483761560567,0,Z,E
0.28594152508245174,0,0.5999623179419085,0.2960088049626143,0.749946859735199,1,Y,C
0.47851931745472914,0,0.2682762046215683,0.8676886381548876,0.06682901519202833,0,X,B
0.40511514734179066,0,0.6013127117541598,0.20385214494868276,0.8891601047293796,0,X,B
0.47745175012560837,0,0.10341697342617684,0.7376658870043524,0.4412864167682672,1,Y,E
0.47999175846141606,0,0.3098176485730113,0.3701478810147796,0.6168616379170735,1,X,D
0.4006727882378727,0,0.3740917493239332,0.039972774547576195,0.19269512975903957,0,Y,E
0.4775536554837318,0,0.06430735327788872,0.6457801217814892,0.10276489366464514,0,Y,E
0.22125423432659652,0,0.7055218337091053,0.40755759894076915,0.9008819450796869,0,Y,D
0.47644544652848714,0,0.9510337979347859,0.03708814704275276,0.6678020183845125,0,X,C
0.4660553597437384,0,0.24014568112079504,0.10336110989235059,0.7542509501014076,0,Z,B
0.18236261134998136,0,0.22192841236014949,0.8995380314553537,0.11783913853646666,1,Y,B
0.2244335509894515,0,0.2755040701467185,0.989049148988395,0.3061222175229149,0,X,A
0.33010791755882185,0,0.5915679930358648,0.37355577162881515,0.6229705367281758,0,X,B
0.2102043185794214,0,0.4373333879157226,0.7532508384283304,0.8891522666356122,1,Z,D
0.475376935545094,0,0.2790862993095944,0.3113324536788228,0.5495313943129668,1,X,D
0.4685264129783383,0,0.09250522556054308,0.49673677641418945,0.8796869416824662,1,Y,B
0.28458949719766014,0,0.5806115831562183,0.4842804194825485,0.7699565076447953,0,X,D
0.239372629945732,0,0.868730920735203,0.7125912086655407,0.44294391918117015,0,X,D
0.004646603589667567,1,0.6702878696734937,0.6492411305921302,0.29145199547895506,1,X,D
0.2814659981717452,1,0.706533840373125,0.07235992948641934,0.2950575824673476,1,Z,E
0.007437507306651087,1,0.5790340648782333,0.6341478980562006,0.4736816203029105,0,Z,E
0.004818037186200294,1,0.3736225473481577,0.6573611686246157,0.7095241075002585,0,Y,D
0.19273746378929144,1,0.7525395978813888,0.7770299991972468,0.053028601647313156,0,X,C
0.3482113896185298,1,0.5062900099623576,0.5486130886842506,0.25193845496015277,0,Z,B
0.08859550453237844,1,0.8331782512261549,0.3716000681195589,0.05924493392714947,0,X,B
0.18620713291623547,1,0.38748745667801854,0.47401203300807826,0.8130123468032148,0,Y,B
0.048377240673890626,1,0.20526219076856678,0.9684178549468486,0.8319346118901616,0,Z,E
1.369462312041537e-06,1,0.9812320816179142,0.9392105794445778,0.0776765604477514,0,X,B
0.40951617172357535,1,0.3668816473906247,0.18210582620488758,0.16551950912049096,0,X,B
0.33618711597193035,1,0.7630147562989396,0.010681275648235733,0.6320746436848724,0,X,E
0.12797224594990783,1,0.12164883484260125,0.40186235606907117,0.773519529754823,0,X,E
0.03358515475255116,1,0.0052767891921070564,0.674926024453933,0.4459709442892319,1,Y,B
0.2759283859645236,1,0.6742781891631092,0.46455829188532194,0.14174064409662113,1,Y,C
0.24089787506586752,1,0.9275449801970164,0.5778483770064896,0.9056770144919921,1,Y,A
0.22153704672590602,1,0.11103478148983026,0.5534936923808754,0.09704476547157725,1,Y,E
0.23398305186483848,1,0.97635739998725,0.6666363724198835,0.7658592380585022,0,Y,C
0.014980988221929073,1,0.41438615290644254,0.3738517374699032,0.6679628261394087,0,Y,B
0.30615737694653,1,0.3656387656019575,0.16839283976585606,0.9741878627793403,1,Y,E
0.17365000818297668,0,0.46214237495978094,0.8116268929793437,0.2146209045442652,1,X,E
0.4797393721194066,0,0.9823864915386948,0.8953538482260457,0.3969448115167157,1,Z,B
0.14072469776119947,0,0.39585693600933436,0.9498802791268062,0.32573442822837073,1,Y,E
0.3777914915054502,0,0.9348582773177447,0.32102249886945555,0.6410069519992032,0,Y,D
0.4193914487584904,0,0.917710877304405,0.2599638357777453,0.31481094230319906,0,X,E
0.3654358205919843,0,0.29564330010213236,0.7626960643515224,0.7735563830607027,1,X,D
0.4694356140216211,0,0.06570390603236875,0.8797165460878995,0.6645893075927717,0,Z,C
0.4659673878726082,0,0.78436415707919,0.21395445924136514,0.497283014013414,0,X,B
0.035855414260994714,0,0.7928157634808208,0.2956132252914594,0.33316443729228773,0,Y,A
0.20840700488077166,0,0.7640203080168513,0.6184990822465997,0.9290738838287288,1,Z,D
0.4092279054215299,0,0.7814112572109666,0.8821867802430251,0.802226427984571,1,Z,A
0.4482759464227815,0,0.8396856997587226,0.6020774841662971,0.5021149583088106,1,X,B
0.40749951537945567,0,0.8237809059455631,0.6495932655115959,0.6985747370005566,0,X,C
0.47905096641301753,0,0.6067418624482154,0.7061828372848074,0.1435068478031859,0,Y,C
0.4060290384996684,0,0.11118211995560134,0.7989057891988927,0.13987268958948484,0,X,A
0.44504238411076874,0,0.07297731204835867,0.8900428050133724,0.984339381414375,0,Z,A
0.1306347653418882,0,0.8302817820815896,0.2299510941581886,0.26480120165677157,0,X,D
0.38048047131882073,0,0.04192633459258055,0.9447232668365156,0.06749026152379245,1,X,C
0.11850307519118854,0,0.8169555071202382,0.8544644648271196,0.7828989823850802,0,X,A
0.15114000870741073,0,0.18502924003683408,0.2129316122302155,0.5835111836923994,1,X,B
0.4632111613315448,0,0.23520021713602624,0.8500449710466325,0.2116437456229302,1,X,E
0.4770754408981105,0,0.413619554377071,0.6680933698616504,0.6676682411750895,0,Z,D
0.45769638199619517,0,0.8160553661978802,0.32215934615601727,0.9366306019023795,0,Z,D
0.3631508469643997,0,0.13605862815798753,0.4286476916135409,0.971451062536641,0,Y,B
0.2081920285474623,0,0.9462269806441843,0.19247039244394748,0.7787940934210613,1,Z,A
0.27988704022619215,0,0.9759158602401617,0.7942551466835406,0.7701373540434698,0,X,A
0.15987502971437723,0,0.8579797607464837,0.04541133032490119,0.3896317334750412,0,Z,A
0.47997829930693325,0,0.5916489912236339,0.08826568717251138,0.45757266265905994,0,X,C
0.40717117772489286,0,0.5218543168408334,0.45992820867714435,0.06842605887254527,1,Y,B
0.29973185368520816,0,0.49072368759752993,0.8729203227688453,0.3698025994695835,0,Z,E
0.39399067738506877,0,0.47520242758470754,0.44477713386862217,0.9567941041098404,0,X,D
0.2866976337615936,0,0.17434743972768052,0.9085103728832686,0.10766234689801002,1,X,E
0.36428590225958196,0,0.2805993651550407,0.46898118608821815,0.8736586056566804,1,X,E
0.4508042581942143,0,0.504468555663398,0.6126203266283335,0.13644135845840333,1,Y,E
0.2414200963841677,0,0.9338326574667322,0.7361328210372781,0.9711924524220183,0,Z,B
0.43403839119960774,0,0.1190394865598392,0.4370926299676663,0.43262013838154867,0,Z,D
0.46755592372259996,0,0.22088774758255003,0.027448586908708772,0.2370549108079978,1,Y,E
0.43019867582016147,0,0.22099917383870493,0.8398738536743026,0.1067632553035055,0,X,E
0.37795895093063697,0,0.7397283759374789,0.45717347990950397,0.6423550892694221,1,Y,E
0.1800041387149229,0,0.22790357660700022,0.7318676739443168,0.7057251580146298,0,Z,A
0.14313320399846585,0,0.004798434615927549,0.3580917770423562,0.9350338201963351,1,Z,D
0.3447774670798599,0,0.4398012092063466,0.8596706232438152,0.8479193982493543,1,Z,C
0.4380892479683234,0,0.4808380982449,0.9619788639712765,0.8780600846128013,0,Z,B
0.4572282182901457,0,0.3626457650989521,0.9069426544655608,0.05058364971269225,1,Z,E
0.0990498221404506,0,0.39745777708175867,0.866262586684367,0.8743992390255583,0,Z,D
0.42915097439477284,0,0.2513449546453601,0.16379413600428117,0.595059864990542,0,Z,D
0.4306525580976293,0,0.6884935987807796,0.3563975455208249,0.22864553783310437,1,X,C
0.4155775860304889,0,0.11358131842401842,0.7678874034912622,0.5820337196629384,1,Y,D
0.395071373460748,0,0.45544752872205907,0.18736146776751184,0.339031004218423,0,Z,E
0.04487233083643041,0,0.6318127045558385,0.1855540891319093,0.799662183766128,1,X,D
0.22557911621544066,0,0.21038445935385175,0.3056605042739291,0.17507281681029274,0,X,E
0.1743885391809446,0,0.598514168374073,0.41993542008961104,0.9805238140452722,0,Z,A
0.12770862152100232,0,0.29116292489362094,0.7244022861820667,0.546143800632549,0,Z,D
0.2745558384836374,0,0.2224758857251291,0.2980214742830577,0.6002489292128012,1,X,D
0.2898288434684657,0,0.8359777790681862,0.8681193667162791,0.7834322625310162,1,X,A
0.22834629474827628,0,0.26779620688015227,0.6199419599264198,0.19767854330690382,0,X,B
0.09865318117853827,0,0.5234696187176676,0.7061778721412659,0.9973493769784001,1,X,D
0.3893770284875447,0,0.29083412991305135,0.26073313777120233,0.6945666728945372,1,X,A
0.18287935731698876,0,0.18063456088339758,0.7872286375060906,0.7328129569558341,1,Z,B
0.4630021421825479,0,0.9145771910441622,0.9242998731625949,0.9677278062046439,1,Z,D
0.3477088255730025,0,0.12865903202328943,0.18096870272306675,0.6403221243792906,1,Y,D
0.3906895375169952,0,0.7912688666264713,0.7064145712315094,0.436701258048212,1,X,E
0.46751949354314076,0,0.7622001439453473,0.5355363294046185,0.6476046550571821,1,Z,D
0.46330081493883835,0,0.714961541506524,0.6158246911047781,0.2578474396895404,1,Y,A
0.34313415396951236,0,0.06974107538629704,0.4345046735655199,0.37686859951846896,1,Y,C
0.4177102999081112,0,0.8733109401340571,0.18485864627530812,0.3927857414720015,0,X,C
0.47753496121868927,0,0.306084759467115,0.8170382934746702,0.3812849649555474,0,X,A
0.4006956605657946,0,0.4917621178734257,0.9667320345676914,0.9845263530933708,0,X,A
0.09093906023433403,0,0.9926240288162804,0.053959529178562615,0.6471361327578636,1,Z,C
0.27927927269440994,0,0.21149524727873126,0.2179179572712424,0.08907017034671594,1,X,E
0.37436448584568416,0,0.5502338537034406,0.032263814930924894,0.3649539915304686,0,X,B
0.35502449561419797,0,0.925135772919234,0.4241273705421372,0.5342764665247304,0,Y,B
0.20501141736701511,0,0.8651094642158762,0.9235553988848775,0.9489540904466305,1,X,D
0.28755574779511184,0,0.3271550083046485,0.14993788963500487,0.8071509803382604,0,X,B
0.48008088520273123,0,0.4114917340791262,0.08963495830521817,0.49367137442263864,0,X,D
0.3944626968310974,0,0.4203131179647619,0.8331214797236591,0.06548655439311724,1,X,B
0.3485801114740236,0,0.29034359761736983,0.17455234732308256,0.6573936446435624,0,X,C
0.16907144442433522,0,0.488776264522234,0.9882701849768516,0.5369704611090794,0,Z,E
0.4529769609462877,0,0.2639472516411979,0.6722293755986894,0.5098285834849283,1,Z,E
0.3017849056328405,0,0.4631577250666783,0.16416908693446886,0.5333345936334603,1,X,B
0.4050112182213056,1,0.6777507217591087,0.6353398088413301,0.07388400825723729,1,X,E
0.09820376542745808,1,0.668632539231977,0.020480567742370948,0.32305014870595183,0,X,D
2.296977154194775e-07,1,0.9140091933338935,0.5545317039550671,0.25111262623212127,1,Y,D
0.12198565447852827,1,0.017737215527525718,0.9270573163369213,0.6946820384974964,0,Y,C
0.06723471726396965,1,0.6451261723339249,0.36811360572301366,0.31359841519657816,1,Y,C
0.270696921105276,1,0.8133999843680038,0.913467974572971,0.3024736015269034,1,X,C
1.0166392897063262e-08,1,0.9079409284270753,0.40266663220779353,0.12002527054098944,0,X,A
0.0710737170375318,1,0.7386206120873897,0.5077142528540757,0.456729825232971,1,Y,B
0.39571689337565763,1,0.11461803750442434,0.5955847051516964,0.10823918421009138,0,X,A
0.00020174484889482923,1,0.6720756025694506,0.5500759135102742,0.47396839428814963,0,Y,D
0.20728350890965924,1,0.09928321023863496,0.9994074527351996,0.7527125521979645,0,Y,E
0.023637774430872484,1,0.8202627190242052,0.5678584860534116,0.16787479493605206,1,X,A
0.00047904686196218507,1,0.2953159939030562,0.5738005655556583,0.9817803765649609,1,X,D
0.003248274214983335,1,0.5551710405971043,0.1159958432105147,0.9937546745784608,1,Y,C
0.3019396328482781,1,0.6119693333827557,0.4280264416915748,0.08635889501839666,1,Z,C
0.04976132843385428,1,0.3008054961361739,0.16403957293378657,0.8571113255285626,0,Y,C
0.04925788316350321,1,0.9977878273909148,0.752143209947298,0.3113890658733609,0,Y,E
0.29205821700198975,1,0.8492632569340249,0.8438505043610602,0.17536513251452868,1,Y,B
0.04118554098388092,1,0.9422708033295992,0.34035787561499065,0.30066800470918353,1,Y,B
0.0009347924863026532,1,0.7087346707127022,0.6489843557596489,0.09650720796750623,0,Z,A
0.05722658781623953,0,0.7356512820211535,0.06390213432074698,0.11414228648242164,0,Z,D
0.4500432790880333,0,0.3312951183582411,0.9833813467135418,0.39568265690071613,1,X,C
0.3717965254828722,0,0.9865720331729536,0.007847920645953077,0.03124480668279228,1,Z,D
0.1483022953913878,0,0.3817435844292183,0.4324186126687265,0.6845495809135484,0,X,D
0.3905220904744344,0,0.5419725933641697,0.17145828012894593,0.22309581135298906,1,Z,E
0.32515127225047413,0,0.7113920340795148,0.051559891234509436,0.6162033519804623,1,Y,D
0.47422022058078184,0,0.36557562264740917,0.8670273111991581,0.35689708803332265,1,Y,D
0.30448237326289657,0,0.43186206237323477,0.9350033325599063,0.19487948720142445,1,Z,A
0.3560150205194183,0,0.4843944063379606,0.4078303269482223,0.33241683505340514,1,Y,D
0.3248844127840291,0,0.13655635997682536,0.8861745800382594,0.7651392148034001,0,X,B
0.30169972060553657,0,0.40641913267618934,0.37582689874904573,0.588917891464591,1,X,A
0.38354891788097123,0,0.9629305676819134,0.6480692408660718,0.6455966852202618,0,Z,D
0.07673353321126004,0,0.4896593997412224,0.6308113180198454,0.3671039834229004,0,Z,C
0.06590154605223231,0,0.9426988395923835,0.26646980044176527,0.9681270480420355,0,Y,A
0.43823425022280466,0,0.6707328793026287,0.7249566700752845,0.3667376687286167,0,X,A
0.4800826205647534,0,0.03134921638037802,0.6812611641542434,0.5335497151092755,0,X,B
0.24845502557169205,0,0.9545836273273823,0.1278664768136606,0.5015775079382631,0,Y,B
0.32159240335317685,0,0.13881236855343082,0.08004841419419018,0.6948212971327209,1,Y,A
0.17392514622739091,0,0.7299552205027401,0.8217468310699922,0.3846827201960763,1,X,B
0.4149825724626541,0,0.9431218669723854,0.3196035319313737,0.9078079538226017,0,X,A
0.1239631382825965,0,0.27912000577787066,0.07368077989125976,0.9788299495591369,1,Y,E
0.20470646095802913,0,0.9442081800747109,0.8816302988350923,0.7451843331174731,0,Z,D
0.35900021853205877,0,0.23712191924304327,0.14506775012686068,0.8191899209353393,0,X,C
0.4761683203076491,0,0.33782083298607224,0.6295140979276458,0.41267687275836284,1,Y,A
0.013721320831843289,0,0.21961613428856508,0.44744608418922294,0.2585096877029901,1,Y,A
0.23027700516058391,0,0.45840059522155985,0.7970942383452847,0.9737574493044732,0,X,B
0.4715259303567582,0,0.376282119262216,0.7670612753384368,0.09878291918981019,0,X,A
0.27471688516302106,0,0.5886363197505583,0.5259586622861181,0.7579097932110299,0,X,B
0.47197639720391543,0,0.47774921008297755,0.2564326985954378,0.4097094636894498,0,Z,E
0.1325775863312931,0,0.8598986944451287,0.8734360340740173,0.23664529588250616,0,Z,B
0.044528278937113044,0,0.14682372404848143,0.39933205214630774,0.5911568673109943,1,X,E
0.1607659942456229,0,0.3526032932810593,0.6808243793525806,0.7124651065398722,1,Z,B
0.37324571953789376,0,0.6711720754131106,0.22237449953312005,0.5912697649189871,0,Z,D
0.37517430821417647,0,0.7064888820111153,0.18766065847217284,0.989919371840454,0,Z,A
0.4585657019360623,0,0.9328705122546438,0.9912003137599601,0.6813195429823444,1,Y,C
0.32375007218243507,0,0.02286519028984968,0.5021168834599298,0.48246156629393633,0,X,C
0.019327048249832186,0,0.9510730757436248,0.5908955980249395,0.5912689833503276,0,Z,C
0.19684661344613927,0,0.2750960841164791,0.9995064553412973,0.8249272507905094,1,Z,D
0.03938248546016988,0,0.6976362016333344,0.8735165162206224,0.3509644233775474,1,Z,D
0.3120204409609583,0,0.8732719315763213,0.28941815454026376,0.3896490316227307,0,Z,D
0.47682025124928196,0,0.9734236085086242,0.5256650479872762,0.5422425162753055,1,X,E
0.48008190989708327,0,0.9333778718513419,0.4517812015870646,0.6047055974349312,0,X,D
0.4543969546018865,0,0.32887538268343053,0.3343523274395298,0.03164190131213951,0,Y,B
0.40028545100828644,0,0.4134357133053176,0.4201702855330641,0.4114445036753107,1,Z,B
0.18014050989349636,0,0.5557852443466417,0.7079554101281847,0.4143675226850376,1,Z,D
0.4596266614776534,0,0.3790628423859774,0.4716158615477244,0.42309943155222884,1,Z,D
0.45877204788660125,0,0.1460445434340807,0.6406187048775601,0.19124267480954316,0,X,B
0.45674456734960406,0,0.6786501981933393,0.8610411559745695,0.2614998504763688,1,X,E
0.1609588880284582,0,0.9004874828973732,0.6926167753551984,0.3922152347785911,1,X,B
0.35445251458791455,0,0.6924645924129842,0.479091510684016,0.8354892018648161,0,X,E
0.06785554051785618,0,0.43878501023705585,0.9693766167004131,0.4802980311107067,1,Z,E
0.4791921633096117,0,0.4519811954145886,0.4039846372988296,0.6428470797092481,0,Z,C
0.4328997010176403,0,0.17763020548925113,0.7647268017750279,0.7784953081552343,0,X,D
0.3214099375814279,0,0.7585883958958453,0.42388730071635783,0.8896934002373622,0,Y,A
0.3187719443566546,0,0.5576218545595412,0.1714629910757588,0.9532343138242594,1,Z,C
0.3835885357964134,0,0.3932991749219512,0.22320138983230187,0.9819451527007151,1,Z,E
0.2526690461281936,0,0.6205291957768234,0.5668797994591874,0.28891427367393807,1,Z,B
0.2350501755012404,0,0.9802140633491546,0.3120748535852498,0.9529948857424473,1,X,E
0.38600192372051884,0,0.744441150488588,0.05176938282808474,0.014685549608210113,1,X,E
0.46434228919775883,0,0.04556430756929031,0.618436342709763,0.00833986444124002,0,X,D
0.3949297558513598,0,0.11944943803502017,0.8328648240502707,0.8989866616325238,0,X,D
0.4768804775172717,0,0.9364828769974803,0.10210757751750976,0.8166575809761902,0,Z,A
0.42204497901314725,0,0.31941770467484243,0.6344803501958175,0.16126317593892303,0,Y,A
0.4796427328561102,0,0.5351789945724222,0.7843615090651025,0.40735435146727883,1,Z,A
0.06954726459738446,0,0.22465318747752572,0.21913392143281374,0.1532289319071325,0,X,A
0.1611583085975374,0,0.8130189185290623,0.9272940490802007,0.03250540729676399,0,X,C
0.11559270962180114,0,0.4985439368906758,0.3148515713968655,0.9112332887954837,0,X,A
0.3921308089350048,0,0.06723585226605255,0.773730762075491,0.2248890716839972,0,Y,D
0.3136105839472248,0,0.5180365321376951,0.9773719963506408,0.4235465916008324,0,Z,C
0.47728767427832586,0,0.24111625684769322,0.6682637176906991,0.1734535478057233,0,Y,E
0.06312797590532909,0,0.06667126934154155,0.764881469411511,0.3403307028682694,1,Y,C
0.45995798157177115,0,0.8052702308046331,0.8360220528476153,0.16242785946839133,0,X,E
0.4373840858980607,0,0.15994461114663183,0.1882730462903186,0.7029164011464937,1,X,A
0.42082490076648194,0,0.9342016537913761,0.4167650915373101,0.4740090534275273,1,X,A
0.0058743057075347545,0,0.997009678251975,0.3955158901740057,0.11269681182772684,0,Z,A
0.4664528953247045,0,0.6417347208881223,0.09390268519942147,0.24715000503776952,0,X,E
0.2620783691495258,0,0.3339012949046468,0.9735102712320863,0.2919828612721491,0,Y,B
0.4736062270594976,0,0.6605631608143596,0.5897439557772042,0.776972207108182,1,X,B
0.3070568837834766,0,0.14404921975539842,0.7292295443719273,0.41730938221187674,0,Y,D
0.43677120304727324,0,0.6050851320446223,0.563104860779065,0.6049776737144251,1,Y,E
0.03398611404714289,1,0.46703704259872014,0.4295421568750847,0.7272098438793821,0,Y,D
0.32872955863548725,1,0.467747644104178,0.780999322781805,0.39671499108519526,1,Y,C
0.03747439305114085,1,0.6789114972477326,0.02820736260069434,0.14804147216902586,0,X,E
0.2215443381548152,1,0.38143011259115056,0.30332651049357406,0.6864943073169026,1,X,C
0.3474085643242387,1,0.734808267681943,0.04925437299729407,0.8633433496636362,1,Y,B
0.015217801170058089,1,0.08879291107431098,0.05083720487873267,0.8091762660464797,0,Y,B
0.09078166745776081,1,0.9743952032740392,0.5929013330831997,0.6488962898360661,1,Y,D
0.16075165597953334,1,0.37509929003956555,0.12169631206944209,0.74726909946083,0,Y,E
0.3727923649172916,1,0.5142376161659454,0.8630867318363274,0.9507788433350823,0,Y,D
0.07779539353605681,1,0.967444598632641,0.6118125677909895,0.09355461178319202,1,X,B
0.031607336466941194,1,0.6485149816472857,0.0962858392717999,0.09619441604161438,0,X,C
0.01985634884901216,1,0.7810410381779725,0.48410537172745705,0.1395017229981531,1,Y,C
0.2716992923551549,1,0.6616194438011334,0.8078954841806688,0.29016953977438664,0,X,A
0.26576303468742996,1,0.40767185586074284,0.12967985917307023,0.9742744183903082,0,Y,D
0.03836640800564442,1,0.9214747221093277,0.7663191671471863,0.21156543775787662,1,Z,E
0.2048354531981371,1,0.593356399457049,0.11779013356157164,0.7766013092087259,0,Y,E
0.3030686211236057,1,0.41803832007741737,0.8719989522781523,0.5675518047464035,1,Y,C
0.24432303879484396,1,0.7543893061259431,0.5329754593746808,0.8870997006203197,1,Y,C
0.006980102443142205,1,0.10024427720350038,0.3440434990648954,0.6427918666149668,0,Y,E
0.0009329701457717392,1,0.9907102603418455,0.48967376201891455,0.46417685717425083,1,Y,D
0.3336265595454212,0,0.04925645101439524,0.8068498816516094,0.24238053412226224,0,Y,D
0.2390910855667063,0,0.692250102834116,0.5528728078500234,0.5799700739498709,0,Y,B
0.23182110785082463,0,0.35525704218016696,0.39960799739773134,0.3908343343903151,0,X,C
0.07795739986481943,0,0.4169783804740441,0.06152540693573505,0.9533100603128459,1,Z,D
0.14597839599738033,0,0.661571860108508,0.839907177222862,0.9992668592884472,0,X,E
0.16122278177881574,0,0.4693735406185172,0.6075169797061074,0.9814331466926932,0,Z,D
0.34458989008928553,0,0.12736623685424697,0.09971776579008418,0.22987693046768976,1,X,C
0.3967936724394153,0,0.21460851661141123,0.4679504314367535,0.8030497997377386,1,X,C
0.28371581960498327,0,0.6339054886679883,0.3371364379146876,0.5990762750613424,1,X,D
0.33901968256955334,0,0.7982519026060255,0.5701716547167155,0.5880974416452969,0,Z,E
0.031869880880967066,0,0.3303196395419147,0.294581111769177,0.4903891881622797,1,X,E
0.443145421431795,0,0.5767130243194964,7.625759306850721e-05,0.7470238212160424,1,X,B
0.44574988731801046,0,0.5155732767211418,0.7553486124285924,0.5924226559097173,0,Z,D
0.07927144710483719,0,0.6085583885765437,0.48764426615436773,0.6139212829221057,0,Z,C
0.3401904535231365,0,0.2859091769574055,0.7869972537082391,0.9305381609583729,0,Y,A
0.24282809861020554,0,0.15690270066260714,0.9432674987561817,0.5083097875712471,0,X,E
0.23028494768675864,0,0.3956142494626286,0.3892462572800872,0.20216080372090783,0,Y,C
0.004990326161640216,0,0.1665574905120213,0.028710113357094724,0.9889847330600757,1,X,C
0.012872926031086501,0,0.7249596947811983,0.02456164041227693,0.4043736247357397,1,X,C
0.47984158029450913,0,0.3277221755856208,0.8650542541187449,0.6588090822695265,0,X,D
0.42027349079291554,0,0.3906593454963416,0.9215768533340651,0.09011722921783927,0,Y,E
0.10194227180028105,0,0.22372948682284954,0.5520618124720271,0.2651594712006111,1,X,C
0.2793066086159637,0,0.3571486924825412,0.43063425191818017,0.3412225094190794,1,Y,C
0.4746118428570683,0,0.5578364659474345,0.9126291385324954,0.084164169686188,0,X,B
0.05597971529293153,0,0.37772409701844634,0.6119888739958057,0.20930332793723783,0,Y,C
0.4755058975459445,0,0.11719982154890896,0.6197325598262182,0.3270335031009607,1,X,A
0.4485517934993393,0,0.8795839467151524,0.6639354219435789,0.8852070939254055,1,X,B
0.11423460715784171,0,0.895517968717496,0.006859080434524878,0.2471977811826348,1,Z,C
0.3097982260637834,0,0.8500457070888671,0.20029719427686243,0.8163279327089227,0,Y,D
0.42691194780898234,0,0.8113730721253924,0.0036671448489391523,0.34000535778602625,1,X,C
0.4027419044727447,0,0.4599026529950697,0.6595645894827378,0.17853674557440835,0,Z,B
0.46369161893385974,0,0.2597300345885527,0.6627000904248596,0.6875394313817063,0,Z,E
0.47708214120749187,0,0.8074057700317324,0.378657982721745,0.19392942468206675,1,X,C
0.33222584656055154,0,0.7876858925795905,0.4721800983744877,0.6384793885939769,1,Z,B
0.3831845819769026,0,0.10901004303100992,0.39128115036430566,0.26636379993510373,0,Z,A
0.29516862883734885,0,0.10426428243952934,0.9063913414373376,0.4627006838147164,1,Z,A
0.4742847155555583,0,0.04723529278124561,0.36448589432138845,0.7063695520079267,0,Z,A
0.451726964936079,0,0.7680168448590289,0.3773202610943943,0.7497211992472079,0,Z,A
0.39404442878420143,0,0.5595902759705479,0.3886876413296846,0.9022902841861605,0,Y,B
0.4796977296858038,0,0.5228109221602167,0.2284590299453657,0.8799924047331537,1,Z,D
0.09132711704260392,0,0.37816252474614986,0.87430459967999,0.3544561489338135,0,Y,A
0.18231117716369952,0,0.949710299551486,0.16337051811958603,0.38597911761912795,0,Z,D
0.47589905480459815,0,0.16763599600092582,0.9402302479337663,0.7582056978228355,0,Z,B
0.3397893135919151,0,0.6833257121817697,0.01860120456596759,0.9563190351220149,1,X,B
0.4484896003391265,0,0.8337339647500127,0.29387967384651026,0.5358301853962273,0,Z,C
0.391280906593931,0,0.1481820301168254,0.830773991318584,0.9322837618498088,1,Z,C
0.4560100290855394,0,0.17016771809642794,0.3864934008023668,0.5431482357629501,0,X,E
0.4788519108021375,0,0.2582927223976701,0.4417734015929522,0.10559098868055039,1,Y,B
0.44326263048871917,0,0.542602576052444,0.41819145294056437,0.8242196161055618,1,Z,D
0.14041296102021467,0,0.16101787255137312,0.21834575618027707,0.9768777690580295,1,Z,A
0.37454030530389326,0,0.6131361712221136,0.8358116977760204,0.42118570067097016,1,X,C
0.1602318579524222,0,0.08955572069483897,0.1263387558583492,0.1858552355757942,0,X,D
0.33843256308430114,0,0.5065144245464498,0.2699534339627824,0.029386494030534505,0,X,E
0.20272334079948492,0,0.37947317102480715,0.03498023064903377,0.46976206932009,1,Z,D
0.41069142662790076,0,0.801402634321621,0.9357301587683977,0.8704099024888146,1,Z,C
0.2252863394922391,0,0.8224047532925715,0.5994057555053807,0.4114836849074154,1,Z,B
0.24329357211413596,0,0.3327305913938753,0.9352204915513532,0.39488352790456394,0,Y,E
0.4147969237653875,0,0.8437260604740143,0.4859690362851231,0.7505987961315765,1,Z,D
0.0025412349885904043,0,0.7291616460419732,0.21353070005148045,0.28486437637669304,0,Z,A
0.42361189194643034,0,0.4152691448884964,0.3833340424984397,0.21237253936096034,0,Z,B
0.43973219764030075,0,0.9754400057195727,0.19675137481329252,0.9223014374284386,1,Z,A
0.25559867063268366,0,0.08044625907059733,0.9003341708471468,0.9612080156422206,0,Y,E
0.03654569465177523,0,0.01259444530565923,0.7649712132838213,0.08580540361584443,0,Z,B
0.4256981558623945,0,0.6138536839918153,0.5218039823665557,0.9832656280402651,1,Z,C
0.3841318674363572,0,0.04905693522379406,0.8947499306315415,0.8736999095450901,0,X,C
0.4800787628786699,0,0.29418592917361197,0.6591344269623682,0.07779634223255605,1,Z,C
0.3745574926600877,0,0.3270217454878309,0.7622139730409635,0.20945834548702735,1,Y,E
0.032278428007444265,0,0.8376466541393782,0.3266461120059664,0.09422880640661269,0,X,A
0.06747486734949262,0,0.6897832335515136,0.3663487736931198,0.9614039896358229,0,X,C
0.4775024195591798,0,0.5911534159740858,0.6763088874413904,0.8316401507441481,0,Z,B
0.3940693643944437,0,0.06583275653857623,0.6063459146044493,0.5917786680159579,0,Z,A
0.19301509262268607,0,0.15941008600580797,0.4152973022970172,0.7364351045487232,1,Y,C
0.20093466151153713,0,0.717111919549615,0.22928830507118914,0.20993684937067547,0,Y,A
0.08695545292901787,0,0.17067493018560265,0.1358466538761417,0.42317943703472327,1,Z,E
0.4762781010810743,0,0.5616879279041722,0.360782249299734,0.17219537093937987,1,X,C
0.3598122853299585,0,0.04858779950480818,0.4520773648666425,0.39100788988671553,0,X,A
0.1335480522625461,0,0.8144589995629083,0.7487725004242652,0.6598849343344594,0,Z,A
0.27865898964384767,0,0.04752918265745343,0.8317626313077312,0.8204712347457275,0,Z,A
0.16194944852088783,0,0.548090068331788,0.51025690622134,0.7650808233875278,1,Z,C
0.16634801954394784,0,0.6587913518190953,0.6523219163098275,0.8716932886514012,1,Y,E
