time,event,F0,F1,F2,F3,F4,F5
0.013910658222597228,1,0.09156517960104926,0.5345466180457652,0.45225907480089045,0,X,D
0.1397224845114705,1,0.8356592365159992,0.5891525818775589,0.7422740088261109,1,Z,E
1.7154938553435115,1,0.920435127946213,0.6088191801836437,0.7634834062886747,0,Z,A
1.2268955288061767,1,0.7503339027864419,0.9112431261930882,0.40591590295747404,1,Z,A
0.032698226459900184,1,0.2053616189810693,0.2821932348836138,0.49335277102512254,1,Z,E
0.12275411431597479,1,0.8974177232766094,0.11221885808892074,0.7934579920217585,0,X,D
0.3697168011746319,1,0.9704752896754969,0.2711149186662475,0.6398581814285434,1,Z,E
0.5577807810981956,1,0.9087794015619349,0.8161303526945103,0.8541189338640945,0,X,A
0.10041514073002354,1,0.23133882317052623,0.8302865593958209,0.7995088853209402,0,Y,B
0.23690263863622665,1,0.9267151884072742,0.30556713372596866,0.06939271508873013,0,Z,E
0.8228914348637282,1,0.9310834392000261,0.9901580237081054,0.8562442788379155,1,X,A
0.4614582494507961,1,0.48169084795755424,0.9011616180405895,0.6801707867149118,0,Y,E
0.09620492016199417,1,0.48536842500408006,0.033615799037853056,0.2232102560424427,1,Z,B
0.3777008551461992,1,0.4254012359262165,0.08211704240535933,0.3619036460725332,0,Y,C
1.032018823377457,1,0.21713885528014676,0.9173146532587582,0.070927960265742,1,Z,C
0.12379659657466419,1,0.5665178800418592,0.35998750112481204,0.08862034083216741,0,X,D
0.06956171908211177,1,0.526698296022987,0.06666191943489319,0.4790871238318737,1,Y,E
0.5708561523827622,1,0.9627938239942591,0.4103318842966591,0.8505927578316465,0,X,D
0.7089744772440392,1,0.4603962177545774,0.3237189123491616,0.4958582884134606,0,X,B
0.4606000039644305,1,0.5381525024495074,0.5066025524284908,0.1985753958431702,1,X,D
0.5818877219004922,1,0.1624221430786219,0.4555911996074996,0.7140422488804005,1,Y,E
2.1590806599254027,1,0.890803407509839,0.5657124752490068,0.6023570598563525,0,Z,E
1.0664329108581276,1,0.7996387672765609,0.21637211036286486,0.673831288327724,0,Y,C
0.47062572810174785,1,0.39400334084919975,0.36127515614179917,0.953285248131888,0,X,A
1.6635339715552862,1,0.8510972891485885,0.07273557660399443,0.8521502375937833,1,X,A
0.3517650487965695,1,0.38221641787549043,0.06039919263672133,0.9294593222430387,1,Z,A
0.836764002279799,1,0.6083051805098544,0.24671873911067266,0.660879413369656,0,X,D
3.5222614379525385,1,0.09513200788294474,0.060330152457608865,0.27544320808874223,0,Y,C
1.3725734234767888,1,0.4152565921817931,0.7656565378444805,0.30020200285796594,1,Z,B
0.6813054674919817,1,0.4034176363564328,0.6599912786432547,0.47540989057259964,1,X,B
0.9837132596909708,1,0.5062439650337923,0.7942433565371464,0.369741891505065,1,X,C
0.609945871569662,1,0.7441078346612714,0.24007136543805252,0.6994837577449227,1,Y,E
4.021428534695281,1,0.5751862561200872,0.41559011116304057,0.8743780794141435,0,Z,B
0.08924316983815705,1,0.09874482948115404,0.06516747433501513,0.3739925137651098,1,Y,B
0.11251765215963663,1,0.3221055316251481,0.07887314743205098,0.9383500624492788,0,Y,A
1.6845424427923417,1,0.28659885434788157,0.3887376374295888,0.940389114687173,1,X,B
0.2863691894623775,1,0.6438189131086174,0.5417191147150898,0.6888776859842832,0,X,D
1.4850602990622517,1,0.5805999784781579,0.8268955812202672,0.14988431289587867,0,Y,D
0.11858856352821612,1,0.309552916326464,0.2786699583295893,0.06841032174472839,1,Z,C
0.16843164835175578,1,0.31549777736502804,0.5582720268001933,0.7799919599889084,0,X,A
0.06446016552574887,1,0.07701159401301283,0.12282866892093025,0.1572099052460848,1,X,B
0.13092713261010608,1,0.2982004784817762,0.015700185172568326,0.7711860406321125,1,Y,E
0.450449156369295,1,0.41482382596900846,0.68999962222975,0.8878148093248317,0,X,A
1.0228033041055598,1,0.0804928545424568,0.7406922902049292,0.8543256339701397,1,X,B
0.5507052612962691,1,0.47010298541405693,0.869784663574074,0.08015159979820652,1,Z,E
1.405094550004481,1,0.35853750000124096,0.719981780353168,0.19504836733060116,0,X,C
0.41871865094084365,1,0.9991089585872623,0.9434994600928486,0.37081427261970434,0,Z,C
1.4061020464600784,1,0.5117507964192346,0.17605707022133454,0.6023625373097332,1,Z,B
0.12821549730241283,1,0.892702672798921,0.6901880753131576,0.33028108448104265,0,Y,A
1.005858443073119,1,0.15397637769653016,0.282793627752286,0.004626311965967078,0,Z,E
1.6736412203852353,1,0.9080900379390877,0.23021583820086844,0.9096361677244506,1,X,B
0.30979511130258663,1,0.6642583182964452,0.7044388489189816,0.2920443908171716,0,X,E
0.7822135886686981,1,0.24442961811866515,0.5113675492899734,0.5118849579955584,0,Z,E
1.1032455863046722,1,0.279187263772263,0.589473821046405,0.8435636640317565,0,Y,C
1.2346833678348113,1,0.20697456415047144,0.8459908981478612,0.9714811213889699,1,X,B
0.36804100933585643,1,0.7727033158412489,0.3047316955007614,0.9869523850441632,1,Z,A
1.006961935735683,1,0.8871824338320516,0.5375846290512687,0.1813531742705048,0,Y,B
1.9921397565781562,1,0.6563410485078139,0.9225880204985198,0.24535181075122947,0,Y,C
0.028692706722963385,1,0.03411022264060326,0.023804379026470146,0.2331779073338346,1,Z,D
1.3669938389749556,1,0.0594122092263385,0.46593801971428894,0.2673937816694949,0,Z,A
0.7660941238884096,1,0.6462557286601184,0.9448548388170934,0.6967816778421005,1,X,C
0.8353560219679336,1,0.6788336343322907,0.7751912694503145,0.08638302354700622,1,Z,A
2.333437444671435,1,0.29601898428563644,0.7697823613093682,0.21862956231205155,1,X,A
2.7777941289139947,1,0.8536189575302666,0.9456188869676151,0.841630214726893,1,X,E
0.009215411172235823,1,0.9095529944436104,0.916826667389438,0.10008386228713084,0,Z,E
0.6146994920091106,1,0.9937162274227911,0.017926499293065223,0.30115894382153985,0,X,B
0.07127049100882618,1,0.13890299108665094,0.0004899557412335609,0.6390970666694163,0,X,B
0.42638665343912097,1,0.6444072661263103,0.9905222415651956,0.13033501689782345,0,Z,C
0.8425820377481422,1,0.6894317499932638,0.6974197649245742,0.6526331042926787,1,Z,C
0.5750737735351579,1,0.44570580369618695,0.08465885577463039,0.2344097654523778,0,X,E
1.8298224023270317,1,0.467702757898931,0.516676945012441,0.2757027408800067,1,X,A
0.5615903858726701,1,0.4105547701443535,0.3892817214075074,0.6779065533213093,1,Z,E
0.41639352501846594,1,0.7407329028051414,0.18807521683872974,0.17043439710246544,1,X,E
2.6270667069286304,1,0.5464883686153847,0.9886115495627495,0.10724747476187657,0,Z,B
0.8529799938149039,1,0.9218971122519511,0.6851227869684905,0.48986247373110303,0,Y,E
0.16095696784569322,1,0.1775852995804813,0.48290758519737187,0.4427711457721146,1,Z,D
0.5598041865540828,1,0.25519404102910437,0.25257903203340015,0.009388498271204249,0,Y,D
0.16453343696973993,1,0.9104655525572406,0.020026592039062985,0.022799782802417567,1,Z,C
0.30837354598229594,1,0.6793046239808775,0.4970226817307266,0.20212687729917778,0,X,A
0.4724798541287524,1,0.9713098303765011,0.2894712353859892,0.6444048337196584,1,X,A
0.36719786603886756,1,0.3078176320524857,0.6920565614532082,0.5666462658983589,1,Z,C
0.31902305544532117,1,0.37862929840815107,0.999419849266928,0.5659741566470761,0,Y,A
2.5654565198843677,1,0.3141797077204038,0.5475419048590374,0.4259049039889825,1,Z,A
3.8779503201539445,1,0.5306867935164808,0.34301622550035327,0.22907987416972664,1,Z,C
2.3043651604761735,1,0.6942463575182017,0.31643489300286687,0.04639359422715306,0,Y,D
0.4856033069008838,1,0.13995550989081806,0.39148457801805614,0.13383025034487073,0,Y,C
1.650309461954867,1,0.1982774524133083,0.14716423850344018,0.9201138806565757,0,Z,B
1.3304500255165896,1,0.10187421641632477,0.09574176154098102,0.6417257133552041,0,Z,E
0.7991383011266121,1,0.9434976967452617,0.7337334813697716,0.7712325786203647,1,Z,A
0.6357625739997766,1,0.038509041756071505,0.28526010086150744,0.6570119853922495,0,Y,A
3.298345488694801,0,0.09381364813929172,0.08857627776649246,0.46089620174922796,0,Z,B
0.8512682567037757,0,0.42894847653121726,0.5067909971707217,0.4009397680753801,0,Y,E
0.4479944628702334,0,0.8722033321403594,0.5598298792344633,0.21141018691272195,0,Z,A
0.07145574737409617,0,0.5029010720687249,0.49402812274331454,0.26838391991770294,1,X,A
1.0093571563256527,0,0.21267246774055037,0.19193486479104827,0.707904355148807,0,Z,A
3.0055400610253646,0,0.7824003291900763,0.3977434686351563,0.310823085361114,1,Z,B
0.30462704745113034,0,0.6580652378619386,0.9669798376425089,0.35764121548812333,1,Y,B
0.3240106939356192,0,0.9448712516000002,0.9563248405402072,0.6204922417175468,0,Z,E
3.1765622936610214,0,0.39455200299727367,0.03186828467698477,0.1554562073072715,1,X,D
0.6014796323121204,0,0.5608376644952385,0.6268092138980917,0.9889150364842059,1,Y,C
1.2545281915472049,1,0.6077581230538857,0.2409436501982407,0.03406369356282235,0,Z,E
2.4564401839852166,1,0.23977087440957479,0.3668084401127454,0.08066280580319296,1,Z,D
0.5198520966389698,1,0.3284199544542805,0.542464038143324,0.9003471854617747,1,X,D
1.5159400004692347,1,0.385620533645465,0.7433853604688337,0.5108757585821683,0,Z,B
1.2273395333597237,1,0.7006895215013125,0.5782714382698609,0.971973213358781,1,Y,C
0.5466140541920431,1,0.46355559672692903,0.2281779562304851,0.8722273369739989,0,X,E
0.046879377265985324,1,0.04314544320123781,0.9450752072891793,0.5392066762531891,1,Z,D
0.23652070453215132,1,0.26493974322319624,0.936387733565383,0.19885167299529283,1,Y,D
0.47098149771556724,1,0.5475168952485677,0.8361099656161961,0.8816405522700035,0,Z,A
3.09952389675771,1,0.936382638573745,0.9026795017861192,0.14591220034414,0,X,D
0.15041470561372147,1,0.2879342647907307,0.5148373882312136,0.125850084461952,1,Y,B
2.8399905401925833,1,0.8591886693570547,0.4522265145895479,0.022365354514978453,0,Z,A
0.857849546229359,1,0.02124604800626928,0.45588838391161446,0.29794797318500243,0,Z,C
0.823942571745673,1,0.31748623640738627,0.4406398002972818,0.723653695044158,1,Y,B
0.007370149569267894,1,0.38184771858108213,0.04927105255173159,0.4856674224731913,1,Z,D
0.007175151440197552,1,0.4261303934685886,0.5119974384495803,0.28544253152365784,1,Y,A
1.2961176853622127,1,0.2615762222165927,0.22470752968075758,0.6485015433946469,1,Y,D
0.3197910099121614,1,0.37881872210410195,0.06652555380773573,0.6874441024580618,0,X,E
3.238348917840865,1,0.625404436790359,0.1075333227336519,0.39488323767592826,0,X,B
0.15857681064555054,1,0.07428835025032643,0.4630375532217411,0.007476649293417181,1,X,B
3.161823220234688,1,0.19745530359821795,0.4626866088165067,0.9553653141439891,1,X,C
1.1523620841475775,1,0.5400712125022343,0.0443287601769371,0.676077084874309,0,Y,C
0.051684901026920214,1,0.8119445436311579,0.6984806964381656,0.0786751145940956,0,Z,B
2.062562399895253,1,0.7020173976169048,0.39567078673076794,0.02855272669957143,0,X,D
0.6168641084839396,1,0.7836498770916898,0.6134027781615773,0.7498018568983795,0,Y,D
1.263184341820877,1,0.8755572414605095,0.24719135899370293,0.5115957569803049,1,X,C
1.7273492860897637,1,0.04894858588284734,0.16076072091885285,0.47787465648062133,0,X,D
0.5455716196164497,1,0.7558740533773367,0.48447823278171465,0.8107618410497395,1,X,C
2.3991455756637685,1,0.18091478799197047,0.03475590333239098,0.9019810925753117,0,Z,A
0.33303522788173473,1,0.3793412873232802,0.7968441340223804,0.3369128712423256,0,Z,D
0.3040897506246968,1,0.327798903509415,0.22413779054228988,0.8715176439061105,1,Y,A
0.9171986139721653,1,0.21108844101450086,0.03542082418797832,0.9490297473307745,1,X,B
0.44558462485273304,1,0.6960333760074633,0.19682214917571816,0.609246097834553,1,X,B
0.00024364916606460448,1,0.14524667750834996,0.15888073088089882,0.3695951868977595,1,Y,D
0.980103701970075,1,0.7577700539800079,0.6334991272354612,0.406415784989951,1,Y,E
0.3704405871226959,1,0.11645650954492859,0.5187103333645253,0.6372240410328126,0,X,E
1.311323194501524,1,0.6102302447960022,0.9149429390681398,0.8579151003695872,0,Z,D
0.3889635464665685,1,0.944114524032342,0.862786242562835,0.35469835431339825,1,X,D
1.5043054588176037,1,0.9158323978726114,0.5057978856899262,0.9152569186084775,0,X,C
0.30495848519209645,1,0.05159997306000286,0.07975102387854649,0.6761326551627741,0,X,A
0.7478016946249222,1,0.4852897820252853,0.3409470352695967,0.9181089431881819,0,Y,B
1.5162307606555392,1,0.8138683896767153,0.6332432252670103,0.4154238005784282,0,Z,A
0.27611993647287236,1,0.17061138296277156,0.29970117836887833,0.9965166826910807,1,X,E
1.199394638738121,1,0.12398492209947354,0.9796243114642303,0.07869080837834586,0,Z,D
0.947985914117067,1,0.9501821495566041,0.9864960897929076,0.45591065049201107,0,Y,C
2.20280237795547,1,0.18649460231818205,0.15996646716773777,0.8500717464593383,1,Y,D
0.22831958306694625,1,0.3569558571300342,0.7984919051767747,0.4679039736735866,0,Y,B
2.6648774343677375,1,0.8831702117308017,0.3972351604589055,0.23307034961935402,0,Z,E
0.5275903060249764,1,0.8008751879548818,0.13163789619768607,0.6542885256906057,0,X,B
0.010575112676062858,1,0.01931864440046105,0.7461454872339698,0.11782135810755767,0,Y,C
0.0029198279793664467,1,0.5949961821901907,0.7572306839385498,0.12513603186089495,1,Z,C
1.2325835012031916,1,0.06107629324155728,0.28067507291727956,0.39719906238312286,0,Y,C
0.6943345394871056,1,0.2694203007897643,0.20815563469224208,0.09244536842214535,0,X,C
0.8178657204476298,1,0.28726787630539274,0.5027532305535091,0.9123893516506717,1,X,E
2.1142492570165428,1,0.6939483287442088,0.2194446324249203,0.2026275126600925,0,Z,C
0.5140650680449297,1,0.366068696670521,0.5109771073976695,0.8120947414525589,0,Z,B
0.3200011848730495,1,0.34802074480122747,0.03341209612799323,0.274403065693001,0,X,D
0.26509207024813897,1,0.6712201419107653,0.3975668932537815,0.3186436022531751,0,Z,B
0.7375716308325303,1,0.32249821866091344,0.31405570314934794,0.12729016038434393,0,Y,E
0.5486021879326484,1,0.8427207091889858,0.8982250541763811,0.7292675896431716,0,Z,A
3.550501292521446,1,0.6385201795497674,0.6105710271195574,0.48605344481360513,0,Y,E
0.984817875686578,1,0.4678453942818981,0.36085936274653607,0.46319066817143306,1,Y,D
0.0062284382578384175,1,0.5575709449724274,0.22441640468678314,0.49225335143936433,1,Z,D
3.3310740350327412,1,0.5819588401276162,0.9435567541551538,0.4548131809408539,0,X,D
0.5288859883084471,1,0.17488675249473007,0.23789711819504444,0.7998466500748592,1,X,B
0.398437257670119,1,0.9903120296494594,0.8538665541096285,0.5599204162952394,1,X,A
0.6326377245744012,1,0.18360221469247784,0.559248223505983,0.7717104501432749,1,Z,D
1.5822373552935447,1,0.3594372901419969,0.9302375070794698,0.06157292504760692,1,Y,B
0.3453070913213036,1,0.1918807588167727,0.6548562071299046,0.9357447918170545,0,Y,E
0.03432767756121748,1,0.7494955678360186,0.8843514737606817,0.1493553860286535,1,Z,E
0.671880226297525,1,0.6268575414157109,0.5907410957125241,0.4585603841385144,1,X,C
0.10089975624298235,1,0.8299057713863658,0.44998761993616754,0.6115659371483341,1,X,C
0.17466951667195108,1,0.6169630427566658,0.23847288584783755,0.1273039334902537,1,X,A
0.02276711968739145,1,0.6552232868330916,0.2954710450266874,0.46776395994517295,1,Z,C
0.556167655019466,1,0.1876800922728179,0.5294612136108003,0.6047455448840985,1,Z,E
0.4577109085761258,1,0.3928404315124636,0.7687740607983099,0.5109547680001373,0,Z,A
3.562399844133747,1,0.5636843657774152,0.8995344628007305,0.3708215699303371,1,X,C
0.09040127512441137,1,0.15039461436270996,0.8660393212625483,0.07353996863153922,1,X,C
3.01792550023076,1,0.4924162144934624,0.8740828441781173,0.45478099435137365,0,X,B
0.10824764777267418,1,0.09255754872695798,0.3480791840669578,0.6849989591640536,1,Y,E
1.774066133658988,1,0.5210258585591545,0.6819240255337481,0.3650112177761723,0,Y,C
0.46775541279009336,1,0.3655349139633999,0.3067760986711965,0.8774566542662389,0,Y,A
0.4233993620969735,1,0.15075092007872848,0.6714132654326573,0.6031401263507173,0,X,D
1.4873585772540305,1,0.8623728269742849,0.6396478764095942,0.44760889405632065,0,X,C
0.535971641719859,1,0.28116711164488617,0.9683725081887947,0.8734595985999035,1,Y,B
1.7332058720747323,1,0.6569870537710069,0.09509854851399879,0.704526015355888,0,Y,B
0.07560975786203392,1,0.39795889689369224,0.5952981105993147,0.8207181948861862,0,Z,B
0.07271797778206104,1,0.5726314952919302,0.23223977634157122,0.2592587101627305,1,Y,D
1.1802594454960291,1,0.32905791072927637,0.3827342915538212,0.45663937722928116,0,Z,C
0.8460818056273687,1,0.4542461374703449,0.03535030371014225,0.43749294054654775,0,X,A
0.4268353791967793,0,0.7823728734092158,0.29995710182580415,0.11082114582998548,1,Y,D
1.168296626045404,0,0.8435139309862993,0.08791860735228807,0.22384923259628275,0,X,D
1.5426583181243234,0,0.6380835475064852,0.3402358413600941,0.8427554405721855,0,Z,C
3.283150749092469,0,0.09908179999463929,0.2446604874037075,0.2418985627423853,0,Z,A
1.3802472042313432,0,0.00044298052162428103,0.6041698840945199,0.8727557237549981,0,Y,E
6.474526667784597,0,0.9620591001141765,0.6563897386403771,0.12530432439411732,1,Y,A
2.008256239107869,0,0.6020376924310933,0.537644952037734,0.6472221201597522,1,Z,E
5.892667456150266,0,0.8392574831552244,0.42283922312757716,0.2926446020374218,0,Y,C
0.8846653749987448,0,0.7355743706904375,0.17286094263582197,0.4535354903158413,1,Z,A
0.21884235852976305,0,0.8513909020760151,0.3963683656194398,0.035112421188475684,1,Z,C
2.934256467469937,1,0.9704291008119347,0.6900498534295796,0.3491240466073404,0,Y,C
0.9033329440424253,1,0.6801175606803704,0.8592555225073277,0.5685568216800577,1,Y,D
0.4621255511836161,1,0.3170489632685378,0.3462293232020972,0.6297018371417273,0,X,E
0.5611719810879473,1,0.7526842047429505,0.7192667584398467,0.5086116795356557,1,Y,E
0.20987076746121483,1,0.4752248972887917,0.8334328765425251,0.9714444335031239,1,Z,E
2.7635987804909883,1,0.7165504599450476,0.838965597110854,0.8555801705765421,0,Z,C
0.14915887373674472,1,0.8635812055942174,0.6812788033912844,0.14171568223830255,1,Z,C
0.49484050822977976,1,0.3492538881046878,0.8323682725798612,0.624831950474145,1,Y,B
0.9279878535033744,1,0.6483325347299511,0.21775907478806678,0.6134700804319679,0,Y,D
0.06459928867802818,1,0.7352993972160871,0.3559810123527951,0.3349249289970945,0,X,B
1.9495270389182604,1,0.6587332476457852,0.04159078635225388,0.12580745317192055,0,Z,E
0.3704797835277059,1,0.7280239441471663,0.18225349336802865,0.4108067639219183,1,Y,C
0.3014119620114503,1,0.7405553287248434,0.09291024242809709,0.889136043649683,0,X,A
1.2264830295507991,1,0.31402835783465766,0.6710249905259646,0.40654360291184943,1,X,D
3.483465487838728,1,0.6966959419099885,0.9198935485110946,0.6196136554599221,1,X,A
0.3190303002752739,1,0.6831333604241026,0.697963833951259,0.8547048809406689,1,X,B
0.16657589127541428,1,0.2293813748102187,0.9368957321342017,0.8221595188854126,1,X,A
0.9151321086056073,1,0.22265655120663408,0.027193987744158488,0.17130738873595375,0,Y,B
0.018870687251637985,1,0.520240181665423,0.12206409337584845,0.2938977192081901,1,X,A
0.8478965423885637,1,0.5783622181853746,0.1418322240551012,0.8775654678624706,0,X,D
3.71512665351489,1,0.06371655906343776,0.918855914319623,0.2767828085124513,0,Z,D
0.13253735522727275,1,0.001134007986846819,0.08335199270366755,0.4926337966236579,1,Z,C
3.695405399874883,1,0.608269549894084,0.9097355101988861,0.6575600979829758,0,Z,E
0.04082963495381839,1,0.96272644665643,0.7366064319869425,0.21911628726095111,0,X,C
0.09189127050707292,1,0.25486858470242824,0.10402282407973351,0.7821802350286823,0,Y,E
0.20846828290999003,1,0.2616490472382814,0.9469267228718502,0.09814160510172931,1,Y,D
0.3135422888938326,1,0.011880180567559684,0.6451738644832286,0.32980277934526314,1,X,E
2.708633811373301,1,0.1639552829280233,0.8026142535660183,0.11920057190818911,1,X,E
0.9721991531888523,1,0.14233711577616825,0.29661214631722344,0.8649572631920401,1,Y,C
0.34647555819262477,1,0.07596629863944926,0.7174759911969857,0.6165568930492665,1,X,D
0.23308967127124347,1,0.8363649691190623,0.015533064803986862,0.7379402069727443,0,X,D
0.11371440716076776,1,0.4037666692152073,0.18945723613624588,0.7624510566516461,1,X,E
1.5439622964392192,1,0.719977554452471,0.5772536209726141,0.3934612007330711,1,Y,E
0.2672325818660811,1,0.38034221241666155,0.5910196803033949,0.37738209872137074,1,X,C
1.7219497333025433,1,0.8283587621030088,0.9905358029716517,0.04599711332410572,0,Y,C
0.9258144201872606,1,0.35785581292184987,0.4014846229116916,0.6547863140036403,0,Y,E
1.367543273177116,1,0.3176808948630756,0.2071064544750153,0.662790944484808,0,Z,B
0.0021521913848911514,1,0.05589059454209433,0.30596284072128854,0.26018620683149163,1,Y,D
1.5708031502900206,1,0.6052824841795877,0.5576711816317386,0.7115523338045001,0,Y,B
1.541583040865503,1,0.40203975460624886,0.5965196691258298,0.7228531388511354,1,Z,E
0.012751053758742355,1,0.3469108676696703,0.2149773288815251,0.00858096450509771,1,Z,B
1.4251322043623222,1,0.7518815683972261,0.6493092788767815,0.7424154100001289,0,Y,B
0.2923543813138121,1,0.8000860622943484,0.730493024193684,0.7031889471451555,0,Y,B
0.43716485620451057,1,0.6897082892448635,0.6485329649001397,0.018278212848744313,1,Y,C
0.09313160440127435,1,0.4982990711222205,0.25384339358470887,0.35831890032273184,1,X,C
1.204831231865453,1,0.9493034019378833,0.792395691008244,0.4873933796762422,0,X,C
0.36734739564129737,1,0.3242843513443532,0.6441630020032675,0.4360184873086762,0,Y,A
0.3022711355756097,1,0.548818940414125,0.6352808195631172,0.7199346643476664,1,Y,D
0.04319974264118351,1,0.25867606077279015,0.5347204677694917,0.08507198597938659,1,X,D
0.18855868618013136,1,0.8048820349173371,0.8533930344936078,0.043869761134006424,0,X,A
0.30274967104244804,1,0.8984230334613375,0.4119178753440752,0.3688176149902075,1,X,D
1.3530581830612873,1,0.8958074511137605,0.8989369567921914,0.9556239173132508,0,Z,A
0.1799418644513308,1,0.9995474582242501,0.9431864790776369,0.03143418760191419,0,Z,B
0.6379357627572357,1,0.4487696127071912,0.5591531206339226,0.19061781108779552,1,Z,B
1.301060114191787,1,0.3348715253974175,0.442633631053591,0.7007032517245193,1,Z,C
0.39071913740117115,1,0.5696369081601861,0.10070733419218092,0.35172663897052414,0,Z,B
0.6085932092998366,1,0.022511496257567654,0.9056488776681599,0.16733301607956297,1,Z,D
0.007841502778661797,1,0.4295247024707547,0.3122864956108252,0.3616495834657488,1,Z,E
0.009001637462067037,1,0.3516520972121988,0.06529057689958429,0.5356664421053515,1,Y,A
0.6321263325011829,1,0.000792360015270277,0.4642221049554398,0.5620323565805638,0,Z,E
1.8413473630594779,1,0.5420991882305284,0.9189381767618582,0.1872128875483241,1,Z,D
0.1169349680052463,1,0.7137395536134832,0.11134249487808778,0.6608464586270929,0,Y,A
0.0011549325445160668,1,0.9652477047805975,0.43933408707765687,0.7848175363032104,0,Y,A
0.7545734569870763,1,0.32788954235093837,0.5866956345560014,0.6169619502775582,0,Y,B
1.318325754411788,1,0.6171122553450057,0.24224203362962582,0.38569261380195496,1,Y,A
0.7685926678105051,1,0.13140167728921703,0.6729924003022449,0.6377671906499476,1,Z,D
0.6520983208868367,1,0.6773810325699635,0.9664433213229132,0.378042806314543,0,X,C
0.4243263224826789,1,0.9449818244028231,0.9862806354863647,0.4314579270475669,1,Y,D
1.9991349419427278,1,0.4917306310052646,0.7826935703517607,0.016637940044095245,0,Y,B
0.8946613603302588,1,0.678056033239458,0.9781399871911302,0.34629082650901133,0,Z,E
2.1942338939679025,1,0.6071964570040236,0.34791308714614344,0.33839475323912405,1,Z,E
0.46347808557972925,1,0.6396026342515865,0.2865095733350149,0.4914798935295336,0,Z,D
1.6342727842654277,1,0.3861702945148411,0.7890483462720619,0.6262754088340943,1,Z,A
2.0761825839972734,1,0.27157892550939333,0.00482161616768384,0.8092253171962052,1,Y,D
3.0340215905606556,1,0.8088014357098132,0.4079627213863757,0.1173152268218064,0,Y,A
3.1216548131557795,1,0.9644508412968953,0.7748912554391847,0.7155709416002654,0,Z,C
1.4202300873507656,1,0.9921840051196753,0.005006327816114764,0.9886725527293457,1,X,A
2.3677606514993346,1,0.30075785641425423,0.8381560237066012,0.42893504893392154,0,Y,A
0.7456846344186658,1,0.8499637769799355,0.72367479928245,0.8257832817558226,1,X,C
2.8860010928117803,1,0.8148887478359403,0.6651776080715033,0.579072992462784,0,Y,E
0.9416270773987067,1,0.39952203556109867,0.2384624243808916,0.5914666408418207,1,Y,C
0.7955409836935892,1,0.8848912041756545,0.6894496853719334,0.6899123195935669,0,Z,A
0.9056036378404592,1,0.24743843388124553,0.5476416807818031,0.9049663065760525,1,X,E
0.17916402659018604,1,0.16579538765147328,0.6403363458691953,0.7192196418808638,1,Y,A
0.7034824542465792,1,0.8062547622182985,0.6020184849763167,0.18252031566651294,1,Z,B
0.143484348958408,1,0.061784505888420105,0.8820276187025091,0.31223266239184466,0,X,A
1.5749283156177798,1,0.055314997520201525,0.7497960039398722,0.13180566644426572,0,X,E
1.0288964756108288,1,0.7759767179373771,0.22872466816185255,0.9136825245779245,0,Z,B
1.4421125052856993,1,0.6607561433516302,0.8725076959771956,0.062450421057248406,1,Y,D
0.998942264181055,1,0.21839503734521037,0.11680908101047571,0.26823400909321293,0,Z,D
2.2510161421083206,0,0.9085769574317962,0.3578654548921132,0.023928816983339263,1,Z,D
0.0625379743754124,0,0.26790331292902037,0.004529534591088513,0.5563409226178442,0,Z,B
1.1264249561692157,0,0.6458146264653939,0.6494098329411653,0.9905181628947454,0,Z,E
0.17267915521964994,0,0.599416868029977,0.2709621603222584,0.6016480961027054,0,X,C
1.7099354830268176,0,0.9229883933976417,0.09946322578667455,0.6944493915976924,1,Z,E
0.7606931996714231,0,0.20834147017886484,0.05369840706352369,0.15166812868231516,0,Y,C
1.8704474729178586,0,0.741392792695,0.09712662269190342,0.5044898965925558,1,Z,E
3.2659632715052096,0,0.044300930867352206,0.10897703697998196,0.11649671087563929,0,Y,D
0.045428389372704873,0,0.2932588829369521,0.8018527598036397,0.372457856344966,1,Z,D
0.10307055704284745,0,0.7355404521936223,0.49409069850442167,0.6194022197753402,0,X,E
1.4846616646892326,1,0.29880765130456977,0.437893565595576,0.9079960221923562,0,Y,B
1.420913556619581,1,0.8062539728457648,0.7528277064860099,0.9533315035100592,1,X,A
1.427160068365355,1,0.2174047739476409,0.0984735667335972,0.8210653409418375,1,X,C
0.5653560576090797,1,0.23069079724713726,0.27678644871876257,0.3503355541488903,0,Y,C
0.29036088422652695,1,0.8401345326233092,0.9497410513136235,0.03836659550639021,1,Z,D
0.5365365197311175,1,0.6351227492084831,0.8843170979799467,0.7070980975350527,1,Y,D
0.8289363901333996,1,0.50328387092384,0.799738906747939,0.021332515846817057,0,Y,E
1.8007921256295836,1,0.3733535617641115,0.8067667373429681,0.330388551125847,1,Y,A
0.4732224474977372,1,0.10017457836134369,0.8650498609622393,0.28280422106905345,0,X,C
4.707453713011977,1,0.8832149473699838,0.5524207267122699,0.779799083238318,0,Y,A
0.08642371830039022,1,0.08347402716369623,0.23144114822546025,0.5131159401413341,1,Z,C
1.0510338663237033,1,0.88680023915022,0.25753832902045226,0.798017306432555,0,Y,C
0.8811069664797758,1,0.005226661973915969,0.6981642651959403,0.048428583441046835,0,Z,D
2.7269049787928816,1,0.18924726912763623,0.4625738735485756,0.8549857138011683,1,Y,D
1.1722917616639181,1,0.6216710769956539,0.5365038770189288,0.9541439136160303,0,Z,C
0.24440021525446737,1,0.32348456130836345,0.24457627860962483,0.4708046597209242,1,X,C
2.0011984664830864,1,0.8409019220456843,0.10684289827579552,0.03168954356812259,1,Z,E
0.5833781650678436,1,0.10312134777820692,0.7357298953590093,0.35766250289100143,1,Z,B
2.1336196034377863,1,0.5784542365599606,0.7107094347634917,0.05575350004844204,0,Y,B
0.743811171737673,1,0.5118005544989,0.06667854830948572,0.39682909620614515,0,X,E
0.7171722722935195,1,0.09442011929927763,0.17838644278152693,0.26848717279576095,1,Y,B
2.375939917934603,1,0.5430663559496582,0.13296495811525644,0.19525137560838335,0,Y,B
0.0039817933748633,1,0.994600858030819,0.6743765015591745,0.07266850391859547,0,X,C
1.6886115199602407,1,0.6504798440398405,0.6242104972520878,0.3740278000274374,1,Z,B
2.576302175711783,1,0.6138805677947629,0.3539909183213188,0.9600402619817061,0,Z,A
0.2678533787193943,1,0.8981181540179102,0.6937337019044799,0.7267510469567228,1,Z,A
0.6062245646859712,1,0.058583425809724865,0.10700246214491771,0.8019946058905546,0,Z,B
1.0651667434001382,1,0.22051050946815698,0.6020461777588106,0.44982592453677406,1,X,A
0.7130359659127562,1,0.6339745800785153,0.28384874724527254,0.5319339797527878,1,Y,D
0.0009323878146007648,1,0.4897583121789494,0.4580156330650479,0.09343717168008314,1,X,D
0.0062959935123609884,1,0.17516239240194986,0.33996091836303055,0.44146403945337864,1,X,E
0.9571089995465077,1,0.6376614584882162,0.1502516932025757,0.7271210494687705,0,Z,E
0.9760784613076626,1,0.14697962057889824,0.5675803226569546,0.18453961247720252,0,X,E
0.8505661450527557,1,0.8660060334573003,0.3778567605497045,0.12655567066186935,1,Z,D
1.0353479513090307,1,0.3142347176215611,0.15702355440597549,0.9595970095480333,1,Y,B
0.17442231251454135,1,0.3469873182744049,0.8064369788961891,0.1516520433612154,1,Y,C
3.23597417315253,1,0.23144438732115724,0.12901523056014674,0.810815839063489,1,X,C
0.632976482232566,1,0.14250867200019657,0.024524758362432397,0.8410241668181111,1,Z,C
2.2156702949180103,1,0.4931448667317687,0.0860769509367566,0.3456607174911851,1,Z,A
2.1087047076853307,1,0.9634042169057869,0.7294060143449603,0.8466705180328323,0,Z,B
1.4362441250495757,1,0.7996027660662945,0.1803830353578566,0.6780141252381277,0,Y,A
0.41521698613291025,1,0.26692582111108365,0.5679562271681512,0.8406362150357158,0,Y,A
0.779989221549088,1,0.5490255961927035,0.6148161883666814,0.9494304391681828,0,Z,A
0.46090859645229737,1,0.8629622894875213,0.7826113643308931,0.9024463578684484,1,X,A
0.18278988228862283,1,0.1682137959872433,0.6822927492047746,0.07288423923497245,0,X,E
0.19341393919787406,1,0.6693314052651491,0.03744658491863839,0.6912674548648915,0,Z,E
0.0722333341441189,1,0.8470648786413596,0.15672472504953083,0.7146712447431922,0,Y,E
1.0906544744510507,1,0.7867051990662379,0.13244961843568526,0.055148657412293134,0,Z,D
0.7686932625108007,1,0.16378055185954177,0.9890899833498195,0.11838134661603594,1,Y,B
2.495058570507799,1,0.547057961712044,0.424034485380119,0.4663018878644344,0,Z,E
0.04411754527238905,1,0.7883796904888533,0.8926034367919814,0.22837817595570753,1,X,A
0.4488887220766214,1,0.048552228262113584,0.8052006179033256,0.9600132025943399,0,Y,E
0.4317730806895144,1,0.5906920524188526,0.6417151567634479,0.8461924213371109,0,Y,C
0.008580462654324711,1,0.10005741665930101,0.3437156673701448,0.6484276081129744,1,Z,A
0.1549589044704494,1,0.9121330201142547,0.4592407211617151,0.1705132427173579,0,Z,C
1.9897634159058777,1,0.7804295504964599,0.05820565089443974,0.38010494312225773,1,Z,B
5.135190990997081,1,0.8733162284184008,0.3110586211234485,0.009897123814671227,1,Y,D
2.192690465274702,1,0.037721366228798736,0.49482268702897014,0.1600216484269732,0,Y,D
0.3907005903565567,1,0.9467855467895064,0.5684791628388248,0.7217415917181798,0,Z,E
3.4455130934806735,1,0.38898478523437197,0.8213630021796574,0.14435832612250366,0,X,A
0.005898860774265123,1,0.10647393704665986,0.07051509376179921,0.38667542408037625,1,Y,D
0.5616917989857979,1,0.5911553327698914,0.09081691653500679,0.6007686639500419,1,Y,C
0.35607878993201847,1,0.5907095579352691,0.9419782713938262,0.5465543491781637,0,Z,B
1.070586006356611,1,0.9091495093265075,0.7505924240883692,0.6662713137337993,0,X,D
0.23941530708468314,1,0.22959475699344734,0.6903442745565531,0.13387845262691744,1,Y,E
3.120068906346798,1,0.6187377668665693,0.263371507338081,0.8948757613821314,1,Y,D
0.008667192075740335,1,0.5506204780170673,0.20496218623990514,0.02116150450200205,1,Z,D
1.089215604979362,1,0.913748475716252,0.15770308882984596,0.21996053790343428,0,X,B
2.0847637061432116,1,0.691852454707744,0.8057231614926392,0.6043953830879993,0,Y,B
0.10628374273707711,1,0.5107365477215843,0.8947506331574527,0.12839701726677122,0,Y,D
0.3658002031458102,1,0.9064298592540748,0.05511447339565856,0.5300136873526492,1,X,B
0.6468070262979037,1,0.7507822855413819,0.8823442027079699,0.9322215051275011,0,Z,C
0.886258411685582,1,0.8217142276935737,0.9402416580537724,0.5525904144577749,0,X,D
0.5725641665471844,1,0.26866971049176047,0.645121575061721,0.9715167048187663,0,X,A
0.7016359943627758,1,0.06264144224352108,0.5979647150131514,0.7017112188902161,0,Z,A
1.910503328015424,1,0.8820577323012468,0.9812518471767692,0.1775629148409965,1,Z,D
0.11508834040307966,1,0.6659913586539339,0.07976476374195651,0.31914989712987696,1,X,A
0.28856612372418394,1,0.16118571197591847,0.7489792939208008,0.039137365365135124,0,Z,A
1.6011976116850644,1,0.7912638458890914,0.47754710775522957,0.5039111982002583,0,Y,D
0.2972453453433687,1,0.289923374313681,0.5997460893028311,0.8435886027376613,1,Z,E
1.3481331278914879,1,0.5149511460126028,0.886198303902175,0.44041121460283406,0,X,E
0.6404772831155418,1,0.7325821873882277,0.8027978081533984,0.46457555614259827,0,X,A
0.004439542536593801,1,0.5450060994629391,0.1711940877546445,0.8836868841018846,0,Y,C
0.7404565900338331,1,0.16819344248380474,0.618508371069426,0.820665307826714,1,Y,B
1.3548070947351836,1,0.9233493985601724,0.4266954775917192,0.11717105775449743,1,Y,C
0.5097496104374888,1,0.5596677821063808,0.8492639937915166,0.5422096641474843,0,Y,D
0.9094527263969745,1,0.339870447733168,0.10568555280364067,0.5156992172180188,0,X,B
0.45885146168077834,1,0.3288582206820049,0.8465054225086389,0.4675341695254398,0,X,E
1.6507876849251704,1,0.8553071072620154,0.9018938657727978,0.1635158774410843,0,Y,C
0.5861058239556145,1,0.023692451840449213,0.13451280693477918,0.3503336723005772,1,Z,B
1.4675270762230601,0,0.23099483633242324,0.21047013586869512,0.004355873087355633,0,Z,A
0.8655555023277755,0,0.06846383094311903,0.1177381625575864,0.8448027944458376,0,Z,D
1.093092413856856,0,0.11715042509895601,0.8646136749952458,0.044443960151724804,0,Z,A
0.38339910129585303,0,0.894613772156536,0.2958619828410668,0.21141891312621164,1,Y,D
0.11604275779367892,0,0.06657362274936351,0.5993063616906688,0.4424815213359309,0,Y,C
0.8594562138449884,0,0.8981879200517195,0.6550993807786223,0.36321368370893936,0,Z,D
1.7096648577481055,0,0.6827768479603129,0.8648447544296032,0.7900225071172104,1,Y,D
1.9382007690663392,0,0.14836129700638,0.5095065655535059,0.17651521647377066,1,Z,C
1.3410628451396178,0,0.7210405915618149,0.6200730596864353,0.6976846267433426,1,Z,D
1.3805932160334222,0,0.9838400871330769,0.8302605557975261,0.11770049222804513,1,Y,A
2.216109411988882,1,0.580839949126518,0.7639309571867327,0.6813540482143156,0,X,C
0.585451747368329,1,0.06357068115995801,0.4838685903445692,0.42272241256665677,0,Z,C
0.31777922383571033,1,0.00819212948973913,0.759375714455842,0.09653605624538408,1,Y,D
2.8388990622154093,1,0.9612354498429194,0.2780650313214774,0.02603046404417697,1,Z,A
1.9167873906433446,1,0.1430889698030411,0.9291394505113901,0.41951921941167114,1,Y,E
1.641019239425057,1,0.5455112086245408,0.04762327032044922,0.010898429228087148,0,Y,B
0.8903566348844808,1,0.16901372995924546,0.70390559019489,0.7218507330526309,1,Y,D
0.09277893697268276,1,0.0240308245837062,0.15562867624238141,0.6842582505057723,0,X,B
0.2281306143730919,1,0.39643192582374454,0.597414715413941,0.8535851095502078,0,Y,E
0.868270516169631,1,0.2504604628867044,0.21565259941548842,0.41121727589413326,0,Y,C
1.7476712822216838,1,0.647931839454894,0.45435003982182387,0.31536696305625533,1,X,B
0.11144688796516992,1,0.7616265426928681,0.7778556758664212,0.8411630686017991,1,Z,E
1.41212242905074,1,0.2703628475119493,0.9444345221896124,0.6566616315234166,0,Y,B
4.905058063505054,1,0.9987994748497286,0.4327670530476986,0.4657011471243432,0,Z,D
0.4498359441968206,1,0.24119416685266626,0.9372856246627994,0.27856837320659755,0,Z,E
0.547738340389571,1,0.3487615123839465,0.07705220564553683,0.10610736753284133,0,Y,E
0.4064833312826315,1,0.5658377259503485,0.27858921040630646,0.6554658926235208,0,X,B
4.350645377642984,1,0.9574460129055619,0.31266714247161276,0.37397988484447864,1,Y,B
0.06934246756425957,1,0.3202370833199487,0.3812456638409184,0.12393544228351772,0,Z,C
1.3999419029302949,1,0.2545286160893663,0.01919283588216847,0.23231089851082498,1,X,D
0.8034937400871439,1,0.8825066433251627,0.6134742772544935,0.9454836136462901,0,Y,C
0.41083251458810455,1,0.9306327746990524,0.8127920303947926,0.39698601853437043,1,X,B
0.1962095406253345,1,0.7993795576430615,0.6568544617470812,0.2362039703413421,1,X,C
0.3649148227796971,1,0.3470369407657322,0.5503551616561212,0.7909434265097184,1,Z,C
0.20196204618578356,1,0.8014396116228963,0.17707734558654353,0.9831699851400723,1,Z,D
0.366538017193794,1,0.7426000719323202,0.9808110632092655,0.048315813051358014,1,Y,E
2.388310918332592,1,0.7495689587960788,0.4067131802126964,0.6142983712305963,1,Y,E
0.31205904210787927,1,0.8969261201917399,0.7050571723392777,0.21264332518316043,1,X,B
4.044220053275335,1,0.9375602065016345,0.42231298854060295,0.48614603205882545,0,Y,E
0.5326384827734405,1,0.07933161767202401,0.7136565020109362,0.5581405510378838,1,Y,C
0.6029471202814113,1,0.8746532482812772,0.5826829998736857,0.8237046080907016,0,X,E
0.2657193306068551,1,0.4377445951444816,0.569407654461328,0.1874348585086708,1,Y,B
1.1634616612675988,1,0.4742160177563143,0.4677920995165882,0.004012717138704991,0,Y,B
1.4944745824425958,1,0.8482630428440052,0.826436895674635,0.524019570334255,0,Z,B
0.9776032922000358,1,0.07985090548279905,0.4182095624947465,0.28475412038687087,1,X,D
0.5946627197309555,1,0.255594957897441,0.6921988119849587,0.2003498871602788,1,Z,D
0.21995233847542872,1,0.591269572262694,0.35755496770553863,0.0076573459022919454,1,Y,B
1.0407200946888966,1,0.7205147229347045,0.751558011272884,0.8828825662673858,1,Z,D
1.547750424645368,1,0.03669995819998406,0.24972811249065419,0.9870101806730627,1,Y,D
0.15253290211838574,1,0.17263962403096866,0.5736943941278075,0.3418078642403115,1,Z,B
0.19458489894925166,1,0.5966731150065782,0.7676886163271452,0.761108129008166,1,Z,B
2.2333665714214024,1,0.5838330076775305,0.9189494704346834,0.22929295329655064,0,Z,A
1.2311609861638277,1,0.7003810386815837,0.5280401669072367,0.5286296686000169,1,Y,D
3.0499078247135802,1,0.7527650979902808,0.2091286433098951,0.09040194710900629,0,Y,C
0.0038445534649145774,1,0.4174952505720616,0.278007636496468,0.35603553757311146,1,Z,A
0.9709605471243108,1,0.5146065276088678,0.6195088878063193,0.09376170412825557,1,X,B
1.2493159008824708,1,0.7094887972541691,0.7199707663888323,0.821846600441314,1,Z,B
0.2335361547777093,1,0.07825993834935951,0.26092454258542985,0.4164075376719376,0,Y,A
0.015408112959706607,1,0.16646299191774316,0.19889359592751754,0.8652689726490186,0,X,C
0.14401297817507702,1,0.6383481614589918,0.2893584168011425,0.1308103811593717,1,X,D
2.1196135766423954,1,0.6729536081520682,0.2547698601044205,0.9738860379239689,1,Y,C
0.020453459857955436,1,0.8890376292882394,0.22606862595920674,0.009112445295368143,0,Y,E
1.7676566655512047,1,0.5919058451397119,0.9603127470241488,0.859829707812518,0,Z,C
0.008771415523289769,1,0.5814494896366807,0.8678985883034808,0.010338193865017664,0,Z,B
0.04152403807417254,1,0.043306884005899327,0.32634799048740026,0.24197816830909624,1,Z,C
0.03017367120348951,1,0.2541595516979792,0.010588193670411639,0.42957407316529295,1,X,E
1.382196505415445,1,0.7864439365547844,0.38576334354128927,0.4901611074703731,1,X,C
0.29589296009791105,1,0.9972292016080131,0.05326691210940715,0.27458266277512766,0,X,A
1.9631947785796071,1,0.05298150992931283,0.04011366875723055,0.8626904147398212,0,Z,E
0.33247885332661054,1,0.924273306677352,0.5962632665527235,0.6383039452463806,0,Y,E
0.5482595573878298,1,0.04547597837408457,0.7175468647341313,0.4584358263269367,0,X,B
0.6237417286413851,1,0.41083951980646416,0.2879852712941986,0.4293705179169591,1,X,C
0.0001488109916756501,1,0.46624331079986225,0.3526057510605968,0.5937782986247532,1,Y,C
2.283821796505744,1,0.8400923355079104,0.4511085775665523,0.7482700366205053,0,Y,E
0.0344923958261319,1,0.5357531947313027,0.7625492608755764,0.7618571227368756,0,Z,C
0.05872978870379171,1,0.1974339891334681,0.4488551178743978,0.7333844940686655,0,X,D
1.2529394276231913,1,0.9726002303496449,0.39286368247488557,0.9435929270789893,1,X,C
0.0522403911187744,1,0.9763316868311788,0.0161659322061255,0.13275439390944366,1,Y,B
0.16771616002371886,1,0.1934233775463038,0.642500043238326,0.04050092073792855,0,X,B
1.1191275496332205,1,0.25984940907155996,0.9466025430907249,0.13447343432806824,0,X,D
1.3931832348942237,1,0.6265021618230482,0.5452693047290896,0.5848229406581419,0,Y,B
0.23733133688120586,1,0.766732171297327,0.6104394735315308,0.0520880357467719,1,Z,D
0.7002734363314533,1,0.7516691573446435,0.07577823800406325,0.6159781934338043,0,Y,E
0.09452595196273161,1,0.46593849998038295,0.7844757213735186,0.4447199816488938,1,Y,D
0.2562556822046842,1,0.08942131088909966,0.5791118195864098,0.5549122289457061,1,Y,D
0.16136427862432623,1,0.023531375763935714,0.17880968526831642,0.6084370822305328,0,Y,C
0.21529031784454614,1,0.17844777773604525,0.8280144424968588,0.20942354372001382,0,X,E
0.13580898716787346,1,0.9344436375873367,0.29401486767053986,0.47102319967039974,0,Z,D
0.07133607240998872,1,0.08943054670875716,0.5606864131501554,0.7268572261292976,0,X,C
0.6654184883149062,1,0.04166728089933425,0.4264907748857609,0.8930516211541466,0,Z,A
0.31790802497240744,1,0.8167708787298703,0.43750593507292157,0.7664433362987563,1,Z,D
0.06775852871296603,1,0.41539874464274473,0.5334691500960846,0.8788265201533132,1,Y,D
1.5918152993382468,1,0.836440146963109,0.894705783052402,0.08013992036437179,0,X,D
0.15900812036111678,1,0.4504001299879985,0.5928568032140954,0.6752522464208679,0,Y,A
0.5021255695966749,1,0.33387674155924785,0.9435237491501668,0.8222479903080966,0,Y,E
1.5599246630911652,1,0.012355535278908869,0.040177411849847244,0.6800546748983195,0,Y,C
0.0718215994595615,1,0.26124269574933956,0.9289031790460784,0.9211206490107351,0,Y,D
1.1246215585761508,1,0.3315286902515969,0.4413823581161772,0.8751497794043752,0,Z,C
0.23872504600779032,1,0.5775292942531306,0.5873418462435949,0.7823239043120928,0,X,A
0.642743635722585,1,0.4720641291404113,0.9219058496153365,0.6856438763515472,1,Y,C
6.000922782662638,0,0.7007448928131182,0.7751948474053868,0.8255830351055817,0,Y,E
5.338436730976157,0,0.7283906700081961,0.711990916900092,0.7671252313641874,0,Y,A
1.414082939243536,0,0.9116525505261882,0.529006810644962,0.7354094576251735,1,Y,B
1.6329371958246506,0,0.5357644003797287,0.4172423563065367,0.5975441256246671,0,Y,A
2.0024303675694393,0,0.18542695731412118,0.4264957451513194,0.7971349269273078,1,Y,B
0.15054258951092594,0,0.9526191917362881,0.39067232546781927,0.8230920961791462,0,Z,C
6.138884610082148,0,0.03329020501132218,0.03576196124214248,0.35875507710050125,0,Z,A
3.5390953873510753,0,0.6359777314333913,0.020739842327070157,0.4022351979483082,0,Z,B
4.480507334764968,0,0.2939084699437916,0.8918466553867758,0.04868200648918364,1,Y,A
2.8177115108268946,0,0.853055413990685,0.9112337813188908,0.3787191424067332,0,Y,E
2.905277892519245,1,0.6907401399051113,0.5197611239640231,0.32287699533596237,1,Y,A
0.33058297984739776,1,0.4504979702905929,0.9689163543699072,0.7288151177304539,0,X,E
0.27508781559589357,1,0.8222600577104439,0.8088252775212591,0.10267238555162927,0,X,A
0.39910377346170334,1,0.16582663022749422,0.974460205219914,0.6823152511280491,1,Y,B
0.10227578822860625,1,0.3133004844667501,0.909337344766331,0.3787463783269619,1,Z,E
0.43579195340886223,1,0.37992468690155734,0.8692896958739085,0.6694747293114223,1,Z,B
0.36851496626017927,1,0.7096838695717703,0.9112253526225488,0.8355190706608214,1,X,D
0.7111946540357567,1,0.26571052889453795,0.878153642606192,0.18522596972993,1,Z,A
0.06566432088462075,1,0.6098020241833295,0.48559123107794755,0.20329416741159545,0,X,B
0.2239194964692963,1,0.7281169629728229,0.3417504034802865,0.690256142477105,1,X,C
0.5605166433458153,1,0.4017348179435726,0.27691342919136075,0.8973471831314477,0,Z,E
0.9894371200103983,1,0.1594504850714319,0.2540920016191973,0.6649882951277948,1,Z,A
0.18796678422564342,1,0.018151309454754072,0.9589359130399506,0.40721899984657994,1,Z,B
0.9541281722265608,1,0.6598010855484926,0.14654109795076775,0.32467900903890445,0,Y,B
2.187960831217649,1,0.5744458799544264,0.8278038457780638,0.77382264678795,1,Z,B
0.13452358297345562,1,0.5286338499948277,0.0881945287694702,0.6200365480660641,1,X,C
0.15715286635672795,1,0.6408002916790602,0.20535938964945177,0.4090456677679225,1,X,D
0.15824252302687758,1,0.3013401696893405,0.8944085079420647,0.7850167237425321,0,X,A
0.08679413603231403,1,0.9280138369359902,0.05832180445286872,0.46696404500872624,0,Z,B
0.11013043734371293,1,0.6793958459463142,0.30180214832202124,0.770529790315083,0,X,E
2.3020841550435627,1,0.5741401202900166,0.7936879070296694,0.6575416762215405,0,X,B
1.2385579694909394,1,0.9964947310762342,0.3381694731786028,0.0316265028928403,0,Y,C
0.0302612598457702,1,0.028827999141056604,0.83171849122143,0.821630856349398,1,Y,B
2.128263053641729,1,0.7762359693210417,0.09149420804445552,0.05985481720779151,1,Z,D
5.066740121327148,1,0.7413432160416503,0.6251070013968948,0.4531302878888893,0,Z,A
0.5784678668619944,1,0.462733197705658,0.5443837789986576,0.521737773133685,0,X,D
0.625760073022465,1,0.1980524456066347,0.8470649398918338,0.9997586995070045,0,X,C
0.19875550620023968,1,0.24159335109875668,0.9609032148863798,0.511123368719379,0,Y,D
0.47937154479190786,1,0.11703555307116009,0.23376153051805848,0.21848338401331968,0,X,D
1.2638770832084167,1,0.8571250260370572,0.39992198854799055,0.9652909509764921,0,Y,B
2.307519993806388,1,0.7933640962479924,0.7750299904018714,0.7493783602242646,1,X,B
2.331211423963794,1,0.8796602447904813,0.024668284929649897,0.7016712967152894,1,Z,D
0.0009949809116481798,1,0.31149196960862235,0.1074514548299853,0.19034827185208392,1,Z,E
2.053945634338814,1,0.8981828787957434,0.3142195984233498,0.2750346031987272,1,Y,C
2.525002610760513,1,0.46966828512980274,0.38994624186553384,0.16506329702465083,0,Z,B
0.16755543390037525,1,0.8148273329619935,0.5426407109521967,0.15834599332195354,1,Z,D
1.3764886031302044,1,0.5923886456504794,0.7294560817415463,0.18406565355808646,0,X,B
0.7156054493679784,1,0.6734385461180417,0.6664084053627062,0.9554592402839872,0,X,C
3.0227509013940033,1,0.6140169841384208,0.1347790811103412,0.5790609344952024,0,Y,A
0.05205517109498892,1,0.061007249428110644,0.5580403047324912,0.08583755788333558,1,X,B
0.0972836387990871,1,0.3728544022684661,0.972123658478877,0.3817359363415097,1,Z,A
3.322759394882762,1,0.259068677318006,0.17619861249421886,0.7602181808357822,0,X,D
0.10746059978543229,1,0.26537983204493565,0.512419680949899,0.5541041647950855,0,Y,C
4.2906377015755846,1,0.5381236154591206,0.007292975933861245,0.5981001762651559,0,Y,D
0.3796941055132708,1,0.22586245133378635,0.05909354866137351,0.06454604805679964,1,X,B
0.8775414233646053,1,0.015879964398644142,0.5727518539006408,0.24850268222138694,0,Z,C
0.479392479053955,1,0.06823169284056563,0.12312988649264978,0.963184016025922,1,Z,D
0.410997152170282,1,0.05421557618034867,0.24682916542759403,0.2547637567655504,0,Y,E
0.6735836965047679,1,0.24221192647473555,0.1248219073769331,0.8403362620394056,1,Y,A
1.0660065056729002,1,0.39902648201632207,0.167701843110162,0.8467553967930689,0,Z,B
1.645518811761912,1,0.6119416823583778,0.2074963405242891,0.6739923275007049,1,Z,D
0.7282993492613664,1,0.2749043424547979,0.6324480666772062,0.721953912942676,0,Z,E
0.22476753498582808,1,0.5708836471389112,0.45831298518517016,0.18701180711442744,0,Y,E
1.195963022515886,1,0.014911101443711883,0.3885359734591691,0.3024242780657015,0,X,B
0.2748436017652892,1,0.31887394140913794,0.5413661789222571,0.5575295126413468,1,Y,A
0.97732037604281,1,0.5953177356160552,0.7005604642473183,0.7090066121925469,0,X,C
0.3106904748806885,1,0.35967688682922294,0.9360862658648197,0.9376622040927023,1,Z,D
0.44803041940756366,1,0.1446024078391822,0.32297179123081454,0.09308187596057227,0,X,B
1.9359599928753375,1,0.2895124968267594,0.634267813109064,0.4767063988721366,1,X,C
0.0490707936442128,1,0.23994286312557211,0.6606245477477944,0.7435256251882065,0,X,C
0.20233395481384325,1,0.15343698852820264,0.6813348560446744,0.8764245625375003,0,Z,A
0.019440401422651094,1,0.6467928897398421,0.29930207533573217,0.15529005642982452,1,X,D
0.85136897679529,1,0.18440047380436853,0.026390348288810594,0.4365425374402403,0,Y,A
0.15118806756410066,1,0.5902930341955566,0.7443960658060066,0.25500091657116,0,X,B
1.7645535413658728,1,0.8414408587988933,0.061042081706416784,0.7296564387716171,0,X,C
0.19376478625248533,1,0.26121550629021617,0.8744700600380241,0.6276624812940637,1,Y,E
1.9827071263065308,1,0.4351125573063803,0.7263446889434579,0.2740673344687301,1,X,B
0.012400558755603305,1,0.31862112908891715,0.24645143217464283,0.5068489082943749,1,X,A
0.474356911528045,1,0.049630167084317556,0.5260022400088861,0.882798978295773,0,X,C
0.6801973151340058,1,0.04656359892065476,0.056091751895181896,0.2961131932720248,0,Z,A
0.8465897439208157,1,0.6105862333824068,0.46806970727236274,0.7245252394530742,1,Y,E
1.3528156973692635,1,0.36929048510661855,0.6144534400918208,0.42193627681996415,1,Z,E
0.08313785268391534,1,0.7109438465957971,0.6666297537301024,0.36199381371123185,0,Z,B
0.49245525076171065,1,0.7778966767557979,0.6627896797498986,0.1077397905186036,0,Y,E
0.038224292265253305,1,0.4205159429566001,0.6908435526164515,0.28776752432389685,1,Z,D
0.4130503002982925,1,0.73263133953851,0.5614818383383665,0.23945838029743283,1,Z,B
0.8317527678421885,1,0.8541853703556999,0.4800442991740259,0.5437509273436287,0,Z,E
1.145942975734396,1,0.663961422591401,0.022799214569070636,0.0916673906694142,0,Y,A
0.8970571266923063,1,0.2888516653474853,0.668509588163353,0.538903935933855,1,Y,D
0.16239743702637408,1,0.49408926358889416,0.9914078791405129,0.5862559086158244,0,Z,A
0.19495448797346393,1,0.47438449120976234,0.5863414986496173,0.9829161484583648,0,Y,D
0.003025433249993484,1,0.16922113421636842,0.24398422542937026,0.6310596765215446,1,X,B
0.04992787698469545,1,0.2961633478155068,0.3213797152532619,0.5634862961726698,1,Z,C
0.00041042787710997503,1,0.5642302969186065,0.19977307112449272,0.02151176687839762,1,Z,E
1.3402005155194825,1,0.6711455379210627,0.25250045180302594,0.2696077435721411,1,Z,E
1.00702062726675,1,0.6984799432984354,0.8032118585266766,0.7528173461391554,1,X,C
0.34839402489920795,1,0.1740542711015992,0.8599898268835948,0.7340280641264866,1,Z,C
0.6268718815622697,1,0.3235113519164734,0.30175874215692544,0.09769058501611638,1,Y,B
2.492064183941501,1,0.9294857995844574,0.35661674193852977,0.5084502542399971,1,X,E
0.2827838473939492,1,0.013817943095863372,0.31477163614631565,0.4048339043871033,1,Y,D
0.20696020206373883,0,0.6203815766324372,0.6759049624364477,0.41158573227838313,0,Y,E
0.3698607724082336,0,0.6734046790803768,0.18974946410785964,0.45024215998916184,1,Z,C
0.5424592514488191,0,0.5875293802077373,0.92195412953354,0.9388125694817976,0,Y,A
0.5010202804168175,0,0.298643999756553,0.9959847483350756,0.507214087806985,0,X,D
0.5487542749394386,0,0.7002360541189336,0.7642358415509528,0.8052721078773274,0,Z,C
2.387553549483103,0,0.7600942673153988,0.622376864208374,0.7180733317370577,0,X,E
6.311007211722227,0,0.6680066889855648,0.39430377688964247,0.4224302292285247,0,Y,A
0.35287252405913555,0,0.4489644603694115,0.7675424356420373,0.4234330717312639,0,Z,B
1.271156846022177,0,0.2842578349736955,0.2413337994982817,0.2948501278256289,0,X,B
0.32930782906733835,0,0.39649553851281394,0.6763148948931773,0.502908029377828,0,X,E
0.7152669866241415,1,0.3333071672552135,0.4231978535818902,0.9889300012587104,0,Y,C
1.2257160858878897,1,0.8953236829938963,0.9347049510095637,0.9403882921155942,1,Z,B
0.2429091376353115,1,0.7920481686326298,0.8240118274038353,0.5274638464066219,0,Y,B
2.140096794431735,1,0.8811753502087473,0.24487823292099542,0.8277325843112382,0,Z,D
2.0271840487276407,1,0.7704083430233933,0.1686676867074678,0.1764736385126794,0,Y,A
0.19050971234232755,1,0.7487788404076832,0.8333840329160778,0.26261608198568087,0,Z,A
0.13754914639265556,1,0.05627063374157448,0.2641139791444139,0.1732818093971502,1,X,B
1.0800177588793904,1,0.10568038275374925,0.27646448615723496,0.4454356592187808,0,Y,B
0.4244728159935474,1,0.639670318673328,0.7648732413971768,0.16734908259337478,0,X,E
5.739219643146616,1,0.7776548263779185,0.05457207855257229,0.4013719292517094,0,Y,A
0.38999212283011886,1,0.6132673666169703,0.949872432727332,0.14526028792714407,1,X,E
0.7670160059306566,1,0.939009965151357,0.6051561929757044,0.21684587364660612,1,Z,E
0.03861759099161028,1,0.9139012337369375,0.4809502983185969,0.5060076620107905,1,Y,C
0.28147570702406466,1,0.4617982609067679,0.6500545908833388,0.45689257147619544,0,Y,C
5.683804369108207,1,0.7927918931213865,0.6321588350731653,0.8060608816249618,0,X,B
0.2217439759787001,1,0.139584888476452,0.4820421798658827,0.7729874054831595,0,Z,A
0.18877771375361588,1,0.9980422582010939,0.7996403543190973,0.4048470502078939,1,X,B
0.27945641407667654,1,0.5013199037553034,0.61097567670978,0.8333320410267806,0,Y,A
1.8973618541961146,1,0.7979202614345452,0.10862374815481268,0.9521850246435387,1,X,E
1.0527848013760712,1,0.421845340006345,0.3066720147550447,0.9662097932482222,0,Y,C
0.3182441306053762,1,0.25835293083755595,0.5406092337987544,0.9788702541443447,1,X,A
0.5665389175330557,1,0.37092796092234936,0.6512467545421016,0.9881636807559192,0,X,A
0.30727955527486145,1,0.1861449405232577,0.47981833251058115,0.7973436559912782,0,X,C
4.101773975055668,1,0.4640105819744046,0.06977869948912152,0.44948868753962123,0,X,A
0.16845891302005753,1,0.8419212119268811,0.5828790900861901,0.0648307453520226,1,X,C
0.5271048038434425,1,0.05519544274462085,0.815626820785917,0.2466625282589362,1,X,C
0.11836377799912864,1,0.2622401838314805,0.9140254500577422,0.04429936356988584,1,Z,E
2.725092241752399,1,0.9464703809574779,0.14000840395535974,0.7253310928203318,1,Y,E
0.42508864390096024,1,0.6962755604215074,0.6486309879621991,0.8349221514455837,0,Y,C
0.3518922756883921,1,0.7307765629069789,0.8251966918278376,0.28208909204564303,0,X,B
0.8043884196185553,1,0.5047787684418614,0.171935710912678,0.24717047234256728,1,X,C
1.0237732670802704,1,0.7921129433831762,0.5942885680837436,0.2036686355674623,0,Z,E
1.0821989904471752,1,0.544403187185063,0.5541928118491716,0.36910657423913307,0,X,B
0.21442315156425698,1,0.8040752069393853,0.4176206437976452,0.27506002132747776,1,Y,B
4.240062131390372,1,0.022353914775529393,0.1687894010828649,0.49726585529319456,0,Y,A
3.5802799450731007,1,0.5787482502214187,0.7888973829631589,0.08132710383553543,1,Y,D
3.1215041032152575,1,0.9581125572825016,0.9642474677667995,0.15786734233306332,1,Y,A
1.3627996882601292,1,0.09856981664619491,0.4083192294050354,0.34563117862035553,0,Z,A
2.2889179267385713,1,0.9789780766014037,0.6291376797626077,0.04459011306753269,0,Y,E
0.17746733207808754,1,0.15304756463199864,0.7374703496691046,0.9037219177926519,0,X,A
1.1992785858837345,1,0.13141526235966405,0.5846909774577069,0.17343743402722234,1,Z,C
1.1784178059830064,1,0.5367970559147343,0.21275509146492366,0.7492798674568898,1,Y,E
0.9434108736018276,1,0.9327353659315724,0.25944843886041835,0.7591880373592614,0,Z,D
0.00014117879834354863,1,0.2945279524002069,0.1428458873846199,0.15821211919980016,1,Z,D
0.8310455819778131,1,0.03443511255531262,0.8945569885120623,0.06118426299962687,1,X,D
0.9163081944162504,1,0.35446083334942124,0.7690220100019544,0.303204829898023,0,Z,E
1.246824205594082,1,0.5837048653937837,0.2322489159754264,0.012642004587745226,0,Z,D
0.38873580284849996,1,0.18100745255329498,0.6331041892265706,0.5167490083995343,0,X,E
1.3038384663449445,1,0.9682117909298533,0.9835240045641042,0.7099446627974928,1,X,D
0.5603729824683841,1,0.28442675965314024,0.1100348756516748,0.7745924925948191,0,X,C
1.980794849334802,1,0.16647418316644225,0.389014648082076,0.510168584087498,1,Z,D
1.6927773566385007,1,0.24316822053574494,0.28337958169329625,0.8088325182394955,1,X,A
1.0154764643558098,1,0.4857338986468749,0.6775264959584627,0.6646850977739338,1,X,D
0.763033064163285,1,0.12517439577671685,0.8399705208656159,0.1647001734366207,1,Y,A
0.5869067020813069,1,0.6613023902320183,0.38853979301930897,0.08149147741341511,1,Z,D
1.5400206422314053,1,0.4538477276052423,0.8710067866445171,0.15422783488154435,1,X,E
0.003991578928561683,1,0.14549848273557264,0.3764239865435218,0.28344224551082686,1,Z,B
1.4026021477395745,1,0.7924304743671721,0.5562836453450903,0.6648121599960497,1,Y,D
0.3748523577901136,1,0.8955819855893388,0.7626125188832575,0.374311100681332,0,X,C
0.5104746920120756,1,0.3677666180186301,0.3032126802560313,0.8917919945570655,1,Y,A
0.6894041873467011,1,0.49567213643133046,0.8570273534746203,0.6231195357037829,0,X,D
3.8301786801839492,1,0.9590954602833441,0.1654382716254469,0.8691998833650318,1,Y,A
0.03805654416342152,1,0.5231340738636018,0.8010079672977506,0.1337908938599247,0,Z,C
0.1870312793641989,1,0.5769107360334212,0.8658990283341059,0.5751098320177126,0,Y,C
0.8732337456480306,1,0.014942759129632499,0.1812800488788474,0.5036623434177782,0,Z,E
4.184871634088214,1,0.7667998387609067,0.8702218835190897,0.3892762909130518,1,X,B
1.113038964930482,1,0.3452271931027884,0.8976781767472092,0.6432784142775766,1,Y,C
0.15575323717967499,1,0.6266212565114738,0.4127566292717042,0.8698239190381186,0,X,A
1.7260577123385283,1,0.856911582754666,0.9850333268908186,0.09886282639253607,0,X,C
0.01046698905006835,1,0.6271160296523045,0.8219621857449321,0.3186683409098465,0,Z,E
1.2629842159795053,1,0.9964988311274084,0.21195263507864426,0.23662844673698946,0,Y,E
0.0636575397753477,1,0.47648254272458435,0.009366067528861599,0.8625328797623942,0,Y,C
0.41476357345411907,1,0.368384374426293,0.9628384358677612,0.5871374907970532,0,Z,D
0.12129472158818914,1,0.4855679894208059,0.41037654909129717,0.1855159493220394,1,Y,C
0.5201374497704857,1,0.9107102238221432,0.8794208007940406,0.6302324719347765,0,X,E
1.0033495041426774,1,0.5470291711321077,0.6744075213851609,0.480861102231105,1,Z,B
0.7364548681994848,1,0.6864010593301322,0.3076403438932822,0.4830569072059624,0,Y,A
0.1454128894363528,1,0.8729273980730881,0.8522635620689394,0.8575601998689475,1,Y,D
0.42367847097159145,1,0.8287254045553147,0.27818571371874967,0.4785742370046159,0,Z,A
0.06636237217363765,1,0.5424740465126756,0.7048206076902137,0.5368840515279478,1,Y,A
0.6391574076223595,1,0.4322908285050928,0.8543488815190258,0.7462764203629265,1,X,A
0.9345571939469476,1,0.39357742004698026,0.6727930247059207,0.03633552725637201,1,Y,B
1.1747720060506035,1,0.5049392117698466,0.9504620439235731,0.7176913317092161,1,Y,B
2.54725298215986,1,0.814108971487328,0.576171137369704,0.9323850663128032,0,Y,D
0.019623229833428655,1,0.28179932835453003,0.23942627467449917,0.9795627335572498,0,X,B
0.6594785655222584,1,0.06807057871852873,0.8061881466867814,0.9908536174077691,1,X,D
4.900165270508902,1,0.7021260067435495,0.37725704570302554,0.33540814643564976,0,Z,B
0.08739059824898161,1,0.3793774287173667,0.5037444746325693,0.6790284315387587,0,Z,E
1.1731634847563148e-06,1,0.21861083958320815,0.2780095316954211,0.5494826621221834,1,Y,C
0.5254091871013012,1,0.645167186570284,0.8161024752646882,0.8412324465982635,0,Y,C
5.144104699844061,0,0.905000305557777,0.9691883631651756,0.04446980030776049,0,Y,E
0.3575754195526459,0,0.71054866249367,0.6076346293997624,0.298953496284163,1,Y,C
0.2789661030481657,0,0.7399007622726068,0.2807164061709069,0.8093790889840782,1,X,D
1.8782777934049415,0,0.7357780182206447,0.6290292538363851,0.33958000567427493,0,Y,A
0.38185506369855304,0,0.28346800739699607,0.17703278902866937,0.18073485863917915,1,Y,E
0.5609874493293686,0,0.21404785832194118,0.5053746803317116,0.3821327907862292,1,Y,B
0.8182687377420527,0,0.7546161570853629,0.6406602121935968,0.8967347079533515,1,Z,C
0.07979518363122817,0,0.1392872422638738,0.553722498843959,0.2664262480984779,1,Z,A
2.772002093336183,0,0.9263364158155795,0.2420464898919612,0.13944479130104692,0,X,C
2.4343044237112585,0,0.034083291023715656,0.3103775280653246,0.96785339090439,0,X,E
0.45384745620324485,1,0.4056722335569083,0.2103964503692931,0.5909006011870874,0,Z,C
0.5186824030110135,1,0.19663789957223898,0.5555022862333542,0.9119668672577246,1,Z,D
1.2612521133760797,1,0.8767981676761691,0.6198116304486823,0.37487476097666816,1,Y,A
1.5772057792249703,1,0.6308435537160141,0.7230673619253912,0.3019927908249247,1,X,E
0.4015192891330343,1,0.289459110988877,0.8658313709489169,0.6747270915477621,1,Y,E
0.241150826940703,1,0.32228580888822667,0.16526930804650997,0.2938569462200886,0,X,D
0.34345138108913215,1,0.34999260468861315,0.6935551530965535,0.20341812961230665,1,Y,B
0.06458509661654796,1,0.27770636691735784,0.3910626167275113,0.46623612114711965,1,X,B
0.9242607577435127,1,0.38384852293572147,0.27342080278922,0.8855828256210853,1,X,E
0.5975725459872382,1,0.22476499480875245,0.31755384036265666,0.9207499153841041,0,Z,B
0.9132744840489095,1,0.665893739664554,0.49206517467107014,0.2883046788554148,0,Z,E
3.4784527164831793,1,0.13553307077816779,0.09993742638391268,0.5005080155778886,0,Z,C
1.0121102399935773,1,0.33029822512212015,0.02740536629076229,0.19159271230787567,1,Z,E
0.3818848872495743,1,0.19250729305803138,0.0737262823971131,0.7245785025102917,0,Y,A
0.17625239156055028,1,0.8749197660332402,0.08291402649912116,0.35678811881142847,0,X,E
0.0059671341329504985,1,0.5878078837589531,0.3292929493187372,0.23626518423597653,1,Z,D
1.6711560930064457,1,0.10221622248446283,0.16658377720034456,0.8735933129383943,1,X,A
0.5396064135937104,1,0.6844229523858201,0.5857919260325738,0.6314883033746317,0,Z,D
1.5118955809474548,1,0.27979557784911224,0.6782922526396805,0.5016367072315855,0,X,A
0.27466652923797763,1,0.3984032570860063,0.7164076451018678,0.11926924702427733,1,X,E
0.4665796258883224,1,0.46206930747934527,0.9258135909744297,0.2645971517183989,1,Y,A
0.29367904925736066,1,0.8121190698238415,0.09788242291910587,0.6582512805314231,1,X,B
0.25817928827211517,1,0.4433798152754297,0.24606580526867416,0.4757889674744733,0,Z,E
0.2205829082955564,1,0.28590239592440037,0.4873441947289856,0.08369231284493794,0,Z,A
0.1463543921714891,1,0.042505205792405465,0.572962004923227,0.7975943654436451,0,X,C
0.7646262572075976,1,0.7282554270446429,0.760993562077382,0.1083873647714505,0,Y,A
0.007978382992256063,1,0.6756274672271625,0.8397387799833006,0.0511678551398681,1,X,E
0.22851876203948404,1,0.2435778355362378,0.6853594075147054,0.5951310528727883,1,X,A
1.2923269063523488,1,0.5512244892889517,0.5882204319884358,0.7062947217408414,1,Z,A
0.361796964985317,1,0.2910540422111787,0.5899503602339783,0.8718889630612886,0,X,D
1.1504515949721257,1,0.00232858481091347,0.5211142927107915,0.19744639364975736,1,Y,E
0.19506017013707475,1,0.247286200729107,0.765511329091676,0.7233631725636441,0,Z,B
1.3642254525531323,1,0.5494045991860561,0.2814319082567509,0.5916911135232978,0,X,D
0.8783665298866667,1,0.9638849484920448,0.0021771606015458245,0.9913607806189801,0,Y,B
0.8656447191824312,1,0.5843828363656867,0.4401665026032717,0.12247334515772812,0,X,C
0.46610550679492174,1,0.7415148715610184,0.8991917001650055,0.6260647869581327,0,X,A
2.3967943209998155,1,0.2421706965584407,0.41834499655595303,0.9333962315456895,1,Z,B
1.0665505965036668,1,0.4060878764077045,0.27479361057654417,0.656205146871208,1,Z,C
3.2874429761928363,1,0.5453948473447535,0.8345173532310662,0.25504522811801167,1,Z,C
0.6611811007270114,1,0.8182588275270183,0.5417589969280784,0.20311072504529426,0,Z,D
0.0002396826641928593,1,0.43159471670940885,0.12471566384845645,0.5913109708876316,1,X,A
1.102953549733841,1,0.29740416772351064,0.8931733783487062,0.8600226619211119,0,Y,D
0.5816289246973321,1,0.15183662782234209,0.7869184334439525,0.6996271291267544,1,Z,E
2.096644073651198,1,0.39499355519445245,0.80351038346886,0.470799147044229,1,X,B
1.0520228244737337,1,0.4049184854303348,0.8063919699959619,0.5388427581533447,1,X,A
0.5445175970319757,1,0.18056711461666353,0.7142623194194601,0.6371283124634014,0,Z,D
1.2151513136501437,1,0.41464261884322806,0.07311182127335647,0.4232795833454508,0,Z,A
0.13613687535744268,1,0.3245051716016213,0.23648890217745244,0.7612680821807745,1,Y,A
0.7750389765294822,1,0.763044427835057,0.2292259798577433,0.5859924472331801,1,X,A
1.4763443115636612,1,0.46133701404102545,0.15002793088487854,0.81610568953161,0,Z,A
0.00134436176391706,1,0.3568288055046954,0.84635571915892,0.3693527707966431,0,Z,B
0.6706299725042634,1,0.30977799556781616,0.033976652042136624,0.3498669363950131,1,Z,A
0.25274322459051146,1,0.17853620128077952,0.7785534831863551,0.49739747936392675,0,Y,D
0.23463910483125744,1,0.34437134626007815,0.4493119169263091,0.034689403764674664,0,Z,B
1.1331593524093,1,0.13764047234461396,0.575761516675578,0.8180733337011779,0,X,D
0.8245652092362852,1,0.5240564962786575,0.9881670197804121,0.6594540831053819,0,Z,A
2.366089774766759,1,0.8719569787186408,0.1829220382548301,0.5034233432475413,1,X,A
0.33364920349608723,1,0.14073722214043538,0.36903879963741415,0.22771086363418047,1,Y,C
2.2689172622949707,1,0.10930134779619327,0.9406204544405916,0.4292904725762917,0,X,D
2.4087240270319343,1,0.813520811996583,0.12894001905155472,0.237858583216647,1,X,A
1.1735044962477639,1,0.777360355375516,0.7242705115882871,0.49933176498178744,0,Z,B
0.7548215248403708,1,0.26116423579915493,0.8641641335441669,0.3598023361071744,1,X,B
0.05944433799078512,1,0.11147912894650436,0.18614587975665908,0.25377103948641544,1,X,A
0.00410745431623318,1,0.46357885613392424,0.277070161608311,0.03289786368358605,1,Z,E
0.04126984104192351,1,0.35348979090586163,0.0017338649330844724,0.9624502166489588,0,X,C
0.4785288362221869,1,0.41990403883673,0.8231987754890988,0.7483109991056841,1,Y,D
0.7933271398823194,1,0.28403355326927326,0.8679726621060824,0.42488046197327844,0,X,D
0.909343291045616,1,0.1983772132433641,0.44610984336151693,0.5292922455894495,1,Z,B
0.9503496075432013,1,0.6816059443198628,0.8658542638293957,0.3364519624890173,1,Y,B
0.6473762535748703,1,0.9495759343135886,0.7409995310695137,0.33192467301562323,0,Z,E
0.05522896617121949,1,0.3444446248208316,0.1647835859722514,0.8223181536429551,0,Y,C
1.7318118731440182,1,0.1819780427673403,0.4688775539141773,0.159392897915417,0,Y,D
5.835909747419414,1,0.9274395544374212,0.43936846740686875,0.5086815563995597,0,Y,A
0.8747000332900001,1,0.850812685605529,0.38295734267449744,0.08764685689167673,0,X,C
3.5485066701599113,1,0.9277846087421999,0.7609645911861768,0.9790349107077081,1,Z,A
0.9616368398513145,1,0.4245396780950321,0.41585583506243184,0.3212179082448655,0,Y,A
0.060370662853564516,1,0.5903252400613352,0.4129785434822165,0.008837486195319766,1,Z,A
0.4196407639457356,1,0.6332632671373815,0.5500962234592324,0.7144967706545572,0,Y,B
0.0044995590156385245,1,0.20352048409633283,0.3385146427809289,0.595374826613392,1,X,D
0.3014626945433695,1,0.3997162947470002,0.5546132143643389,0.9624188668163659,0,Z,B
0.2066778702419803,1,0.557452660159282,0.6044067813887465,0.4136822011896071,1,Y,C
0.5101887045324681,1,0.19342936419293633,0.4849267621765273,0.020352459045983262,0,X,D
1.0950651174408508,1,0.02347763100340694,0.5694722038584035,0.1683216756272814,0,X,C
0.8257174146665747,1,0.3935980298824896,0.9080769159855433,0.21786542722300817,0,X,D
0.5219772639029655,1,0.46459370550195245,0.7056430262379402,0.6045591680781052,1,X,E
1.1914522853066332,1,0.3038036741129848,0.44418850623926,0.9856988729567374,1,Y,B
1.294359438347986,1,0.8370522432216986,0.8615813205927555,0.7508265687979098,1,Y,B
2.0345220879949295,1,0.6253696697889038,0.9518135687062387,0.9187328374665696,0,Z,C
0.22856351057070026,1,0.46170431497277775,0.5313597698499278,0.851588336736666,1,Z,C
0.011333353144956414,1,0.5510646993005598,0.9027475429902707,0.032910762565131924,0,X,E
3.183386015904769,0,0.5700388151287246,0.5367995502723756,0.6385031696924991,0,Y,E
3.345124136057206,0,0.6817052805813135,0.5265095021384812,0.5941911327470343,0,Y,A
6.419225498141267,0,0.5988465034510244,0.8144784273453468,0.8155495970895729,1,Y,A
2.59920116937407,0,0.17378632775824687,0.29124587248915057,0.3018098586934357,0,Z,C
0.3990244971173323,0,0.07316106436062264,0.9477492826877995,0.4821959141821497,1,Z,A
4.7055088013781425,0,0.28260367379638796,0.30468352209284755,0.5151748368357574,0,X,B
0.2922845791665742,0,0.1748232834559239,0.8335403996210707,0.8684501789616667,0,X,A
0.6350878422686972,0,0.8849264668761986,0.34902503510000504,0.984675011986211,1,Y,C
0.11559138949066015,0,0.3594503037498591,0.29959535940710846,0.22521671105720087,0,X,C
2.1696573598055586,0,0.9407506735675646,0.5698172429740503,0.5163986542312905,0,Y,D
1.684789309415145,1,0.7343724882191075,0.12761454110804138,0.3634432084683692,1,X,E
2.9264184458976024,1,0.9782091033434961,0.06286928909022849,0.6549799483004523,1,X,A
1.8131738359734961,1,0.41007215942757547,0.14453619850696908,0.24972429486148284,0,Z,E
1.3333362135427311,1,0.2004638432268241,0.2885619955799441,0.00027289349610770675,0,Y,A
0.3195768548288264,1,0.5536197208086647,0.4518544032040275,0.3946106480743763,1,Z,E
1.1828603186084221,1,0.2182962463250815,0.6650527765935176,0.9351631803554105,0,X,C
0.07607426818166303,1,0.43724399727953733,0.5841419068848906,0.036353997493176804,1,Z,E
0.14065425960903138,1,0.16113382462500958,0.31229488806459094,0.34024961598515724,1,Z,D
0.8916350181975233,1,0.21052813883756938,0.41701154916929406,0.3403238929764594,0,Y,B
0.742156595886767,1,0.8682803682731715,0.17403661809760518,0.6861277547675009,0,X,C
0.7299083074738131,1,0.9776023016788677,0.9370032631921698,0.506086144031148,0,Y,E
1.112723138594903,1,0.8815875773684363,0.0925161638519928,0.9462696691977288,1,Z,E
1.6371575900190365,1,0.7453098080672436,0.8979786803774803,0.2006537546982653,0,Y,E
0.30395687374770813,1,0.4930335066361493,0.1903214738706338,0.3254716087454008,1,Y,C
1.0116053539914645,1,0.3639007944865885,0.4992744595155588,0.46453821407577844,0,Y,E
1.2495899459757078,1,0.5029821052683816,0.4673186652550848,0.8106966636649721,0,Y,B
1.2708769074469666,1,0.011747853316552814,0.39747522364218957,0.14467557814950094,0,X,C
1.50531363107279,1,0.6988057248240239,0.43008129487683566,0.5070778147088477,0,Z,E
0.6631441687958051,1,0.08420400174093345,0.684513322631504,0.7683554062029951,0,Z,E
2.389997972343591,1,0.9232927604376753,0.2726733627643343,0.03603759382493188,0,Z,A
1.24180573973034,1,0.35869591448893456,0.413729114714683,0.5815150069398457,0,Z,B
0.29304802233719507,1,0.8467061098064211,0.7630598797877625,0.12784250260998042,0,X,D
2.843084642406964,1,0.26915388304798293,0.06409961558269284,0.5004185384037756,0,Z,D
1.4854140678675114,1,0.222667191321839,0.6833272882033388,0.3884534499071811,0,Z,B
1.5110729612554503,1,0.31301846450817705,0.23620072810982196,0.40964113636177846,0,X,B
0.3863415246490859,1,0.35317094438281027,0.7198511848207776,0.2804528637586631,0,Y,A
0.017542067070449884,1,0.9875240040674717,0.4830748354362179,0.3372497293397383,0,X,E
0.49290650582260087,1,0.5666734770942722,0.9853654961355325,0.5085381189061393,0,Y,A
0.23378643162074544,1,0.4843858220044439,0.9302527179794767,0.7665204515005086,1,Y,E
0.20107704862358708,1,0.3249297025583543,0.6934062933766585,0.9816814918343376,0,Y,D
0.13870934136256852,1,0.5344430902315886,0.663848820237099,0.9387273864046642,0,Z,A
0.33786277644705565,1,0.3739784971986021,0.7724146785268231,0.18400519158525774,1,Y,B
0.05716517854131102,1,0.23465630351447342,0.6547863446557293,0.8355287169650097,0,Z,D
0.7972001842988315,1,0.3646530657301795,0.22402304967015396,0.5726642998921146,1,Y,C
1.6093381267247195,1,0.6503311920913151,0.6573771863705734,0.8449803160768669,0,X,A
0.4581444739013663,1,0.7442153252180883,0.3569893050800865,0.20971657719440862,1,X,E
0.4886931740873643,1,0.331201049161323,0.816842645259395,0.3392002420644563,0,Y,B
0.23597295011475572,1,0.473548393303739,0.17356898624793127,0.8426264370392211,1,Y,B
1.0688458644668015,1,0.8603499728540164,0.6423456626019797,0.9740481115981807,0,Y,D
2.365944623601997,1,0.07678745606389115,0.34237610805402374,0.7631101409591391,1,Z,C
0.35826546538338766,1,0.6981992474179952,0.6076463083802623,0.6252207289551158,1,X,C
0.07276228786364526,1,0.2985753977881862,0.3988356818509696,0.11732003933281065,1,X,E
2.4788957674369247,1,0.7097896473533393,0.22017512161426012,0.23524275848744636,0,Z,C
0.6812083029921215,1,0.3299850181739915,0.44388727137187334,0.08177655960587493,1,Z,A
0.4833222932899173,1,0.16216839268473882,0.8123106269754724,0.7018710124188019,0,Y,A
4.353189805308373,1,0.46671872701024497,0.15192325080564706,0.792269266069201,0,Z,D
1.2220498007367029,1,0.6989754839084842,0.4333962286947448,0.9657438674260245,0,X,B
0.14069128400989853,1,0.522118556504667,0.7837222480065641,0.9478844868751948,1,Y,D
0.43691781700716054,1,0.21660615237567682,0.759002570437274,0.7966707489127516,1,X,D
1.4808336043915784,1,0.5057941190270272,0.6785165179582221,0.1298998458529853,0,Z,E
0.39017976421672607,1,0.8483996025208093,0.511297687852244,0.5344206185671064,0,Y,E
1.3429981539931732,1,0.021884074677859355,0.5146164611499235,0.15805080141298034,1,Y,C
3.2742292463607474,1,0.8596453178088116,0.7973292761438512,0.7392848293655923,0,Z,E
1.503436025063209,1,0.8603606918647106,0.19311711361786787,0.9795286531746419,1,Y,B
0.2675945793069059,1,0.046979490561326,0.23972898338217685,0.9746028137698809,1,Y,A
0.5813133670516396,1,0.6700796930015792,0.4549718663447695,0.5528117495705858,1,X,A
0.6944497863258996,1,0.13747225627318882,0.2813067743926393,0.8867013211363358,1,X,E
0.022732035173818416,1,0.5489715101195843,0.9499441365055608,0.4235383526245091,1,Y,B
0.03732788110117649,1,0.5133081064820079,0.33104729457457116,0.22958589257704287,1,Y,B
0.6690207070244992,1,0.6207407148754899,0.9527847355363815,0.7731089622903503,1,Z,D
0.5221226755134118,1,0.7445355364408474,0.633971628471516,0.4605748697162767,0,Y,A
1.0382351137240644,1,0.4321127198214211,0.3753044096850433,0.799376271701339,0,Z,A
1.5114187779424288,1,0.0007944604833322044,0.7422663377567397,0.2720715636272789,1,Y,A
0.9447125356173282,1,0.5585838816951445,0.249534820084914,0.6427236887193697,0,Z,C
0.6308970471642402,1,0.23156828842930266,0.05939064726203469,0.5704700491684783,0,Y,E
0.15755612679554398,1,0.8477934676148806,0.35081007195680947,0.5347583585731106,1,Z,C
0.07158412592408626,1,0.7172604169069423,0.6878698958171864,0.08277477885899465,0,X,E
1.7869200891194723,1,0.22927823935975167,0.1693327878290808,0.5515012037564166,0,X,E
0.6710434516533424,1,0.04079526361089103,0.6011040389532311,0.7147077243771175,0,Z,A
0.9453882941551833,1,0.9862239504982737,0.41823084937564736,0.15110134881093673,1,Z,E
0.9150241279861471,1,0.00446515675015835,0.6024200078209883,0.727445097483502,1,Y,D
0.7507530941929326,1,0.06931324390131621,0.7973082673447701,0.7535942513301498,1,X,B
0.9850322498403754,1,0.2768104357473544,0.7088072598444868,0.9200671681011998,1,Y,A
3.3893636600987698,1,0.3885295102498244,0.6493909122741112,0.23482527094126604,0,Y,A
0.4418798509236934,1,0.6075171247983412,0.44920206777076943,0.21688991337157737,0,Y,B
0.045653204976774636,1,0.36834510195681835,0.43966262369570663,0.2327179974385395,1,Z,C
0.014535789155777952,1,0.5282148720278165,0.9981670762523766,0.6295465524722749,1,X,A
0.2527796992977645,1,0.26754577777758526,0.2541106928711311,0.9331829723184956,0,X,C
0.0414441425848293,1,0.6393288750642516,0.04242920617876711,0.5534104415401319,0,Z,B
1.4779469954053703,1,0.6310675106573652,0.09806627980670202,0.5432382843229857,0,Y,E
1.2027148281722966,1,0.5683876937853053,0.9673690400637224,0.37887296239017554,0,Z,E
0.0511732093353079,1,0.9959699952627652,0.40004103170216054,0.98066089051817,1,X,B
0.0432147093943959,1,0.027112794198076218,0.5663461135027484,0.8734196728717757,0,X,B
1.1807148171441697,1,0.5804690607912852,0.09334280099135095,0.8972533752303824,1,X,B
0.5893819232597856,1,0.8257509068151818,0.9671047630710851,0.7102696329374322,0,Z,B
1.0821641967847229,1,0.03284962181617468,0.25577127903878405,0.18593822986965136,0,Y,B
0.20644181036729925,1,0.11088991144834703,0.5668638451006491,0.7079176396734393,1,Z,E
0.05478577964712089,1,0.10309910409229062,0.6021901357313647,0.743130455615171,0,X,A
1.0085127395632278,1,0.6616888647172007,0.3122378379611933,0.3748843052878239,0,Y,B
1.9415806686698796,1,0.9596343644934966,0.21002421447554698,0.6048098385464027,0,Z,A
0.0698874160906592,0,0.9186798028483685,0.5041544437768871,0.6053745291582295,1,Y,D
1.325811182054112,0,0.9744273409006986,0.9529368256056034,0.49550842635785497,0,Y,A
0.6009970406346923,0,0.8232580090601717,0.14363015922944267,0.1900290778261542,1,X,A
1.963717409066538,0,0.5798060868392961,0.4794360311115077,0.34279615635990357,0,X,C
0.8408489007549053,0,0.8933760895663165,0.1209189529902932,0.03622162330509193,1,Y,E
0.9115114381922457,0,0.6225301594311713,0.7812934466512713,0.8836494111748056,0,Z,D
4.348325693374702,0,0.8632492929926155,0.7054499381124506,0.8442160641696107,1,Z,C
0.9365311733803706,0,0.7606333859542086,0.41235200315131837,0.5143829423181255,1,X,A
0.367724616935384,0,0.68919201289913,0.09801017599855655,0.9622640986888612,1,X,D
5.0653746434435565,0,0.9046661442265685,0.8296017811614346,0.6672880531126969,0,Z,B
2.1521207403628697,1,0.4828521855258524,0.2014036426883623,0.005916069498414833,0,X,A
5.41282716768587e-05,1,0.4440862251014396,0.028943648886876727,0.5978197361721234,1,X,B
0.0006619912774543018,1,0.05240887155451246,0.1639883332666704,0.11580644138562135,1,Z,B
1.1112405500459799,1,0.3999944283041408,0.6812146863735185,0.20828720345961926,1,Y,E
1.1021155960910352,1,0.05038661059884386,0.5260526393552757,0.15392479312540353,0,X,D
0.5843754756384499,1,0.5246277699505456,0.530088085774023,0.5736312130319238,1,Z,E
0.18331561802554547,1,0.36115735757619394,0.15768329860664299,0.5558891694911348,0,Z,B
0.39602368471040944,1,0.5415075566755847,0.06392851742224626,0.6086496938524689,0,Y,E
0.034096871007523254,1,0.7081753518613998,0.9529610389264715,0.20845710553115693,1,Z,E
0.13282601444273961,1,0.28492247032423623,0.8932574537801962,0.06776330131315578,1,Y,B
1.029106128320717,1,0.230920811270104,0.029186272789168632,0.3522097081642921,0,Y,D
0.09393175498278608,1,0.855538085793671,0.8006826991752588,0.6642484425513079,1,Y,B
0.946734691854154,1,0.962265566015293,0.5287866871943702,0.008012130900107994,1,Y,D
0.23524468240765856,1,0.4036629702217629,0.11643209718625136,0.22363502748474484,0,X,E
2.9152838546354087,1,0.327455581987946,0.7669109596483391,0.17860689623302828,1,X,D
0.5798413803374945,1,0.1651952207576597,0.5229146445311482,0.4256837216020497,1,X,C
0.009942488534383285,1,0.4233681905743579,0.25883884708154214,0.456945613590673,1,Y,D
0.13503564641541346,1,0.4639984606935008,0.9551704491803011,0.9548192178200405,1,Y,E
0.7203423504410623,1,0.38842411370394225,0.34905723262520416,0.7037267573329977,1,Y,B
0.20249604416972344,1,0.5960455667664092,0.35007661756953534,0.9847836186505374,0,Y,C
0.19761134537122235,1,0.8417122251741075,0.5707417751539947,0.22411416349669444,1,Z,B
0.24895519524883403,1,0.9538597549044927,0.09705688246911004,0.035742776783762475,1,X,E
0.6945883772509333,1,0.4304309361829285,0.14889961288008935,0.15999093692020794,1,Y,C
0.5330012339353263,1,0.07298531089257165,0.3167670240126442,0.8882620228344569,0,Z,C
0.40765153493133277,1,0.9439263070942658,0.15436187768280774,0.44421975786350765,0,X,A
0.014039958401020153,1,0.8513206161379233,0.8000960758147639,0.04961924040990129,0,Z,D
0.912106160747056,1,0.9848112035644767,0.027629664166216816,0.6727388754289474,1,Z,A
1.2476912255825305,1,0.878048561880343,0.8088822576870868,0.5448843274176788,1,X,B
0.3400167987413403,1,0.8999555117252295,0.3233568170956891,0.8066253978520083,0,Z,C
1.2690270930244851,1,0.9341220177691174,0.5865446872817777,0.6621576546989675,1,X,A
0.7177705732107266,1,0.8631464833035177,0.9507631554848711,0.7310309193906803,0,Z,E
0.3251903308444095,1,0.1836640068556833,0.07442129075509796,0.8309729855492414,0,Y,E
0.7080594578582682,1,0.2645137833515875,0.8595713608647636,0.19020398825455076,1,X,A
0.18378865265810426,1,0.37758654296254435,0.7942719758518207,0.8177254707941599,0,X,E
1.6710941338837255,1,0.4762389962616558,0.11254443972812289,0.43669093896566624,0,X,A
0.4124899580293276,1,0.40505975811531714,0.5609473034851471,0.14413479407498653,1,X,A
1.0316974522123903,1,0.2649427434725664,0.6548334294320379,0.10098831310156386,0,Z,C
0.1179470747861713,1,0.916519538256981,0.7777186102213748,0.7023130421627035,0,Z,C
2.000693162143643,1,0.9659188151662181,0.3273947051163494,0.4621260689376985,0,Y,B
0.4115561700265985,1,0.6782531117214848,0.10894662136758959,0.22005151838672898,0,Z,A
1.0870388160735105,1,0.22564632524688977,0.49694622526576937,0.8719786926309645,0,X,E
0.5849786550827338,1,0.4935497898851352,0.8834285445538439,0.09924520317292063,1,Y,E
0.8071981621710554,1,0.7847553062812073,0.7726488165676136,0.049018587408825476,1,Z,A
0.6993205272213746,1,0.9895134777994445,0.7159490221008372,0.26400274202342267,1,X,C
0.016038347264594143,1,0.5273893671021459,0.34042759645912235,0.2771467327594638,1,Y,A
0.6510018906402517,1,0.9931874756270374,0.26460698496276536,0.360085397543741,0,Y,A
0.2929502905007648,1,0.22774697430896107,0.15546912286294912,0.1603390964738195,1,X,D
0.013410630080223107,1,0.5519814370986674,0.21227253330902773,0.5709240744560373,1,X,E
0.7258627117426683,1,0.8642025031443663,0.8628100012990211,0.36674313015013515,1,X,C
0.7315595842473689,1,0.20548598477788826,0.5167578832293597,0.7771791958447722,1,Y,A
0.6887732527808417,1,0.30982140226832167,0.7599164714610246,0.22178476734881136,1,X,A
3.244359484968933,1,0.020029891670045874,0.9251738902901155,0.7300734780556585,1,Z,C
1.4365071062735901,1,0.5791783241153263,0.7660302909696058,0.5795795113262135,1,Z,D
2.521491222999097,1,0.9413840088962228,0.675663323396586,0.2800412128085342,1,Z,E
0.30177052342672295,1,0.16994011691333089,0.19940471490410694,0.728534053127793,0,X,A
0.16830769781794228,1,0.3021619259244295,0.624265083921161,0.3355561426492747,1,Z,A
0.6772650053992797,1,0.24436761464119128,0.843825934842412,0.7670422902214388,1,X,B
0.5353042018513186,1,0.5140952926014928,0.5911976023272848,0.47244750765153076,0,Z,A
0.4167362619292966,1,0.434478700641864,0.0815769442558536,0.6104723145363777,0,Z,B
0.8269429033476504,1,0.16060809061284176,0.9913587353363991,0.7803142763767529,1,X,C
1.0264839537251889,1,0.5018883093256262,0.4073413935051585,0.1814008766782348,0,Y,B
0.14008529648138046,1,0.520920194388004,0.9169323274051691,0.42869349771075027,1,Y,D
0.0474392376886162,1,0.532396233963544,0.7796783089599849,0.4211959366883611,0,Y,A
1.6580177227982482,1,0.5514839783894574,0.2762936216819607,0.7949353433539327,1,Y,D
0.049532882884702305,1,0.63960111764704,0.9213966395703319,0.04613479758873695,0,Z,E
0.7671712232662865,1,0.9554860806345744,0.12856507151126095,0.604862946740967,1,Z,E
4.892575139922204,1,0.7587706575622442,0.9873554071802247,0.24180548839572258,1,Y,E
2.9985446494182337,1,0.6834948593805534,0.05702083951233328,0.9186355201612302,1,Z,D
0.31751020397696805,1,0.41328223021676136,0.9390441892438661,0.02264087915068347,0,Y,A
0.3249306383257054,1,0.5308846301911504,0.719849999948315,0.5876742610824215,1,Z,C
0.14259164985777095,1,0.21013578345935402,0.9749772630142161,0.6005702801704956,1,X,D
2.4158035637824105,1,0.9958717980815374,0.20179379615647808,0.3734441140797331,0,X,C
2.1106638941108566,1,0.0013786489439576721,0.9010863782486934,0.7628987016299504,0,Y,E
1.395635126402209,1,0.9002534430322681,0.29659821881894854,0.6981615295332494,0,Z,E
1.2029228067271165,1,0.12485095743914798,0.4139429298978917,0.9980051612883007,0,Y,D
0.8805324442499078,1,0.7326363321505432,0.0722900989477615,0.732245999902073,0,Y,D
0.25314367896605156,1,0.5790543911106529,0.5494579772962597,0.8475122319006169,0,X,B
0.04015325557120009,1,0.6188621821441874,0.797020844573858,0.29078564204428237,1,X,C
1.3024208414969574,1,0.21688442006542497,0.8709334241998025,0.47030411601890165,0,Z,B
0.4994705031553338,1,0.8704015977261703,0.2507467825212337,0.9333964652044869,1,Y,A
0.3251374133730106,1,0.28775375515222046,0.7674934097782746,0.09592247347613048,1,X,C
0.23679313519949152,1,0.4906177907366005,0.3050382362782422,0.741897057912749,0,X,A
0.6781451746866225,1,0.5553396696122102,0.5752573127767726,0.7184397285657405,0,Y,A
0.41226131854561565,1,0.8194762981190179,0.16771812283295517,0.09789241130005322,0,Z,A
0.11318449816327425,1,0.5507616299509294,0.828641229323125,0.9792369116397089,0,Z,A
0.551394264611235,1,0.3409104601074977,0.9763614280773,0.7699469846351138,0,Y,B
1.2121792407820922,1,0.25855552267344584,0.24992181307970152,0.24213370005735269,0,X,E
1.1090520003634843,1,0.8331491238146062,0.9951484819173323,0.5819095323923376,0,Y,D
0.09196652228676486,1,0.4900763902660956,0.8008275726463534,0.5877310815357526,1,Z,D
0.30731041639550705,1,0.2569395314541929,0.5818515363593657,0.9058819645674527,1,Z,A
3.1705171703536603,0,0.768014133815145,0.4675051173983885,0.7015518330591105,1,Z,E
1.8275640308670837,0,0.9862415183367303,0.2878633901235672,0.8339845845559217,1,X,D
1.0237497850072974,0,0.6558995157792333,0.840142897891619,0.6876716764455929,1,Y,D
0.09898366893249015,0,0.4979444677621282,0.41194713224611035,0.3060848131001057,0,X,E
1.4572614067903003,0,0.743197599297074,0.9889017747637016,0.7006811403061868,0,Z,A
2.939673132650107,0,0.3658392362887052,0.8492023425865569,0.30762810132994833,0,Y,B
0.7292334011801039,0,0.5158538618253851,0.8609311851760154,0.81172899424142,0,Y,D
0.5181317592090515,0,0.18969243374879485,0.0786383722593954,0.840985865192812,1,Y,B
2.850583615862418,0,0.13248498418235655,0.26176336585604654,0.21783385935939192,0,Z,D
0.12977587014216113,0,0.5371977804207351,0.3588950476897984,0.8490800660039871,1,Z,E
