time,event,F0,F1,F2,F3,F4,F5
0.0017027718085933837,1,0.3300323266353816,0.42304680169771924,0.8648200164189501,0,Z,B
0.1867524975631421,1,0.5883335264376475,0.9293522258624435,0.6954957083380863,1,Y,B
0.246723139656024,1,0.16836747462783097,0.8183899671386097,0.5044595755148134,0,Y,D
0.11985855278208178,1,0.8742680420674784,0.9162146598894606,0.19483706209134843,1,Z,A
0.14681389217627258,1,0.8501063481594068,0.017144357057598425,0.49472628304921784,0,Z,D
0.18955147765924713,1,0.28800658599567175,0.84191280285104,0.11604002029425153,1,Y,A
0.12613043387174205,1,0.6313509591537504,0.9349404840935945,0.9593630300003112,1,Y,C
0.000884426074722212,1,0.7738748532780101,0.026055333539837577,0.45671974065073684,1,Z,A
0.02145934929736621,1,0.2702690188938268,0.2992645358985354,0.3689592158625662,0,Y,B
0.016834104943614692,1,0.41296443910051084,0.0274391065569779,0.9337771226844559,0,X,A
0.13708833579928192,1,0.724883792925427,0.2489146924802289,0.5800407467318487,0,X,B
0.023795622817429085,1,0.18271966713891175,0.24652719642516985,0.3211591215693985,0,Y,D
0.021416996137871912,1,0.680571551421359,0.882138280641839,0.719292298225876,1,X,C
0.2397552035915708,1,0.6618967393735764,0.6511178912892758,0.4766426344308998,1,X,D
0.21149351358224847,1,0.18743850106329218,0.29917860815493325,0.009014976343909575,0,Z,A
0.03521590045559204,1,0.891147181167676,0.23504659339903333,0.26562530458119316,1,Z,A
0.07701892874702884,1,0.8979360382837243,0.28628793756111526,0.33439606904618013,0,Z,E
0.18944444024602627,1,0.9432945509438786,0.6545154531372929,0.8359503993581643,1,Z,A
0.15162302840651665,1,0.5618252080988825,0.515698890449059,0.6141656809521627,0,Z,E
0.2683656752537473,1,0.8009855136165913,0.374575326127353,0.2677015836821308,1,Y,B
0.07957911339542824,0,0.5161238966656573,0.10274507717757408,0.25252136815519866,0,Y,B
0.271796074902157,0,0.9210550832155439,0.1412007881184686,0.5510786602869989,1,Y,D
0.1482084025721044,0,0.6464459477142898,0.8183843077422431,0.5777326754445891,1,X,E
0.1832542380298781,0,0.2162383921604627,0.6230928617145132,0.3976259315848846,1,X,A
0.12774556719416524,0,0.9058856153337383,0.026175455680292337,0.5249322801997115,1,Y,D
0.00013619213789240416,0,0.16479663793305155,0.4830220073404409,0.43750678560923084,1,X,E
0.2667397151244709,0,0.44080454767195143,0.060578153320486106,0.7448251201890683,1,Z,A
0.12817359544874962,0,0.032230346621420214,0.341357745383031,0.4089784928873199,0,Y,C
0.23403797555537817,0,0.8622246531988081,0.42293757607110194,0.30760269219251335,1,X,C
0.06792351189903664,0,0.4848859769449495,0.7159172696485593,0.718643884531438,0,Z,B
0.07579205651588798,0,0.8814041926826723,0.3112791351938188,0.21086882965249298,1,X,B
0.07497492050574861,0,0.8970033931793306,0.23302475692710634,0.15297207731553297,1,X,D
0.20026880508668463,0,0.8272427512686509,0.5309870343543781,0.31746319578432003,1,Z,E
0.2613964574965541,0,0.01090631580516932,0.5864952663018097,0.2468414484189474,1,Z,E
0.028705414409946776,0,0.39036989674386746,0.42437603675619917,0.09046418560638159,0,Y,B
0.26391847428423926,0,0.7432726595396119,0.11868487322978183,0.6877866501877329,1,Z,E
0.22283436205203178,0,0.781829246500364,0.6956861547359036,0.2846277722672733,0,X,E
0.21931347753757352,0,0.3275799161691081,0.7844449641605389,0.24227906404247035,1,Y,B
0.22258789989737876,0,0.019661088965480245,0.5919052694636286,0.9688582033896878,0,Z,C
0.2645156665791476,0,0.8234719797927201,0.6450763669760314,0.6432785457378322,1,Y,B
0.04167931383680484,0,0.4090583243578716,0.5790912988043895,0.5727577241101884,0,X,C
0.16350963468626242,0,0.7898317682323294,0.9008355719623156,0.4231496601363798,1,Y,B
0.017728011941318466,0,0.577693744734224,0.6445193469629065,0.5096828073501433,1,Y,E
0.018481232284302398,0,0.8933681853047736,0.205424405024059,0.4101832256936081,0,X,D
0.27470048205292086,0,0.6738489029496401,0.8104463530870365,0.5459412829997023,0,Y,A
0.02066247380656945,0,0.5252650273510316,0.11410805041245908,0.49637914958839224,1,Z,C
0.05501925588203346,0,0.6518421274259879,0.9982397086421112,0.6183812000058898,0,Y,A
0.26406230493751076,0,0.027491746040926412,0.005175653886835607,0.9776087801086133,1,Z,D
0.09873183114782684,0,0.642792771934284,0.4935217529731125,0.23830538991678152,1,X,B
0.21123708345474995,0,0.06505536505703502,0.8164207406344393,0.36629816099967083,0,X,C
0.2769183783905853,0,0.902772182620156,0.727117612679665,0.8057194945101751,1,Z,D
0.09629753812333205,0,0.5192490403287594,0.5403186619803988,0.10454323388552822,0,X,D
0.2282346120644109,0,0.30554437591181927,0.5252755940229761,0.7672295666832813,1,Y,C
0.1164082350781151,0,0.5580284430263247,0.2611597377220001,0.5652297094862138,1,Y,B
0.2215031587985173,0,0.3030319063363962,0.21621067696102403,0.21766128537356788,1,X,B
0.27673820185464315,0,0.3446080197229715,0.8128749655710646,0.4282339464597029,0,Z,C
0.032069588918568336,0,0.4615613360789813,0.2877708839197589,0.8435104224127947,1,Y,E
0.06599031596678412,0,0.5815830766220448,0.2709271585649534,0.5602804646114922,1,Y,C
0.1431761371404437,0,0.47464521502363566,0.2958692104788595,0.10320321404462374,1,Y,E
0.27544286120013495,0,0.9404243656521319,0.29411609534286853,0.8574188756602814,0,Y,D
0.266692072929899,0,0.16013381284654782,0.15118290098373055,0.3382105362676998,1,Y,D
0.08421453604877077,0,0.9505204682425932,0.9343254174956224,0.201672925310328,1,Z,C
0.2002382046412775,0,0.8073649106851023,0.6947297191837198,0.042295107233750406,0,Y,D
0.1278897027748792,0,0.0279099863917881,0.9730872358758563,0.18287609878146316,0,X,D
0.13277435645986832,0,0.8674159906862601,0.5950642995682931,0.04995704464062489,1,X,B
0.06802001820375705,0,0.6664171428426356,0.7638078060543321,0.3072067732844108,1,Z,D
0.27662215877303903,0,0.7825191898832324,0.15178485052643198,0.10248282622051352,1,X,D
0.2738125214908313,0,0.22459439747974197,0.5148335598732289,0.161018946178065,1,Y,D
0.17790399631484557,0,0.9756477244152014,0.2691860762595415,0.13386992069744963,0,Y,C
0.005270111425753191,0,0.07346536398707637,0.14990474223478611,0.4251928013380013,0,X,D
0.2680913228548086,0,0.643948056316671,0.6385131324720504,0.1836130155697293,1,Y,A
0.27590781729658403,0,0.22091891759740823,0.28876369710773053,0.023125639433374645,0,X,E
0.04400715581906653,0,0.664970086181929,0.7124242867380899,0.75618527272363,1,Z,D
0.270943226027495,0,0.8809356190014713,0.05012225109136137,0.4804189957041568,0,Y,C
0.2496972611721469,0,0.9659510768879843,0.34316281917266567,0.8479073833893256,1,X,B
0.17879104285811429,0,0.9383766496968483,0.7803379306992608,0.2752908154785607,0,Y,B
0.0755946945647035,0,0.7764883998681864,0.12482254787514457,0.7774396180326922,0,Y,B
0.20008773834021118,0,0.9999882218572698,0.18773666615773887,0.2769891995530761,1,Z,C
0.05085389928656783,0,0.2572336825119911,0.717317843351821,0.3959357034037366,1,X,B
0.2721539199896831,0,0.2819731382444387,0.53844070194145,0.8721045692841384,0,Z,E
0.2642532411191332,0,0.7996911495168094,0.6132676919399247,0.3516331296208154,1,X,B
0.2769302065740594,0,0.793429347715213,0.7731437203732475,0.8766200943118018,0,Y,D
0.16564343890296765,0,0.07909426831678501,0.5481350608378617,0.5806039820086325,1,Y,D
0.27628807538018935,0,0.6773638873236287,0.11735469826741296,0.9402185005387933,1,Y,E
0.04931287322661229,0,0.41444200601539405,0.4771593978552243,0.47913582935540056,0,X,C
0.27683214912921444,0,0.9558603778078975,0.13135778056653746,0.2709090639682352,0,X,A
0.17898273020516167,0,0.09037458112245789,0.585286355664091,0.3033112911385142,1,X,C
0.19603560769231745,0,0.7452835662351314,0.9374335710513279,0.34693744237790247,0,X,A
0.258250050975851,0,0.6537719043480212,0.8679971558696825,0.21082684917505823,1,Y,E
0.13852485827231623,0,0.28397181180764897,0.349420475620265,0.5630499176763477,1,X,B
0.2767653593758045,0,0.6450762479208213,0.8903284883424192,0.7543323380805431,0,X,E
0.2563345536081811,0,0.3950919116088325,0.7987029623198914,0.39663332134619833,0,Y,B
0.20912978605176233,0,0.15175870606822905,0.6036506366495764,0.07306424020227065,0,Z,E
0.11777115424733019,0,0.8881016503638004,0.8816847679690903,0.9410265492517976,0,X,D
0.14290048685380696,0,0.9185438178999322,0.8797334266540688,0.9539178036653005,0,Y,D
0.276473134275708,0,0.5555220513402523,0.5324755513488271,0.1040818609450399,0,Y,D
0.20080910236114083,0,0.5638553227256405,0.4025806643482811,0.2739069329712316,1,Y,C
0.10484826709259139,0,0.30388735573868497,0.02781603422058443,0.1400850520064495,0,X,D
0.22899063869363231,0,0.5333587089576012,0.8695487277842442,0.2852656523573326,1,X,D
0.07912985640515342,0,0.5314192409317041,0.9927701567408812,0.7573793717229086,1,Z,C
0.06228380178453498,1,0.4884370734663598,0.2738773286068069,0.8977045400795813,0,Y,A
0.14555097365114986,1,0.9239105780140048,0.032796813752664855,0.5689627168368283,1,X,B
0.02444634139619401,1,0.9366596605670553,0.5726437177103791,0.2864230223709763,1,Z,C
0.12803767684490705,1,0.10633154633202524,0.36133031796285076,0.1554994289251086,0,Y,B
0.005085736430023453,1,0.8362586559105264,0.5835123962556906,0.09803535701037336,0,Z,D
0.03225987170686297,1,0.04856081216906216,0.5970302531061285,0.6592627382163574,1,Y,E
0.09007123464966357,1,0.9464783421625188,0.16004891019068423,0.5618683515252959,0,X,D
0.041242341609796764,1,0.6828095126783121,0.6492984050774653,0.3283997531084536,1,Z,B
0.08740555482586902,1,0.9617048963473538,0.25677172485117805,0.9370559774700643,0,Y,D
0.12512771636647357,1,0.22135133942681784,0.07878243214426361,0.8387574549857466,0,Y,B
0.2248038215039346,1,0.2436431219569053,0.862227601967229,0.7413293889925174,0,X,A
0.16885145329110793,1,0.01201145720601171,0.34173801028485806,0.484039907524373,1,Z,B
0.011316663434909446,1,0.027583255684583752,0.6063657128274447,0.8612106083476614,0,Y,E
0.008122796771182885,1,0.513167052435085,0.5168441092966374,0.786468669803262,1,Y,E
0.1842252064475262,1,0.9494671593936562,0.6432012397120125,0.77109555748033,1,Z,C
0.06769469728045122,1,0.6473585691842159,0.3728035317653111,0.7408456811411015,0,Z,B
0.20242724199736783,1,0.8662994980691286,0.35217210693875045,0.3413411743277184,1,Y,D
0.19465580454186426,1,0.29138503954118955,0.22992237914044944,0.41780524170923583,0,Z,D
0.13382266713413993,1,0.22308340149497385,0.6883542101925026,0.36682759563423395,0,Z,B
0.10972260683657015,1,0.18478438587791746,0.7959549117702639,0.5490480773501308,1,Z,B
0.06653012839314286,0,0.3249964839489843,0.5203310421767405,0.858888495290709,0,Z,B
0.27587904808738867,0,0.5452196402044928,0.24930027872981542,0.6164500257386974,1,X,E
0.27567131563773883,0,0.09886573944341204,0.9154555185329548,0.8642444197499086,1,X,D
0.0747618207103076,0,0.45614778934551314,0.5804547528322516,0.8609305948612995,0,Y,D
0.00846459649731291,0,0.22487049118170166,0.012640261745481052,0.7128333178574234,0,X,E
0.24917138506584283,0,0.15362693547178352,0.12625342464017364,0.5455955267620095,0,Z,E
0.2739420595444358,0,0.08743631281571129,0.9586236118247109,0.7978140996624979,0,X,E
0.1626394772619049,0,0.7071316032029753,0.7674804513509829,0.10553584676218053,1,X,C
0.2718386264081324,0,0.48969661580015944,0.6033694995666158,0.6692538498615059,1,Y,E
0.2622963644929599,0,0.8943174488374043,0.5013860235666698,0.7337278729952,1,Z,C
0.20408044421334642,0,0.5154173708252089,0.7808120521065154,0.1925560460803778,0,Z,D
0.08089022177027554,0,0.608831677742412,0.9127490669053513,0.9961731732162997,1,X,B
0.259670540968519,0,0.48491711615464095,0.7348809792301588,0.28522305431624495,1,Z,D
0.24784841336523408,0,0.31059889029025123,0.5655750660789697,0.23599168110589575,1,Z,C
0.1134208747336724,0,0.8357383372611629,0.323846220849591,0.9368468600592754,1,X,E
0.19575918427950406,0,0.8249054024068794,0.2628727186083678,0.2733047996138803,1,X,A
0.2734446503299262,0,0.035707113193889195,0.4473541566545758,0.8862861448752093,1,Y,C
0.07394520783634696,0,0.5527720721989596,0.1376673753808948,0.4542567334299048,0,Y,C
0.18904001630053016,0,0.37568510138153466,0.21224415641135985,0.06810598878677987,0,X,B
0.21591515764909872,0,0.726346946055691,0.7387872165352857,0.5291619550770872,0,X,A
0.2459585167754755,0,0.2862288937460883,0.9117715583473284,0.6304430371084611,1,Y,C
0.04852510074345256,0,0.6301465482443321,0.5012892634135659,0.4131926359709349,1,Y,B
0.1796198318031703,0,0.9189841385733368,0.48760304697676016,0.8494670701052666,0,Z,B
0.001184846377854869,0,0.43947198971884727,0.699122923467986,0.00525766090985913,1,Y,E
0.2760340605143949,0,0.05605683990675081,0.02359687910598085,0.8872748225906882,1,X,E
0.024507248298607887,0,0.9836592252829518,0.23843295637067197,0.34090952308820144,0,X,B
0.26099817519920654,0,0.6092066521658424,0.5619088813542862,0.9328349766419294,1,X,D
0.13101836209491854,0,0.42249634759915367,0.5711737097853727,0.7126803776023113,0,Z,A
0.26308121190380057,0,0.15705751382015143,0.3396879047604787,0.08406849480076817,1,Z,C
0.12193346282407397,0,0.7748664304116628,0.17815832927186082,0.044093973364689676,1,X,A
0.1875251813043237,0,0.662143477621272,0.5602229414301594,0.1250862292937721,0,X,A
0.24424862140762799,0,0.837761193287912,0.6147029358438064,0.36523917290567665,1,Z,D
0.020725087363329155,0,0.36663354702307605,0.2576208203686515,0.7485112587818444,0,Y,A
0.20641075275632573,0,0.7216695456624453,0.33815725020378384,0.6921089326122953,0,Z,A
0.27449600928804874,0,0.12136310932320371,0.3519406452024805,0.2676475858885934,0,X,E
0.25511286633341335,0,0.23129973127233516,0.3377820585080642,0.216274865975561,1,Y,B
0.04651882492200219,0,0.6968821397004333,0.9851681876382722,0.579286493461326,1,Z,B
0.16357553768985303,0,0.8262889136616658,0.7787318779440793,0.8606705050517619,1,Y,C
0.23333761068439743,0,0.8457170103879985,0.18402034790556554,0.2498952385360066,0,X,D
0.2769112409884716,0,0.29302600111048505,0.873162669811813,0.01566681880251264,1,Y,E
0.060741669793563116,0,0.5282651395156484,0.9149363048081437,0.93001869234172,0,Z,C
0.2544250295625148,0,0.28628550903236427,0.6851917476888875,0.8826492795642703,1,Z,C
0.01003329919768519,0,0.5095132546988645,0.58166268202537,0.8309553088694076,1,Y,C
0.055499030667287376,0,0.31395454227482344,0.30525825517428995,0.4369854676951539,0,X,E
0.11030169630399098,0,0.22910212319739465,0.4828633984712145,0.988258164134948,1,X,A
4.752612718261716e-06,0,0.9342766288211053,0.07613006149822699,0.23319763538972893,1,X,A
0.1309769038333564,0,0.9149255569163087,0.004976904171743679,0.49178892621304626,0,Z,B
0.27567401997238483,0,0.5226064218839298,0.22976138831772586,0.7894493597420211,1,X,E
0.19509254163733003,0,0.8660616758719424,0.1744843421471075,0.47353686361138136,1,Y,D
0.27647841928982275,0,0.7579167371117448,0.2275557700616696,0.4757538299914027,0,Z,B
0.2769657307464309,0,0.7652245067217278,0.42756125453392513,0.9537127583656215,0,Y,B
0.264547131567802,0,0.020890926865135384,0.7567810420506382,0.8951041545276568,1,Z,B
0.034093675922997994,0,0.04972356330231553,0.4353423376939465,0.45110531532520504,1,Z,E
0.27574622594120124,0,0.541959876572503,0.771791976885681,0.25063797345010663,0,Z,C
0.2440592505946325,0,0.3212952725745455,0.45675987419308184,0.8705794174717485,1,Y,D
0.16051419790930177,0,0.984864308250379,0.2289516447626151,0.7701749740257027,0,Y,A
0.20861441889957624,0,0.7952357173315003,0.549111329030258,0.6663937124528997,1,X,E
0.009156521243755732,0,0.4642526071531353,0.3427208447521961,0.17100343212433378,0,Z,B
0.19453072479227335,0,0.37611228449660206,0.11423406727260688,0.5354590865869493,0,X,D
0.17607498866940557,0,0.9024143086392713,0.13856759424866938,0.07748645109978058,0,Z,B
0.2641678370407086,0,0.11850142546940512,0.8344715791661845,0.14863022746666044,0,X,D
0.160575916727189,0,0.6265004012130745,0.5726833286758233,0.7280189939612315,1,Z,D
0.2507511132443663,0,0.09375553750428955,0.09330948286723262,0.6211822402598001,1,Z,E
0.025334703733510128,0,0.3146329064965806,0.4341264288267127,0.6275479834163311,1,Z,B
0.20533125402708408,0,0.6079007915462452,0.13420103433898722,0.9868779611709266,0,X,C
0.061804249384661565,0,0.3350166999427924,0.2598891376371335,0.9606663963747768,1,X,D
0.23510086948742542,0,0.60478203847574,0.7641553763057908,0.9755882615803876,1,Y,E
0.0545909264435663,0,0.2508349300426106,0.030287944412415668,0.9774358979075181,1,Z,D
0.2766081617852041,0,0.2626995162742123,0.3095340846618976,0.5780448973553973,1,X,D
0.14638739785623325,0,0.5818736483938719,0.9851750919323972,0.35650477863042496,0,Z,A
0.005632069183251195,0,0.8907808172662768,0.2244311622003684,0.22794706047265023,0,Z,D
0.2739250224048738,0,0.6282489355041799,0.4639963050814476,0.2818384151787563,0,Z,A
0.0021795891902536987,0,0.1862944920851637,0.8058153298614895,0.37826371991375074,0,X,B
0.27497841209651713,0,0.7190892934309784,0.9212581256978577,0.6888380582042436,1,X,A
0.07352192905717696,0,0.11097212642832766,0.03658128625504886,0.5433518828430965,1,Z,E
0.12319907467297833,0,0.20847453675375116,0.08697738275757183,0.19798951428976652,1,X,D
0.2762128409851031,0,0.024723598539549307,0.41055368781626833,0.9002260270343884,1,Y,D
0.22072415415390942,0,0.037019063416312004,0.6062749573702361,0.06939584719244507,1,Z,E
0.2114203548161219,0,0.3150783456793508,0.818032959869559,0.3727754290364652,0,Y,E
0.13867380274929414,0,0.294215123736134,0.3463855872766053,0.9578494796011475,0,Z,E
0.1686269025526484,1,0.44008316224187194,0.04396275238741887,0.24479612825369068,0,Z,B
0.11378804103372597,1,0.22153936102532834,0.8486276129461248,0.048141839139031695,1,X,A
0.056115810794393976,1,0.7879767305214236,0.7818673607350168,0.18059797305024172,1,Z,C
0.21826467350612144,1,0.08554901784290003,0.03145089666232648,0.333508469080966,0,Y,E
0.01208894818909971,1,0.845159457702783,0.43414674136334797,0.37841890073954954,0,X,C
0.014039869324013519,1,0.999907868669456,0.22780045352185374,0.6826777495404608,0,Z,E
0.1809199659945013,1,0.8890319488628595,0.6630789930817209,0.5935749552815829,1,Y,D
0.19904000376450753,1,0.7560579235317566,0.84032800651696,0.008135874813888888,1,Z,D
0.2720013799844457,1,0.9939195584561645,0.6696203406683974,0.396703280416568,0,Y,D
0.07736893931917434,1,0.1406211658818879,0.7016682346913756,0.9703722882681507,1,X,D
0.1745947605266017,1,0.3330153080251106,0.6713072124752346,0.3151219639525886,0,Z,D
0.015159478118052913,1,0.1731969875882302,0.9893090878778876,0.47604407772734636,0,Z,B
0.0024575683140615552,1,0.9374403923298074,0.4565355654586687,0.11260916795183351,1,Z,E
0.1375974571924366,1,0.5383038501289723,0.4666497303393501,0.7438371732073785,0,Y,A
0.0001098217426330433,1,0.34985674160586167,0.41082846068079415,0.3411845371554233,0,Z,B
0.0026197280954857872,1,0.38835302858749365,0.0841248252086394,0.2797428819480736,0,Z,A
0.013251762332041676,1,0.6591989515173995,0.8594843808551281,0.9658032310706972,0,Z,D
0.18131760319236664,1,0.588771365584393,0.5910847625880998,0.056291862511279045,0,Y,D
0.06406678646912317,1,0.173818184819707,0.683403364257621,0.7585351841650712,0,Z,D
0.030263753256893122,1,0.4598238009100878,0.9075307257723044,0.24719653947612508,1,Z,E
0.26584672223411804,0,0.16418155132040813,0.6686059580800112,0.07540183112395016,0,Z,A
0.19124465116884481,0,0.6609697719384583,0.09482116285958186,0.28699902559294366,1,Y,A
0.11962939052598275,0,0.9325700811007631,0.5485754084335053,0.7961217424260384,0,Z,A
0.2580144319804249,0,0.8976639308464586,0.024099174437983262,0.46538092414586096,0,X,D
0.26625619984351506,0,0.3347940793299874,0.9244111696072831,0.12302069455304876,0,Y,A
0.18314133513938163,0,0.8684037931671755,0.8480676120825368,0.18971363433222677,0,X,A
0.27330991560262846,0,0.5284639282641463,0.7072042351851318,0.6601593857455971,1,X,D
0.18795829317362428,0,0.12104218377976039,0.9390431633693557,0.33072139509135867,0,Z,A
0.07460765164061542,0,0.2736612298146278,0.8451494439838777,0.15741444756682144,1,Z,D
0.23827466993099036,0,0.8960960899917978,0.9849673049933672,0.8206176023268308,1,Y,A
0.042218196489582104,0,0.2511250715378147,0.3511416690755278,0.45729303166961544,0,X,B
0.26368030614184934,0,0.8222804839818408,0.1781862373451225,0.003250326162641315,1,Z,D
0.16901175102692523,0,0.5004738026644152,0.2960138910645519,0.7183322185798706,1,X,E
0.2181693730201802,0,0.4219306678184941,0.9096508971551004,0.11017540007972271,0,X,E
0.27531048301715977,0,0.6926673167819213,0.42917048133267466,0.5471925794871317,0,Y,B
0.07264264331743359,0,0.6945046471576735,0.9507858632015771,0.8544934048360959,0,X,B
0.25773234665308,0,0.7154348868096412,0.885569712501173,0.87692614720326,0,Z,D
0.17763393927291177,0,0.4730264639956008,0.555689169824416,0.7462391432559429,1,Z,C
0.24771867480634513,0,0.42358684638275057,0.798764224293872,0.8513236351101382,0,X,B
0.19473409085664653,0,0.4106411316071229,0.7053523513092648,0.7574954590829701,1,X,D
0.27334289292246516,0,0.7872906484962318,0.43838512791162654,0.8438262776185294,1,Z,C
0.19749876587657933,0,0.025952182817374658,0.8532954852950934,0.16758026955594296,0,Z,E
0.24460110254553558,0,0.9247439650683189,0.4414297186498073,0.589226349501703,0,Y,B
0.05070181893091799,0,0.10014297537599592,0.8493536170732043,0.5200628372840083,1,X,E
0.2274745882772722,0,0.8673839387538682,0.2099774876852748,0.3063084118155166,0,X,D
0.264770340435438,0,0.6117014148218317,0.9905998250527372,0.9341039438682399,1,Y,E
0.04700390896732788,0,0.44857301945265404,0.15495614089127752,0.1499339431586969,0,Y,E
0.2724229381273376,0,0.5361856499074282,0.004819734502888751,0.4526325774403416,0,Z,D
0.27220290679918563,0,0.08453835622832229,0.3238930791865756,0.47796598125438294,1,Y,B
0.242723761566222,0,0.06711504200956209,0.48734753867728275,0.4520138766684568,0,X,D
0.048079192777038426,0,0.4633973496492464,0.42503588183510566,0.23021479087049823,0,Z,B
0.23053771184399469,0,0.17577983445449896,0.4347722720412758,0.2175716316885944,1,X,A
0.1848760095688859,0,0.27056968021538697,0.6358509136001398,0.08161121149733297,1,X,D
0.1350287892621308,0,0.5822316049487705,0.46629002844792244,0.3989887016881224,0,Z,D
0.24140817424630917,0,0.09776043830524084,0.46348038510922673,0.7577899374214102,1,Z,B
0.22938261649667013,0,0.8391126218769405,0.2936873064678921,0.6640749570077971,1,Y,A
0.2594942073021327,0,0.16684186561914238,0.23528242949320222,0.8136467942881438,0,Z,B
0.2730147277882999,0,0.9300939440132198,0.6521669090069123,0.8143594991692961,0,Y,C
0.0917291902833406,0,0.5891726087935318,0.32150537431309223,0.459923614341595,1,X,D
0.013576057101759803,0,0.4972183902136478,0.783810030373387,0.5752256192737439,1,Y,D
0.052252761600727365,0,0.19617986020739886,0.18931904605880423,0.5645082976269042,1,X,D
0.27600768514001467,0,0.13274215834330327,0.44893883552228364,0.4091595837001365,0,Y,E
0.22278205411474433,0,0.46080523648207206,0.28031931116236963,0.24749688120517177,0,Z,D
0.25315062343651107,0,0.7758825528694294,0.922647328155807,0.5836635126619074,0,X,B
0.09503246535329951,0,0.11293433293101185,0.9033083055208767,0.5492350543954043,0,X,A
0.270025160886259,0,0.4950952539544178,0.5023682661769053,0.8188722892198878,0,X,A
0.156451744033183,0,0.950415273654246,0.6045596429692998,0.31971363616673576,1,Y,E
0.2758640275030699,0,0.5266967686642936,0.6839432922705111,0.74749724158378,0,X,A
0.021650868158773286,0,0.5441617054753535,0.11391966597655934,0.7736951454925887,0,X,B
0.18610605663567625,0,0.6067289106534386,0.1861972030226553,0.9293452135582657,0,Y,B
0.005179657160929708,0,0.8249868890373085,0.7000289111193341,0.39122098482770495,0,Z,E
0.13626130718138266,0,0.757491192973173,0.31607594642814063,0.9820785299626831,1,Y,E
0.2087698775194954,0,0.4031062308680382,0.44149835070890464,0.12776182553271032,1,Y,B
0.25733665287296265,0,0.5982035462009254,0.266954344532098,0.17677536860246412,0,Z,A
0.16726784568080938,0,0.44370540107579515,0.31192932784393257,0.802257573639197,0,Y,D
0.12921237226760035,0,0.34091009636584946,0.0001805854780422278,0.8398909913714961,0,Z,A
0.1491734774970541,0,0.8442286501486483,0.6215714724026912,0.0822597186959102,0,X,E
0.04708679586288066,0,0.3090047955003893,0.5552233595187955,0.2773220402154991,0,Z,A
0.20672172071423447,0,0.453417324424226,0.1705922460110002,0.9835121649119963,0,Y,B
0.27145158622744187,0,0.28247390289751273,0.7420310828870726,0.8506523661512913,0,Y,A
0.2598086664379105,0,0.7648493817486048,0.2379412740312099,0.18610133617250535,0,Y,B
0.20175836282599136,0,0.6032751926066714,0.8507210248813664,0.19395942978708203,0,X,B
0.2210490787537779,0,0.665693675433551,0.1768438261487809,0.14474778949821454,0,Y,E
0.06252488351173502,0,0.2674059951186939,0.3170642259230263,0.3366813762979187,1,X,A
0.20055812974409398,0,0.12448784290998316,0.22602774150510285,0.7159224841935676,0,Y,E
0.1476442600874572,0,0.4868227566608009,0.444342130937042,0.17951052933762868,0,Z,A
0.046128779247487754,0,0.056201659203893306,0.5441550328203962,0.17049460101840275,1,Y,B
0.27217150782303995,0,0.35088781614497744,0.8529260953213522,0.8986107677596821,1,Z,E
0.0763430661579852,0,0.05363232595065903,0.8545282529283735,0.3549109452406901,0,X,C
0.25371115487399937,0,0.5001784025384469,0.5082092790457251,0.06921954950140496,1,Z,C
0.2649628671038302,0,0.8823434024744944,0.631298773884038,0.08028843554343568,0,X,C
0.01918478749011786,0,0.34522851903754026,0.8482710657742362,0.3147641041569341,0,X,D
0.2567247885229953,0,0.11817608100138188,0.7781858076271635,0.3668228325203572,1,Y,B
0.17124254079768877,0,0.047700457666675744,0.3097385283436287,0.3653581895874304,1,X,D
0.15853537015225788,0,0.5384308075548876,0.17039748131712074,0.5925077349993509,0,Z,B
0.27594658996907595,0,0.671420739499596,0.07952433569438011,0.5253948410513379,0,X,E
0.0776208185653851,0,0.12331732990020494,0.8288341925441437,0.7360500996978011,1,X,D
0.08250608090618652,0,0.14786258874082692,0.40610974025940105,0.955468450713785,1,Z,D
0.27664630308007826,0,0.822929213128715,0.675471554490965,0.8991149924704503,0,Z,E
0.08534976430223451,0,0.701557918099622,0.671147117281182,0.9616359313012358,1,Y,E
0.15349342516284212,1,0.7325254161320535,0.6601830638957525,0.6507818189908169,1,Z,B
0.012606047128802544,1,0.4456834026943085,0.555746632458546,0.7281319151056487,0,Y,A
0.029699202102463698,1,0.42787949512085965,0.6982119678122115,0.48362385747464565,0,X,E
0.06452949521713736,1,0.09347187487577857,0.3042780984463187,0.05731541280243091,0,X,A
0.057135840769013006,1,0.1925317404698328,0.884610333150324,0.3330755503513654,0,Y,D
0.14504356800078916,1,0.4345435338231285,0.40576012879425405,0.8447288725583482,0,Z,C
0.10232421164918357,1,0.3683772954925465,0.6264459148964224,0.18904937366418406,0,X,B
0.10907725336828188,1,0.03324790468239203,0.7016206294365496,0.9765200246023144,1,X,D
0.00877971419253924,1,0.909073595063466,0.9353700491435459,0.33901690832682474,1,Z,E
0.18167162493632227,1,0.5185659443195558,0.14781264654611947,0.684164445146166,0,Z,C
0.01911741331053885,1,0.502189564454245,0.804140032510988,0.5093223210412587,1,X,A
0.06332038974184925,1,0.4303088784056095,0.6775790506982245,0.2862428406008014,1,X,A
0.06693980318521751,1,0.7736024764916452,0.07919112562697783,0.15053017539255464,0,X,B
0.021012110980761008,1,0.981645542079102,0.12506524921605455,0.5637297773724905,1,Y,E
0.12324749786895405,1,0.2670904844744395,0.1453433262159366,0.18902946753560324,1,Z,C
0.009151004553254719,1,0.9618045793342135,0.08823192185013184,0.18882435253098295,1,X,D
0.007753072078430206,1,0.9853794111386069,0.0015392040931733186,0.14257500968807424,1,X,E
0.20570237859149654,1,0.8128226291435661,0.39518089827215275,0.9390637175698938,1,Z,A
0.08246663821293215,1,0.6855267904696207,0.7947452671632064,0.7400937973277125,0,Z,E
0.07880600534335103,1,0.10510507960200188,0.8387894833364813,0.10284547868118177,0,Y,B
0.20454052492482852,0,0.6298435477174376,0.752757283772179,0.44616917253256205,1,Y,A
0.19226532510069816,0,0.28762045140955095,0.8027283373933259,0.025175883318480752,0,X,E
0.26216068050239505,0,0.18270081778996827,0.5339464944389652,0.6232085465229058,0,Z,D
0.25891156143821825,0,0.7763373647257078,0.7738476048237859,0.39757600812314764,1,Y,C
0.16387488472573675,0,0.4882379233297114,0.06444699254386188,0.9942207534670826,0,Y,E
0.01907785224494178,0,0.3564018309643441,0.5729883823908066,0.5622622948491816,1,X,A
0.1816901603836517,0,0.7483069399051429,0.735895792673056,0.7328928382227934,1,Y,E
0.26032123622627024,0,0.5419952711435475,0.9217215704196731,0.6606217774292488,1,X,A
0.2669955107717586,0,0.5504665815985692,0.18291689910773345,0.1765256989157994,1,Y,A
0.02570689145311962,0,0.11954323690894264,0.8832726552480709,0.7789870194791013,1,Z,B
0.1890499275200019,0,0.12127595662744717,0.8712444420511408,0.953703876575771,1,Z,A
0.23842776541398314,0,0.6239840936822086,0.6967713244484319,0.48407292904209165,0,X,D
0.08866830750339663,0,0.7080421297933064,0.7297135498041365,0.593554252816453,1,Y,B
0.040568089921885424,0,0.05900448920104695,0.41706828910495175,0.30163996279450467,1,X,B
0.1842015448934697,0,0.8982370078343682,0.017250396530065215,0.4920998726098804,0,Y,C
0.2041304166064856,0,0.08274097153644,0.7731365837102435,0.29999233343211174,1,Y,B
0.022994916134953712,0,0.37454133317195715,0.4044983433452711,0.25133392034363244,1,X,D
0.1928618826405033,0,0.46131302046410305,0.9903965909247372,0.25818191609883456,1,Y,A
0.2676080322981715,0,0.23178088162515875,0.4611625512140718,0.4260716567804358,0,X,D
0.2770349666766172,0,0.16327350373155058,0.777618418316985,0.495638814567827,0,Y,B
0.27684950182665147,0,0.9220921810709183,0.5453706242269603,0.5027377458379336,1,X,C
0.201306434437846,0,0.8592788374308662,0.5664113476550297,0.8532397217002392,1,Y,C
0.15774981855141446,0,0.6644043834692844,0.9037118231605228,0.5894521966620552,1,X,B
0.25201293518147205,0,0.9448530994624167,0.9080499433385859,0.8513912053771034,1,X,D
0.19408381751244883,0,0.9201914040009045,0.708227440077501,0.6291531497080176,0,Y,A
0.25463827237267955,0,0.22671644776613475,0.7837899378016723,0.9423111048880738,1,Z,D
0.21699585361527846,0,0.2128871856896033,0.5806150368927229,0.9651547505207944,0,Y,A
0.039491575787943725,0,0.06388908097336587,0.7164080557502994,0.194010945154091,0,X,D
0.14111204241531855,0,0.5081690697164518,0.9214545631265441,0.3884071770010007,1,Y,E
0.10319601694981148,0,0.6600787425717822,0.16149834598036228,0.29028596969146214,0,Z,C
0.25402661151694717,0,0.008430470528600464,0.7650959727691256,0.285703261086121,0,Z,D
0.266914698879668,0,0.8886370293200895,0.28159777009926235,0.1418702384010727,0,Y,B
0.12984393882913187,0,0.5058637733731499,0.4941762631168708,0.21388381027930203,0,Y,A
0.19907907660190347,0,0.7270207371961939,0.6355298012708599,0.13281660017258223,1,X,E
0.08019785074490537,0,0.8922674332860306,0.9969991924029139,0.22479892078768648,0,X,B
0.057417171837950455,0,0.8336299328951278,0.78157643703142,0.18554072539448474,1,Y,E
0.06560669155989295,0,0.5238961126426551,0.4433101948286995,0.6797708991194918,0,Z,A
0.2745279255267574,0,0.6776781830163385,0.4812802528923845,0.8763149403111288,0,Y,D
0.21060794283829437,0,0.9899664730548641,0.36459703969162505,0.9794768550792639,1,X,E
0.19082046442215433,0,0.43177017423849906,0.19558695709609242,0.5847804892853121,1,Z,E
0.17537093656290076,0,0.6901308101370845,0.37723634842870246,0.5361559218658404,0,Z,A
0.033368675957230094,0,0.6580414494378707,0.5949270847296962,0.8380198022076641,1,Z,D
0.09359692257409165,0,0.5269019663442651,0.7698395709742559,0.9322054270592496,1,X,B
0.16651294081463494,0,0.10395224804006598,0.5243091121123215,0.25677100215119897,1,Y,C
0.10968908505608053,0,0.28896689652571084,0.39812461000082155,0.13005214972704937,1,Y,D
0.26264644576268886,0,0.5201504601777823,0.8582549248394961,0.4127003453125372,1,Y,B
0.25164508600375096,0,0.7262646071095694,0.20015983260760195,0.8948552416157548,1,X,C
0.20790627412956958,0,0.29947904456340224,0.39819510494974664,0.21603611631386244,1,Y,C
0.15397463440610062,0,0.2565003031355986,0.39051691940837974,0.687475787259011,0,Y,B
0.2629388273811895,0,0.4187200412990846,0.036395642496125924,0.9274826725734064,0,X,A
0.2767278704248964,0,0.9865029656459898,0.9553865717022566,0.548940433135671,0,Y,E
0.26038954244369833,0,0.41489436501084254,0.018207251860043794,0.6384932538934596,0,Y,D
0.26556642407085596,0,0.34982878274508566,0.9256351533865889,0.9473807558631796,0,X,A
0.028930248027435764,0,0.5092667166260124,0.023968217670115366,0.03429846506672618,1,Y,B
0.2576008289751644,0,0.2529845219670023,0.7842435511216254,0.2796910330830825,1,Y,A
0.12320974507358531,0,0.2063099801619923,0.7087633082841639,0.8601744017826821,0,X,A
0.23967759333012792,0,0.6578317924943928,0.2124325466595275,0.18604539863406888,1,Z,E
0.16748865984640884,0,0.880891479772523,0.9442463958645713,0.4461057471228571,0,Z,B
0.2314713565328605,0,0.03232204524904769,0.9026184967709548,0.5422947896791722,0,X,E
0.25097523671149014,0,0.9343150662795378,0.8890701260403662,0.025904253147839063,0,X,C
0.20528808222268077,0,0.5352576291573163,0.9856099272283214,0.2203063904857535,1,Z,A
0.10122858414318221,0,0.8170388664484993,0.8389553107195514,0.6556577187313869,1,Y,E
0.12536186506588498,0,0.2262125994711467,0.0165512029076208,0.287860941083924,0,Y,E
0.13512603902079187,0,0.6906247444026852,0.40300361248844485,0.8334498028148303,1,Z,B
0.266595060669926,0,0.11147446899293445,0.3732144355641045,0.10104621911356237,1,Z,E
0.2649058902798851,0,0.2217645805802173,0.16849848127836653,0.6970805970497403,0,Z,D
0.22900854652892502,0,0.22613933270314113,0.9930771800173266,0.14149395139152476,0,Y,C
0.17443675131251576,0,0.13308934730102806,0.010035456386372488,0.5082251791901878,0,Z,E
0.2508635712458513,0,0.2989774416097185,0.895369351104553,0.8332804682970832,1,Y,A
0.1359007391407225,0,0.0073407556068706414,0.475253521648202,0.345470612975771,0,Y,B
0.21106779671435355,0,0.38813123117911386,0.8211938558503429,0.9406699794324227,0,Z,D
0.2768546049597062,0,0.9584719771033648,0.09927540772390142,0.27089069110610187,1,Y,D
0.2770002481536427,0,0.8774942382015537,0.22619646433292873,0.5885474559775504,1,X,C
0.17305728522074393,0,0.21975182665849025,0.09750944049291987,0.5922515938189042,1,Y,D
0.2715458635784029,0,0.31035544825033046,0.4469823286375929,0.2026766207074402,0,Z,A
0.2677879557612398,0,0.998902430966795,0.5875257759760211,0.7573534648960236,1,Z,C
0.27279781791173824,0,0.21368292866014715,0.23888494860763543,0.9377742096955543,0,X,E
0.1545519302376187,0,0.08640826750449893,0.7127850510298324,0.2917793729825233,1,X,A
0.2726601699657691,0,0.30247075696561376,0.6945348316804695,0.4934456579254033,1,Y,B
0.25480105752805327,0,0.7795913594363931,0.11468510284932809,0.6941790267415604,0,Z,C
0.1248150957313344,1,0.11075654475748675,0.9324673406447044,0.9954759471882265,1,Y,A
0.23691757704044586,1,0.9452453192083835,0.601957848314098,0.7325165543052086,0,Y,D
0.24783635510115778,1,0.07194796363906408,0.9568047428759424,0.09539633651880775,0,Z,E
0.012112043106469026,1,0.9430029066837585,0.1991736537246357,0.3572446529954191,1,X,D
0.13569681336224393,1,0.11077429613421408,0.7770976743932828,0.2915554213045527,0,Z,D
0.00015727849910214618,1,0.9804875165253857,0.8021947783332684,0.8866928102228486,0,Z,D
0.21160001049152324,1,0.9335971362271228,0.7431101552601003,0.07345455170598503,1,X,B
0.2538827774552949,1,0.9810074294337682,0.8811224379160404,0.9092568600227277,1,X,C
0.06525897487775874,1,0.4498756849146822,0.8665389544839652,0.14162917149724152,0,Z,A
0.037301051914048436,1,0.8401088866363107,0.7407655217786081,0.3088074935890682,0,Y,B
0.1615507518134796,1,0.05556331982350626,0.09383598750115774,0.44842798121703875,0,Y,D
0.08733109111698201,1,0.28866871172060415,0.9760839802960021,0.26157276821308684,0,Z,B
0.05207882383397395,1,0.07983589305451966,0.34137130516410863,0.9961502774425234,0,Y,E
0.1168165372508082,1,0.0851202567773316,0.06728255919917936,0.8062827198032331,1,Y,B
0.08256502017270897,1,0.4966394057693594,0.78557078935743,0.13842018196906958,1,X,B
0.105440034263591,1,0.34953035591885406,0.2747506727334037,0.11490026005688259,0,Z,E
0.1629335507925738,1,0.7468035362406859,0.5402325726719406,0.9360948892560786,1,Y,B
0.03307602796295047,1,0.3147567718358455,0.6102524638677986,0.6264426932873819,1,Z,B
0.005056171395998823,1,0.2973636712975607,0.0251400435013841,0.16373366695555613,1,Y,C
0.10841579489241596,1,0.8069049861074172,0.40367628340752415,0.18937521916719113,1,Z,E
0.12000773174866389,0,0.7380792624763025,0.18802162158884306,0.4243645568838824,0,Z,E
0.1918118800694898,0,0.673986257725924,0.12099340291270899,0.306366435153812,1,X,D
0.25380970198356595,0,0.5519005265714916,0.5673609332279147,0.2624530723627716,0,Y,D
0.22621290010135137,0,0.7523053744256776,0.5002702256481716,0.5029808340037951,0,X,B
0.2208935892723924,0,0.5044597379251268,0.5132051937221838,0.6622019100248671,0,Y,A
0.2632582009370685,0,0.7950119186073543,0.7768238337081936,0.22586955128328845,0,X,C
0.25938623008850437,0,0.8905104240231375,0.23851321665821934,0.48175217563200523,0,Y,E
0.06032183979501351,0,0.8507379754063046,0.19662834196528234,0.9568356443158568,1,Z,A
0.08150660874358225,0,0.17490627639688516,0.1934624917395965,0.5482599271424684,1,Y,C
0.18579035909288705,0,0.5108484824322975,0.9749060554719139,0.04000943192157913,0,Z,B
0.19374997941224298,0,0.8628856669063316,0.8695251985351723,0.20222499140859418,0,Y,B
0.06021788353302071,0,0.7584191687245181,0.002674022851371305,0.12371082432296365,0,X,A
0.25387545610609813,0,0.4521222881835668,0.6226908329404481,0.9500477322952686,1,Z,D
0.23438441526994816,0,0.03580082650209637,0.5734268549123028,0.38552482948472555,1,Y,C
0.22755662523014006,0,0.19813150842308036,0.6254144962501,0.19862759401733188,1,X,E
0.25504665942327415,0,0.9217161407123937,0.17557354261980052,0.13704298224424483,0,Y,C
0.24687352329938556,0,0.21073121682206752,0.9652181232971593,0.9352811430115193,0,Y,C
0.2769815873171293,0,0.8723395701276309,0.15307153599987022,0.6072992069771586,1,Y,C
0.2419550359547521,0,0.05422029928387062,0.43924933326859716,0.40290937098327273,1,Y,D
0.22547235929758733,0,0.8205425439802747,0.6984782276339021,0.7714885001216134,1,X,D
0.21687370374287646,0,0.38543443933389177,0.7109934730944351,0.14982196804476278,0,X,E
0.11733527787758599,0,0.4329483881286643,0.07782175226120314,0.6913850173642088,0,X,B
0.219236813437029,0,0.11328222072122496,0.21054658918629565,0.7922707428917892,0,X,A
0.05700126064067039,0,0.8859015150199583,0.006959032460624459,0.3616659688481326,0,Y,C
0.14779864961970665,0,0.5704209773909454,0.3711523917716424,0.027930184603925157,1,Y,C
0.26101556243508,0,0.44074992700483584,0.9596151167687907,0.653557110225814,0,Z,E
0.1178857806889643,0,0.7625663382757497,0.09068940300444439,0.6158589721672358,0,Z,D
0.2768825208963802,0,0.5915406132823874,0.15365723070203552,0.8131792743083976,0,X,C
0.2573263188974322,0,0.8502569478251751,0.4543263482465385,0.623699479556278,0,X,E
0.24371557178626635,0,0.24920807878726858,0.9999813479464728,0.22755082015603134,1,Y,B
0.22930116417192106,0,0.5664293761127118,0.19591544473182387,0.7962399775003295,0,X,A
0.2659219785393877,0,0.5155547060981713,0.5525045365847953,0.8031461576724274,0,X,B
0.27683221784107465,0,0.9637130669805761,0.8450220301877552,0.4194956977576959,0,X,B
0.268741214639566,0,0.3139952677311363,0.5574943574386887,0.786722636281741,1,X,D
0.17375242117766795,0,0.6117312701786392,0.6212981783002695,0.8504178831938988,0,Z,E
0.21194435321645572,0,0.16358838022600652,0.0036408098016551538,0.159694953432179,0,Y,C
0.14511398255749475,0,0.494863244291896,0.8101978377064947,0.11257759713591298,0,X,A
0.1665488895926907,0,0.9021662901935892,0.23255301090384217,0.6919849183107462,1,X,E
0.08584478927741686,0,0.15714715736521623,0.330106021801832,0.024290292616327425,0,Y,B
0.14713795829431092,0,0.19663082458652326,0.2050633952047034,0.6828687186946693,0,Y,B
0.1912725959134731,0,0.3976855972804767,0.2057749733266936,0.2527831097603582,1,Z,E
0.0020232227039572877,0,0.22008532018933202,0.21706540852264067,0.4779804574000248,0,X,D
0.2769030158972781,0,0.5176768514661326,0.43212853988539146,0.8135859730024028,1,X,D
0.19476431773659156,0,0.8003547210928396,0.03162694103099695,0.1419682481506751,0,X,A
0.272888866678203,0,0.2551014919558745,0.13854017937405894,0.2814686508960843,0,Z,E
0.21453800710754123,0,0.5874381214760281,0.1370562153844035,0.8935414850102839,0,Y,D
0.058552393626354476,0,0.5378187211951874,0.3078302755628598,0.9036540198646762,0,Z,C
0.178354983246777,0,0.11683537857233617,0.7961397284551767,0.8095361830448314,1,Y,D
0.23097149970944977,0,0.8493428356896405,0.1431605806856442,0.8737259221685036,1,X,A
0.2696932683348833,0,0.5532911106863481,0.6309848908192647,0.7580715122160083,1,Y,A
0.27467307291397564,0,0.6561666826947398,0.7717706077306824,0.22021853521643764,1,Z,C
0.268438810200087,0,0.3731714617304107,0.8407378062458429,0.3020522929924162,0,X,E
0.22090184186286435,0,0.009246618470665768,0.3563648692851096,0.006691493050456243,0,X,C
0.2695771263866382,0,0.4635399566488303,0.5017378185247541,0.5878333822079951,1,Y,B
0.2301233589737854,0,0.5969760462302894,0.19555194564831524,0.3959447131420081,1,Z,D
0.20582231819089042,0,0.767144164747429,0.2965408278750755,0.8222587896446593,0,Z,B
0.27688788193601316,0,0.05676548906730938,0.9076914891767134,0.6898785095296864,1,Y,C
0.012039488622983084,0,0.8697418944733976,0.9764200002412419,0.4866012345672306,1,Z,B
0.2768607087784806,0,0.22687340091017894,0.8301568441662459,0.3521227454365796,0,X,E
0.028776932349616435,0,0.5163827380847621,0.29536289541604555,0.9290205370870248,1,Z,E
0.20951094179438357,0,0.7401340190957049,0.9998586918471857,0.9149404074782779,1,Y,A
0.27687061305334437,0,0.0027844027913159763,0.6948108941493903,0.3932727610293941,1,X,E
0.013021267262488433,0,0.8571331683797223,0.7474567033338293,0.4142894144853283,1,Z,A
0.2768783664980432,0,0.9259671439907216,0.6302697946687242,0.43713375600474647,1,Z,B
0.25665491994007933,0,0.23030031018033625,0.41565320482365453,0.3337464007702273,0,Y,E
0.2318724338943977,0,0.9983950882650716,0.5051600144306434,0.7554857508041998,1,Y,E
0.19672365689661014,0,0.44301263706960115,0.26118131454622595,0.1852659216523641,1,Y,A
0.17116480466182124,0,0.8537581415430305,0.500835679431793,0.8893062193238578,1,Y,B
0.1212492340770579,0,0.7618797009736803,0.28904126561311605,0.4759729506445821,0,X,A
0.0018980343092652623,0,0.2926720832846612,0.5802228829110037,0.18813358894941223,1,X,E
0.07890297848356945,0,0.9505072521251551,0.7878803364744967,0.07600784283806383,0,X,B
0.24810537849760753,0,0.8505311327571998,0.44205776456831547,0.7510650608354348,0,Z,E
0.26741394282833875,0,0.6125310070920833,0.951535967776357,0.3666889451106825,1,X,D
0.023842286177045726,0,0.48681091594827186,0.7141349547859045,0.5938632664238079,0,X,C
0.22900277348938775,0,0.6792367533032615,0.4108979891867044,0.4465677866238098,0,X,B
0.27621942416695544,0,0.08729096032681927,0.9958718798588521,0.6809278097965035,1,Y,E
0.2033784662457939,0,0.42909669672265094,0.19033337430655028,0.7672655777400875,1,X,C
0.2721779579088801,0,0.6821452425783066,0.5342213820520034,0.6086799137088998,0,Y,A
0.2543486122682079,0,0.07915254273253847,0.10896674786563931,0.1962051123055325,0,Z,B
0.13049796593279056,0,0.660154810850966,0.10870316535024338,0.6954916361700246,1,Y,A
0.07167668842095955,1,0.6993535264635258,0.7109130237538008,0.5015209133470426,1,Z,D
0.07071515554850738,1,0.13193644223938417,0.4347468231512145,0.1140334293595141,1,Z,C
0.2034058853806383,1,0.2822380661274516,0.4860458971290118,0.7440180447123312,0,Z,E
0.00556743143332001,1,0.5688123870991736,0.4707546126304927,0.7578743203284037,0,Z,E
0.12448754303285917,1,0.8071797698587596,0.566568709336308,0.9810299296235736,1,Z,C
0.17812002726696152,1,0.8464945576468037,0.027675507612521133,0.13933811050109524,1,Y,E
0.042162858374065894,1,0.34232801769957044,0.20876860209121562,0.7942477056264948,1,X,B
0.0005991791982050885,1,0.8405703468472292,0.7466158088509928,0.7119441159724983,0,Z,A
0.132060389720127,1,0.4991328154608602,0.7951527293007697,0.1959696241100466,0,Y,C
0.003180126703660015,1,0.9309583340939429,0.12236826231425957,0.7099681699376714,0,X,B
0.15037668151190442,1,0.7097249691865635,0.848356136548763,0.7478015910847032,0,Y,C
0.0008135052086146548,1,0.9651903329555235,0.005154076156874576,0.5266725051082385,1,Y,A
0.02977567447307959,1,0.4622687777029695,0.38869807068651474,0.7745313414305102,0,Z,D
0.16520375404681759,1,0.37634335973485744,0.7485667665374195,0.2377984412209272,0,Y,C
0.1270594469999987,1,0.2894311453820969,0.2209477875107324,0.36000680690788833,1,Y,D
0.2676641465898483,1,0.6682474063573998,0.618886210293016,0.540901207898066,1,Y,B
0.15078578771976853,1,0.39541853057280163,0.4926811176345355,0.3018686570672482,1,Z,A
0.08280228988702827,1,0.46557985633337273,0.6147280919004141,0.4656045206449756,0,Z,A
0.053828284212741016,1,0.9812117734200367,0.5495575591673757,0.25744389147292357,1,Y,C
0.22473634887693408,1,0.5847998594907475,0.15601285603592685,0.17372392259597935,1,Z,C
0.2516293141443464,0,0.007246407412174638,0.8048690118628137,0.9017121810775901,1,Y,B
0.11792124879087192,0,0.4890795186339758,0.24635747493716065,0.2840311856711847,1,Z,A
0.015076656463840614,0,0.9834707964907431,0.758170367858433,0.5840307596940802,1,Y,A
0.13194387032323462,0,0.9834646792677477,0.8565871054036053,0.06208239595542375,0,Z,D
0.16398168436284746,0,0.18737781042541068,0.02088029621262877,0.6850635442991355,1,Z,B
0.2518263968619594,0,0.3536792308872835,0.5056629886517954,0.931684477632615,0,Z,A
0.22630671659466733,0,0.2125954270188899,0.45741662381174697,0.772217762106541,1,X,A
0.26860718614662876,0,0.8699812713114604,0.2552386407739403,0.6918455748231047,1,Z,C
0.07370670116773174,0,0.2907770663464011,0.3489081127371829,0.13178948515314604,0,X,C
0.18693964580012074,0,0.7224239137986181,0.47635567537910395,0.33493365372437744,1,X,E
0.14053167923241885,0,0.1852436624375685,0.28508182049364805,0.17732832932928744,1,X,B
0.26371083512906035,0,0.49512465480037615,0.734895575846565,0.6697365173881558,0,X,C
0.1864290922192264,0,0.8718862909082917,0.4450886687409138,0.14175590880002098,1,Y,C
0.0960849086404397,0,0.34963381126149684,0.1339965520864813,0.604269998968539,0,Z,B
0.2542483132856362,0,0.3507655066361477,0.0510946427587764,0.799016747683921,0,X,B
0.0533167412288401,0,0.2938253633939383,0.7232307507497949,0.6860065957820436,1,X,A
0.05905398721289539,0,0.08031807207249497,0.8823035117530317,0.9737001056299215,0,Z,B
0.23979081483637604,0,0.56516438442596,0.8644619495369127,0.16370374247996822,0,X,D
0.17706346129069453,0,0.42696422732717476,0.43723493502097,0.09877116147719711,1,X,C
0.013075542050879194,0,0.40362877705404376,0.09150931257550354,0.9615479478369117,0,Y,D
0.21929696548337374,0,0.3733743257153922,0.3748803826765801,0.022299832335283765,1,X,C
0.2625262489042622,0,0.38542963168292876,0.4620723593935049,0.6760728709744523,1,Y,A
0.27338080261137243,0,0.6667799892027436,0.1833495432671297,0.40490632986293207,1,X,C
0.08489917889117678,0,0.33404322572537193,0.6550671942994812,0.1779115428159017,0,Z,A
0.2623593397761956,0,0.6356391819150906,0.8133229409263326,0.6546993682366623,1,X,A
0.2737855563897311,0,0.5485968830435719,0.8238742606657016,0.8284391966054885,0,Y,D
0.2769938899328184,0,0.3255565277681908,0.6484598762100225,0.10884453881320477,1,X,E
0.260671588131483,0,0.9870320085691435,0.38467178316432415,0.6986913559465118,0,Y,D
0.18420271750606462,0,0.4020140079035749,0.5757831911185591,0.4721731176524222,1,Z,B
0.1491454803826693,0,0.40625585871889236,0.1281857632403296,0.5162082353377485,0,X,D
0.10688013579639817,0,0.5954678251169213,0.2699504904779605,0.26187697092617,1,Z,C
0.2770219981964309,0,0.10248408629272887,0.8730126958352856,0.7242477488165057,1,Z,C
0.10118672345740283,0,0.6239286619523887,0.053392176693360605,0.7008871480189123,1,Y,D
0.2765912689215217,0,0.5843003116913799,0.3075995349265742,0.3410882302583863,1,Z,D
0.058443281805623915,0,0.3761890866778851,0.46441987458597656,0.24788129056910535,0,Y,B
0.08896759039389934,0,0.4646530649917996,0.47123894540112476,0.9051232801423801,0,X,C
0.1937977257329654,0,0.7976651459678821,0.4553404078734249,0.21999225554768476,1,Y,C
0.11379514725029229,0,0.5868926407872733,0.6167736631253665,0.438372175656081,0,Y,C
0.26866190893966757,0,0.5880592968861587,0.38827377411441655,0.6184752885974077,0,X,A
0.2589506633483379,0,0.6254402716671407,0.030281172489788455,0.27066565913031393,0,Z,A
0.27270406011282594,0,0.37206585372893775,0.26036952585079143,0.42263094189049344,1,Y,B
0.15399275416174565,0,0.5281732011278122,0.446189011787098,0.8891703100963964,0,X,D
0.1787459096602018,0,0.39553886725777654,0.7671639937576797,0.90785696344983,0,X,A
0.2611473152406432,0,0.6171336538655192,0.3680285653462789,0.6675180164063272,1,Z,B
0.14538881389110478,0,0.9394915207579717,0.1584605484058138,0.17853600991256413,0,Y,D
0.27456536454928576,0,0.3024808687615037,0.5155057802013583,0.8468292623921525,1,X,C
0.010778333281780595,0,0.38575282006986433,0.6320872053264266,0.8989832954842386,1,Z,B
0.17712365338873762,0,0.301061958446155,0.21366546910489503,0.6799735173282069,1,Y,E
0.2549695767501239,0,0.164592739313148,0.7799108823115595,0.6093697881460673,1,X,A
0.1673023809317246,0,0.08164419705222115,0.3243991895326065,0.4516846602651825,0,X,A
0.13103112349768864,0,0.4931750564964935,0.9133726952165027,0.3270448757439224,0,Z,B
0.27692266262889453,0,0.631122942690104,0.2935000995813968,0.929479929708049,1,Z,A
0.23216630993440915,0,0.2483760231959774,0.752689447032824,0.03998738152137349,1,Z,D
0.1474679574221592,0,0.7165261910455344,0.6280250110477688,0.6759236608285458,1,Y,A
0.04742755281110975,0,0.2622806957474254,0.015902007102206905,0.4186474319951522,0,Z,B
0.23089620005718017,0,0.8614303948884392,0.8024284655910959,0.3697021639885397,1,Z,B
0.05211585280669293,0,0.2828156341468131,0.21156580922631085,0.4864725322588469,0,Z,B
0.2683833114714237,0,0.8771332879360868,0.4800229165975268,0.5451284641948441,1,X,A
0.20162501097842114,0,0.8032936149414603,0.41447328429788366,0.4025943861429798,1,X,C
0.14266693049051352,0,0.48393312187968385,0.48390444939365795,0.9277364301190358,0,Y,B
0.2766044274052221,0,0.36520725644349195,0.524369043391847,0.6714505386011184,0,Y,A
0.23105661273564543,0,0.7094378065896202,0.20958094261847693,0.9004105070316842,0,Y,C
0.14559366019892628,0,0.11224351166510937,0.3819279170230472,0.5052889482560955,0,Z,A
0.23152251074605276,0,0.7771699805501187,0.5574209482965299,0.1998976473371359,0,Y,A
0.27179962847710043,0,0.11866501837276655,0.8970576444082508,0.17102981065296874,1,Y,E
0.24918164400936016,0,0.9969796254486928,0.44132019558254554,0.7703078572680888,0,X,B
0.2577452142250376,0,0.6225158404273065,0.23328688345416815,0.5760434348700126,0,Y,B
0.2765008121911079,0,0.6507326639363127,0.7928417680364331,0.5486135929355516,0,Z,E
0.20591961782623028,0,0.09565067371994862,0.2667055839626965,0.4505194503251214,1,Z,E
0.05356664277787072,0,0.8143535662190611,0.6990779168146224,0.5888181502561605,1,Z,E
0.03810433175485803,0,0.004213344650264794,0.9410217420134467,0.8001162731263609,1,X,D
0.27693292769873157,0,0.6971806538762373,0.797737565949769,0.46197964431727045,1,Z,C
0.25797458258330885,0,0.36592367388850777,0.9126911863769421,0.6534758996836942,0,Y,E
0.13028622166161968,0,0.9595559084320102,0.44003281633971403,0.8634104529290918,1,Z,B
0.054090110311845956,0,0.8385270461803154,0.18617223911274017,0.42496128374498476,1,Y,D
0.06808437016683823,0,0.20330299139661379,0.7028116114549122,0.7700903941935694,1,Z,E
0.2750478732262533,0,0.45052439737259486,0.9214833365636825,0.40345640939173344,0,Y,C
0.20211604665219873,0,0.6329937151745314,0.31498471221842417,0.4886201068821989,1,Z,B
0.2362694616262216,0,0.1962778663497723,0.5000898446823548,0.829137781985552,0,Y,D
0.24633326659825128,0,0.04573868653220203,0.012192260396990062,0.3700056148944142,1,X,E
0.16863048468674083,1,0.0032562053076402586,0.12268229667179886,0.7160208372714454,1,X,D
0.17404534907925698,1,0.0024171642863665133,0.037961679121252145,0.07391495168996198,0,Y,E
0.19667842690718768,1,0.013711304322125972,0.06305238667875623,0.21233365377551583,1,X,C
0.05601863461146012,1,0.9045057468637654,0.49952751840311094,0.47262923768757237,0,Y,B
0.07812916334678166,1,0.2211661357347825,0.5750174204942045,0.35832707562359034,1,X,B
0.10214906682920656,1,0.1425704134831448,0.5990621487087269,0.340615525372873,1,Y,D
0.029604259173440804,1,0.4215441510652088,0.4144546825427855,0.03795688132470376,0,X,E
0.13318579466151426,1,0.05236575783555053,0.961634762859068,0.4487748756077591,1,Z,C
0.14376918953956794,1,0.13357587966858175,0.9711308991617154,0.8971986049750212,1,X,E
0.20593817259334837,1,0.6901625547195179,0.572554007586121,0.9640966621174812,0,Z,C
0.09532231973980754,1,0.3103249619695342,0.04507024550382854,0.9888585435219451,0,Y,B
0.06603619119561198,1,0.4603963162514565,0.056690399269323954,0.4817307005334329,0,X,C
0.13118363344533052,1,0.22293121197386034,0.6773592521242109,0.03496619174979809,1,Z,A
0.02929703241311554,1,0.5072692023900824,0.2874829446415935,0.3379993283043643,0,X,D
0.1539505729234762,1,0.41361940675541864,0.7566033124615704,0.27596059215532076,0,X,B
0.07681972948028284,1,0.003307153976641275,0.4121125525342695,0.8973771537759324,0,Y,E
0.10563960861708283,1,0.3415612687088413,0.8384874252383602,0.37505462880593854,0,Y,D
0.22179541565844174,1,0.6492418728832028,0.7533202024647284,0.35044698677058084,1,X,A
0.051979789348394416,1,0.750291597621481,0.9521390581629157,0.12742763666996726,1,X,E
0.061214511475951375,1,0.4195791599354467,0.9557980608371174,0.8038750420602644,0,Z,B
0.27078111161670987,0,0.957400096960603,0.29261207938839773,0.09176071911377237,1,Z,E
0.21300274945620626,0,0.6551136375407246,0.20103327961910245,0.3562710826047053,0,Y,B
0.2434158030763563,0,0.12059203768705906,0.6042167546687498,0.2181973702676464,0,X,A
0.1759056364471541,0,0.4303136672596135,0.988016752625361,0.8768861773656735,0,Z,E
0.019721613581773344,0,0.035832241937691856,0.845789024025347,0.08538476818987184,1,X,E
0.27175209877087453,0,0.5083928102747238,0.6988437194082058,0.437131061817132,1,Y,E
0.27591637069324754,0,0.1638856939410115,0.9028944731576297,0.05331257470331907,0,Y,B
0.024287374851916007,0,0.8187039118541457,0.17906407837884541,0.642409210718645,0,X,D
0.0024873681709205093,0,0.4433798724152339,0.17513616325786718,0.08191784786763712,1,Z,E
0.2090914603479386,0,0.8407729886197438,0.1432863183146279,0.9655525635276594,0,Y,B
0.10065051706733379,0,0.4068181655413877,0.5363596790934757,0.18302742840994646,1,Y,D
0.05159751338019363,0,0.5617337062148694,0.6357107339622935,0.10162248225967885,0,X,B
0.21342081523916853,0,0.4655777406897046,0.929123539353729,0.3297278120223732,0,Z,D
0.25430570733575064,0,0.5252647703354323,0.5190391473252508,0.36326757806804066,1,X,A
0.003965241756123308,0,0.31483690942603604,0.627784391425143,0.10908705573708144,0,X,E
0.2695788185611041,0,0.20139091591458846,0.43813400550177406,0.33876492346107534,0,Y,B
0.04108427076180009,0,0.9288653194336417,0.06308444430193383,0.8898824398758884,1,Z,D
0.1866279163014959,0,0.5143299645663708,0.47185037743238933,0.22093556934888137,1,Y,A
0.10029052514862748,0,0.4255935539784831,0.11084304140466406,0.1410896081873635,1,Y,D
0.24160544627592187,0,0.49607021258531814,0.20534865473549213,0.5284084588803751,1,X,B
0.0861169096592359,0,0.7763953188378047,0.48233376858592913,0.4134002433383682,0,X,C
0.27594033971076465,0,0.018339432057008942,0.13362513879969562,0.16702864106926285,0,Y,B
0.1996290353129549,0,0.9205692274791945,0.09072795074342643,0.6042041607123273,1,Z,A
0.20822737623664214,0,0.659735315982871,0.6190865520345302,0.10813862786559092,1,Z,E
0.0670070005043962,0,0.570849983792096,0.008564091463706514,0.5325332626460171,0,X,A
0.25485151866978284,0,0.46547803903450735,0.7708728006314396,0.39205519006097456,1,X,E
0.27693978195914865,0,0.587853689052338,0.9436410467330411,0.7397176892627786,1,X,A
0.16534683546949644,0,0.14437763857410046,0.38680719091061455,0.48793661618312256,1,X,D
0.17003462325280366,0,0.3201349857907094,0.6235451819151523,0.016397966462979974,1,Z,B
0.019433306724124588,0,0.660457978234553,0.5769369522829437,0.4594466853022856,1,Z,A
0.25398985143071484,0,0.24763573002808403,0.6674421209533407,0.23036333462691794,1,Z,E
0.09000774612559222,0,0.4164149177373443,0.34338054240022664,0.626329996674771,0,Z,E
0.2692168068655247,0,0.7797875016780331,0.12157618322699948,0.6282874377518202,0,X,A
0.2598410993552914,0,0.07173558408196568,0.994327268972026,0.04123459948722785,0,X,E
0.20213442176768895,0,0.1447809507901635,0.1749848700510943,0.16855940364728517,0,Y,A
0.12689166373222982,0,0.9908271878805135,0.12602662642988327,0.11671525024833296,1,X,C
0.08361487950214996,0,0.6684481473726218,0.10910777717797826,0.6427312315196412,1,X,B
0.06959415517103314,0,0.6400699109798139,0.8667362945077405,0.08251532242021531,0,Y,A
0.19900448433222984,0,0.06276847531476415,0.7751141811027342,0.7066289086067259,1,Z,C
0.27697753186030416,0,0.9959879411528864,0.9655644331728601,0.8444482640910712,0,Y,B
0.1139082196015664,0,0.3811331852737029,0.6745965332159721,0.3712785619179837,1,Y,A
0.15804011821907024,0,0.3627690795166699,0.7274561454994203,0.7830202744171961,1,X,E
0.13662013176204407,0,0.21252960958944533,0.11240599057601042,0.9007996632450058,0,X,B
0.18812215085486844,0,0.3763627136444292,0.835218914012146,0.3342774710223505,0,X,E
0.012319244819396807,0,0.7945056381366296,0.41188180945113295,0.9496628062221409,0,Z,D
0.2179552507569536,0,0.47547143159476424,0.6585453098729929,0.5721621413698205,0,Z,D
0.02479575304177866,0,0.08950879403320688,0.638837081067697,0.005071411181658769,1,Y,B
0.2657268410232723,0,0.5149647740767234,0.7462494747348193,0.7436097241203063,1,X,D
0.08335393268704085,0,0.33235298947631575,0.6005336699628063,0.5946642028331955,1,X,D
0.17737873159201867,0,0.2539155890712791,0.1630418690262716,0.02145473920663199,0,Y,A
0.11228125410145769,0,0.5896127249239536,0.8304079341718867,0.45106747709418826,1,X,B
0.006698826122585632,0,0.5967145494774113,0.5236905281127636,0.4733577258090369,0,Z,A
0.23184418396264658,0,0.3304148055913576,0.577490221748187,0.6960470524429124,0,Y,A
0.13470884820603943,0,0.3959084613624686,0.21401848315553373,0.8607176959679783,0,Y,A
0.10256168829877611,0,0.9174422793292424,0.8329938064495939,0.3368675750409241,1,Y,D
0.19128071868035237,0,0.41792578597888175,0.25810780679362344,0.7841144874776574,1,Y,D
0.07583783430967696,0,0.07751041874051279,0.3627737730628299,0.5069013814590971,0,Z,C
0.059258710037914206,0,0.18320696792279334,0.3319608960406235,0.6328265024975628,1,Y,E
0.2767755164459769,0,0.0749285755723369,0.694907632585876,0.588398549558176,0,Y,B
0.23917179066036612,0,0.7124126083028851,0.9051125256922843,0.22558094278322716,0,Z,B
0.2512893048053672,0,0.3815147685244238,0.22916831374230695,0.2330296237140872,1,Z,A
0.27444266132018136,0,0.13282855518651138,0.12281413745579128,0.48354400435555467,1,Y,A
0.2747513135530128,0,0.39313170531738406,0.1529550964053512,0.7540333027162935,0,Z,E
0.2727965803881233,0,0.3957275700986995,0.14713935701227576,0.3703537646810299,0,Z,D
0.2722813618655186,0,0.11557230659031137,0.8314396335129683,0.3417157538398601,1,X,C
0.04109530694271279,0,0.5161017662464308,0.36334490812628994,0.616825113598218,1,X,B
0.27537154076042286,0,0.6952784135401113,0.6120047188829792,0.9580289390023651,1,Y,B
0.061035479075290784,0,0.5707594871812779,0.31031128907490735,0.258735462158979,0,X,A
0.03796113072312335,0,0.614177490602896,0.6779341377206427,0.5528603646510707,1,Z,B
0.2717267793924167,0,0.8230736846681597,0.24261855273297717,0.910502733432836,0,X,E
0.009137973528374541,0,0.17623410198866463,0.6749176329917117,0.0941362451712845,1,X,D
0.019786510251228625,0,0.601601140974447,0.9608612486772558,0.1921319059473241,1,X,D
0.22503827617669284,0,0.9424240485197735,0.494162996432968,0.6367302485118299,1,Y,D
0.24732098462051785,0,0.7749213109260227,0.43977550616194305,0.7157295035202667,0,Y,A
0.10774549833244763,0,0.45846596598683764,0.8777028366022767,0.9172407151006869,0,Z,C
0.15559658285878777,0,0.6638447688463203,0.41520175389079417,0.6522028682779336,1,X,A
0.255889074931114,0,0.8915651931392663,0.46858736656873234,0.4928109088261007,0,Y,B
0.034320611153766147,0,0.8440895243415821,0.44099238110492023,0.26882191011042855,0,X,B
0.16086901496866382,0,0.7313188186019249,0.5768644897093772,0.8569749434899768,1,X,C
0.16518040787134777,0,0.8494600879861723,0.5186990350043733,0.6665059950094551,0,Y,C
0.24352316869963786,1,0.03673186164088171,0.7308058524065866,0.3910302952231105,0,Y,D
0.039432137194162754,1,0.25795006087026084,0.8997800910262562,0.6938264320845156,0,Z,A
0.0013406568672899599,1,0.37259527477248244,0.07198176547278123,0.1915162034092628,1,Z,A
0.14402969489163595,1,0.6827062909869184,0.42682091559151625,0.1488877842497336,0,Y,B
0.2205581380055093,1,0.07114120109414968,0.9114662000032343,0.48342409353538507,1,Z,D
0.10409477946580786,1,0.08268101656816129,0.01980865594175263,0.9472010939513623,1,Y,B
0.1284775189757453,1,0.5166478938247734,0.26579431496690964,0.49932291074121227,0,X,C
0.007427786298919634,1,0.5821033549207123,0.6269935275960691,0.7306510707470051,1,X,B
0.12107738779940515,1,0.45760757226171844,0.610635480027653,0.739416637180974,0,Y,C
0.21780807860155751,1,0.8881916334740029,0.5060753231559432,0.7934813838587239,1,Y,D
0.24113474803805424,1,0.5193718407757599,0.503023114488683,0.17359606249301207,1,Y,A
0.13436413251174753,1,0.43543358396044385,0.9459308069133874,0.7654869033807454,0,Z,E
0.02256168636953987,1,0.5541503014592092,0.8661343499779286,0.8391161942573176,0,Y,E
0.15818426198459448,1,0.4245821977378532,0.16066466736972262,0.32614159048014135,1,Z,D
0.14467726998149621,1,0.3404218339991514,0.4437939648626128,0.9669931407726944,0,Z,B
0.223835237742073,1,0.6328426526297217,0.9459901465944441,0.9497842861782163,1,Z,C
0.09804976338550188,1,0.27507871986421795,0.2002123061529847,0.13970213806802334,1,Z,E
0.0005073203043008944,1,0.07527623144558448,0.7823033693113179,0.7253833905583316,1,X,C
0.0026798050257772618,1,0.9271339109183748,0.046376560119707255,0.2789784771329782,1,Y,A
0.1029437191719705,1,0.7933082110229065,0.3911411459917552,0.842797384532656,0,X,D
0.24608634141439423,0,0.7352652714387852,0.34310425779158715,0.29721813317999823,0,Y,B
0.20424550488182874,0,0.4988415817244114,0.3674881111733499,0.4035181689901899,0,X,B
0.0113015606467351,0,0.17868936530927015,0.527807648243558,0.85398408865411,0,X,A
0.24273765485297297,0,0.32531176172430554,0.907355658449094,0.9811998789967359,1,Z,A
0.10192443047397327,0,0.9292548227303512,0.02110706273319074,0.3316828853946244,1,Y,B
0.26405390970063847,0,0.28188758790588875,0.04708805341805078,0.07327980667482659,1,X,A
0.19272717172348033,0,0.34964080556187305,0.02034327231001609,0.8833390610656862,0,X,C
0.24404264391594327,0,0.06502716056647206,0.19546129400209544,0.5311272964428291,1,Y,B
0.1552608843442859,0,0.2013669540951709,0.6100444797257552,0.39201285065051106,1,Y,D
0.22492999841233074,0,0.6119255755860278,0.3410058299509985,0.6548491946402895,1,Z,A
0.0922024945464024,0,0.32208973305324096,0.6557591829506197,0.03065667320497789,0,Z,D
0.2765792714378413,0,0.11150319901750538,0.44249404351674015,0.6774559389261836,1,Y,B
0.05726656330607279,0,0.33269354783051763,0.07807510860425004,0.30406112820207853,0,X,E
0.00910024171061992,0,0.014323154502661417,0.04340462661284772,0.5713148244964547,0,Z,C
0.12020727633141724,0,0.41222713008723055,0.4897174143285473,0.28399022032165555,1,Z,E
0.11498357709058038,0,0.5699180109556325,0.029079665924421128,0.46230349739589793,1,Z,E
0.10029320845470432,0,0.6745772876089299,0.9695923299382735,0.7968041546673333,0,Z,D
0.2207396783840715,0,0.50144889040129,0.46222283061736646,0.07622111418866861,1,X,A
0.2591764005209491,0,0.8605818878320937,0.5118052692417585,0.8768800019839378,1,X,D
0.02292020049723413,0,0.9539128843209393,0.9297066308267337,0.48265586480225176,0,Y,B
0.21540050494881488,0,0.43871949056124027,0.4670702390553134,0.4661868047487827,0,X,E
0.2652575114786838,0,0.5619608988264035,0.9407153559031903,0.5388615964888264,0,X,C
0.09172560203649677,0,0.17447629634977035,0.29775089496770213,0.09692847628869095,0,Y,E
0.0568281446162402,0,0.37464104860667136,0.06075699745264118,0.5489103300128877,1,Z,B
0.25292733341109047,0,0.657628637794252,0.8315152043602557,0.062360622532847576,0,Y,A
0.18147877703863302,0,0.6437410665616011,0.9041305432837417,0.2987880097046328,0,X,B
0.08855854923280217,0,0.38526892308630334,0.3701114733576054,0.38276536386982374,1,X,E
0.24310580486019015,0,0.9874714663978044,0.7247483182947679,0.9605578262920352,0,Y,E
0.26431150133799,0,0.5141018140969323,0.39003324138304696,0.9973653732699004,1,Z,E
0.1224094124009584,0,0.17382124347624872,0.3095837234194486,0.04900312063540846,1,Z,A
0.2750795241145552,0,0.13343558429055458,0.8001282606886363,0.6037660861769794,0,Y,C
0.058810157929414936,0,0.8145003463652178,0.7322122583731852,0.718217489791222,1,Y,A
0.020883325616736313,0,0.6984805077448539,0.6874682336725391,0.5708827294651192,1,Y,E
0.19103315161377774,0,0.634910200421247,0.06755685477232176,0.42152949440864884,1,Z,B
0.2127722405322362,0,0.33959487589078896,0.1902994655104887,0.21773130734975887,0,Y,D
0.07752809488814665,0,0.8609894281093887,0.19268424587862254,0.8290624559752056,0,Y,B
0.24713628610112892,0,0.49957181461513045,0.7972553583900559,0.7820174093126249,0,Y,A
0.20067978067588918,0,0.7785816690213991,0.1562442920588466,0.9049041579397644,0,X,A
0.015489393571504452,0,0.22522504200492566,0.34645639683504337,0.4339982360145904,1,X,B
0.22299756251618458,0,0.45946443685040805,0.6531808783735558,0.12355966473682067,1,Y,D
0.037247245130823836,0,0.9544345750048148,0.9486797865580243,0.36526612725503327,0,X,A
0.21562946713870376,0,0.9780881219513863,0.5977358099938501,0.6828132288780417,0,Y,E
0.2679555111720001,0,0.5922680127460345,0.16593979591007801,0.9197369548483836,1,X,E
0.09103051707279713,0,0.593658676482351,0.3079131513722877,0.6992650294006656,0,X,C
0.1481041655789865,0,0.7941134674513357,0.4316426375534258,0.13123296109293758,0,Z,E
0.20240227991895884,0,0.06195418937886743,0.38311293853678585,0.23572089034224075,0,Z,A
0.1679663874747144,0,0.7009043040339251,0.4944557046491167,0.9454303387906343,0,Y,A
0.15726922816691294,0,0.45585053401632736,0.4854302117928341,0.1466879302478783,0,Y,B
0.24569016370391253,0,0.9130986386375608,0.6612411121584001,0.8511286965630753,1,X,C
0.21843330681360362,0,0.7460125753966894,0.18969867342124636,0.35849369771071016,0,Z,E
0.2081262323073656,0,0.5839729170441313,0.7459109492981433,0.8991241769470226,0,Y,A
0.18382977673286022,0,0.5328493148500226,0.05903882152988793,0.8391331782465228,1,Y,E
0.04315906576831578,0,0.8642936202053844,0.13861391604447515,0.15316683899559835,1,X,C
0.2762179811397298,0,0.41739905855577775,0.0696583424872117,0.3484280275784637,1,Y,B
0.27687641502503746,0,0.4963328132121886,0.22854062773828165,0.6912305976085218,0,Y,E
0.27044935775269263,0,0.7877963044305272,0.1469822466588877,0.9412794787295741,1,Z,C
0.24549757818077292,0,0.02202814760224836,0.793455031311687,0.7906832110442013,0,Z,A
0.18351711419731348,0,0.9921029895615496,0.9160057967406461,0.20364716682775008,1,Y,C
0.029234892596616092,0,0.4925076706186897,0.6185418487500802,0.030071431103328328,1,Z,C
0.1517816366088717,0,0.13134164563878747,0.3914559744372692,0.16405467297601806,1,X,A
0.26127958041184973,0,0.4762779472031242,0.10652141455167785,0.06783989967544457,1,X,A
0.27703580801733974,0,0.8259199027972189,0.06880052173387874,0.8500855684650875,1,Z,B
0.22843069351182527,0,0.2841262189848257,0.6527274242756875,0.7458879132903757,0,Z,B
0.27703922930156183,0,0.7353453257722753,0.39734683766645773,0.873333195755163,1,X,E
0.23951575034797248,0,0.5318859529313839,0.13924836695722775,0.6301501131771821,0,Z,B
0.0007582457196334402,0,0.008720760046872722,0.5069263862693528,0.5341965730020999,0,X,A
0.060917242827732185,0,0.29463936788461975,0.1384142795603125,0.6529272750642278,1,X,E
0.158201042675725,0,0.21445368354578986,0.25174732264375355,0.2626752858284007,0,Z,B
0.25374810245098084,0,0.06353435049592282,0.42412126220201585,0.4008189502699486,1,Y,B
0.2323410578602896,0,0.6783686014207192,0.43289139484554207,0.57142484767778,0,Z,E
0.07314630319651243,0,0.38622833261716216,0.27918225891892623,0.5663714436633971,0,Y,E
0.1280525858440003,0,0.9937185557270202,0.28320155488923393,0.297666355294967,1,X,E
0.2752415138591314,0,0.7782049913542491,0.01731474350568618,0.9826582988805079,0,Y,B
0.06536588896883287,0,0.2796969615912922,0.37887609225979324,0.8921794882734712,1,Y,B
0.20001984081030005,0,0.9580636571251476,0.009113908979613616,0.8802562345759186,1,Y,A
0.20838597470993234,0,0.7280328629477619,0.6479883748803524,0.48376565674066385,0,Z,D
0.276801561560495,0,0.9001287724142779,0.05763635258805344,0.41178496120795527,1,Y,A
0.2443216582299884,0,0.03521191067844365,0.6996603432999023,0.6532295832530642,0,Y,A
0.04707940340220914,0,0.2712974576562366,0.703612605428687,0.6322144664804058,1,X,C
0.14683941429211372,0,0.1969457525075008,0.6536061682100051,0.26553153109583016,0,Z,B
0.21980466880403074,1,0.324207572118548,0.6668935621344483,0.8466386180663702,0,X,E
0.08642524287622473,1,0.05562278711359259,0.6006677656325992,0.7006000097909112,0,Y,E
0.18039394399253236,1,0.7206962151231154,0.23488952100267402,0.03511115432545764,0,Y,D
0.15723796235937423,1,0.6223421782810912,0.47731703627841193,0.8281831079634044,1,Z,C
0.22650959786166902,1,0.4629371466147062,0.07869667197722663,0.374010301727552,1,Y,D
0.13113238835978108,1,0.18965921143966036,0.49565013787638446,0.10228352265504692,0,Z,C
0.15292677337551214,1,0.1623100391883685,0.4881923115143091,0.6101550386616854,0,X,D
0.06220570632672572,1,0.2991115614445621,0.6290504447836054,0.6107463305054646,1,Y,C
0.1861309854458925,1,0.5290684556464333,0.35147980763932185,0.006422632009567719,1,Z,C
0.024000975596301287,1,0.7113057832710282,0.7208080108268806,0.7153264246069951,1,Z,C
0.12028295440486403,1,0.7958636566355934,0.7608817475420028,0.39973366362294627,0,Y,A
0.20724335511766695,1,0.025539164110759516,0.477731291743446,0.4881802382853321,0,Z,D
0.028853263877076353,1,0.8728990012235475,0.21268687848043055,0.8491370707628625,0,Z,D
0.023271487939921183,1,0.06613397367606977,0.06303963025663051,0.27794024362183667,0,Z,B
0.1419703335259796,1,0.6484798733660551,0.17752167185748902,0.37645933575993173,0,Z,C
0.06909905768406938,1,0.4086078925592751,0.425437567910509,0.7847500193778618,1,X,C
0.0742826415153561,1,0.5199046269255663,0.7608260342416251,0.9060320742767014,0,Y,C
0.021643562425660873,1,0.33454659752772864,0.48247131843245994,0.5380323991691754,0,X,B
0.18554115915497998,1,0.14489045950918933,0.5467741306282312,0.6377319067324104,1,X,C
0.0019355063634287008,1,0.25570712385541317,0.037401452441197636,0.5574660376688829,0,X,E
0.2588479728704704,0,0.5386665588278081,0.47536246948854244,0.17012905616348728,0,Y,B
0.155447413871654,0,0.4564663847789142,0.7493754123203678,0.7969127137569454,1,X,D
0.27328273769816785,0,0.3304520628373624,0.7289391571252315,0.3551843375308169,0,Z,C
0.1798938329948059,0,0.5055731583617473,0.9577531311242856,0.5180254810348004,1,X,B
0.25695664898942056,0,0.46607430187582444,0.17314867397012346,0.15832016077562294,0,Y,C
0.25916283661019873,0,0.5139575878350315,0.5002740796740835,0.9673087754283454,0,X,C
0.09747040511792342,0,0.7887601490207631,0.6245656712683267,0.20632020907364468,1,Y,A
0.2717312464017033,0,0.11121032712943568,0.6295156376738037,0.7757390255114939,0,Y,A
0.22636358066170448,0,0.20264717127676835,0.7757610367509988,0.910893171727686,1,X,D
0.0072371470052386795,0,0.4052376346530471,0.3250657085858485,0.9274165713129437,0,Z,B
0.2076952722744055,0,0.109312240550132,0.5801432301733047,0.7653823505341325,1,Y,D
0.25432630713015053,0,0.49639037150684306,0.4667304804282023,0.2810857885135648,1,Y,A
0.15875746628413223,0,0.5794775960539367,0.41841626080181227,0.46940167464654603,1,X,C
0.09630496379427497,0,0.1342905961566293,0.63695211002849,0.992079229844888,0,Y,B
0.2337258868940343,0,0.5307163805605959,0.40105921953385637,0.9614175627092967,1,Y,E
0.02637715707662725,0,0.10493356149855038,0.3765766396247623,0.8182655635046461,0,X,E
0.17323277083909272,0,0.9178843226248498,0.5142302781179721,0.8731859176516216,1,Y,E
0.020990676604881343,0,0.017482277156485315,0.32770728066144494,0.6621167256468277,1,Z,E
0.1722951275285292,0,0.9216951397081813,0.21176258025362982,0.10698443889970488,1,Z,E
0.12397255215287689,0,0.6483221155178562,0.1431630085516581,0.03871093252345981,1,X,A
0.27242975891890775,0,0.7355487482113389,0.30453100168711467,0.691269846589308,0,Y,C
0.265759363149036,0,0.022473678279671283,0.8481140592745017,0.1642095954977053,1,Y,A
0.2468270745860842,0,0.4737276051560798,0.2976707810945214,0.15331011768187597,0,Z,D
0.1304481826120456,0,0.0924508216539005,0.6737862047635308,0.7040807493195511,0,Z,D
0.189229192850296,0,0.00904983545351512,0.8297423321586712,0.22670511551034667,0,X,B
0.1405715600765089,0,0.27451184408227436,0.7899056311731251,0.887938388085456,0,Z,A
0.2340591207012115,0,0.7231565111062339,0.21343124628992982,0.6295524530120465,1,Z,C
0.2569009086650154,0,0.15512243972125894,0.12591351590803712,0.9251591583623563,1,Y,E
0.042955086296168954,0,0.965134597853274,0.061781208777605956,0.005105630021107976,1,X,B
0.19530826985001284,0,0.9573572732372091,0.01132312006681857,0.5166975922956789,1,X,A
0.2767545942114954,0,0.29083846459719487,0.2970207072715626,0.25268633826008824,1,Z,E
0.16217807071453902,0,0.9532080140100728,0.5323062557888181,0.504930909836891,0,Z,C
0.12192023104987632,0,0.5219384160392855,0.549753880785785,0.2770033096477651,0,X,E
0.2605821808506195,0,0.4908052938031465,0.8559951029351501,0.6126110170061806,1,Z,A
0.2582826464473034,0,0.8163779883158535,0.9077628736261758,0.6813555210796722,0,X,E
0.27287911942929144,0,0.6383721909419384,0.45487667766240947,0.17516663896350115,0,Z,E
0.2763964794107478,0,0.05657711545799127,0.03487070020931937,0.7683933843153887,1,X,D
0.2766921866530575,0,0.029470013163161113,0.11834195589427088,0.8038306602754878,1,X,D
0.13012966156894698,0,0.4476347128606414,0.22431729971628556,0.8228093930658379,0,Z,E
0.1203871787414962,0,0.024625278293772257,0.6047289463861635,0.5004354912039884,1,Y,C
0.23386430649090592,0,0.8209895937684402,0.8839655486811645,0.9141260426972262,0,Z,C
0.18570408511968306,0,0.07306994744925821,0.38567864101152083,0.9881098335492948,1,X,C
0.2707606178414277,0,0.09860955438392371,0.30491218676937915,0.25961046855982195,0,Z,A
0.276158349637362,0,0.5788499799412253,0.3206902641455115,0.5389283789409607,0,X,B
0.10070374547386703,0,0.5872654071803791,0.7782737985771478,0.48338904712231057,1,X,B
0.02737068057640261,0,0.18719561485087943,0.23177654693305738,0.1829176556921337,1,X,B
0.2595532526504656,0,0.19705352951006228,0.1973818422665632,0.9780745449146847,0,X,C
0.2751589892715207,0,0.1624693046690746,0.34077602408058605,0.3977924253275035,1,Y,B
0.11756224497625266,0,0.012537950738462533,0.2479231593781217,0.6222978569148335,0,Z,E
0.1459296916263544,0,0.12267208795264184,0.7964211395398147,0.3851667103115095,0,X,E
0.004942233379935057,0,0.9485706066843581,0.6159649640484074,0.3478381874807922,1,Z,B
0.27501115997978876,0,0.2758564012140089,0.997274752053107,0.2521143032842895,0,X,C
0.14529671653546747,0,0.02556681301019914,0.37549723843580995,0.19187135674011946,0,Y,B
0.24801968981066846,0,0.23617873653668653,0.3464657727174887,0.9607893780960534,0,Y,C
0.14148848193191588,0,0.12955548124887606,0.5036871315146031,0.9874063957779288,0,Y,D
0.24009769281262008,0,0.899785102413116,0.7532649506491284,0.6374326365715548,1,Z,A
0.27555072054510454,0,0.17913103881377046,0.6879683685133149,0.04874313781462447,1,Y,C
0.24764298695054363,0,0.662943611631784,0.8897189501452111,0.010365764086627705,0,Y,E
0.26997244172966506,0,0.8154424672824971,0.8288979242005117,0.5169389206808365,0,X,D
0.2768219490957686,0,0.584821703299157,0.6056871068405368,0.786292660599607,1,Y,A
0.03097558519190297,0,0.2136383464621605,0.06877562956060201,0.10410910259026618,1,X,E
0.16285001273741553,0,0.7570767130275605,0.26585352810184726,0.5860557468954174,0,Z,E
0.22726905642459475,0,0.2770111943559427,0.20879771229837873,0.9330232793691453,1,Z,C
0.17572576567068068,0,0.9956227903103009,0.2932047632124152,0.08635853883557909,0,X,C
0.17618393792517942,0,0.28509131553323397,0.5475800680120619,0.334519210291769,0,X,A
0.2203404882212976,0,0.1329797259277491,0.2759575115849686,0.19441030355548905,1,Z,C
0.07905904144165618,0,0.12785610826846538,0.43800476432734237,0.32520737304306613,1,X,B
0.07045908339705746,0,0.07390065328199535,0.9969484870408721,0.18676454533513698,1,Y,C
0.10982198426913885,0,0.19305931446828528,0.15561731991732597,0.05130383347139089,0,Y,C
0.2566880936365864,0,0.8502976803361397,0.21474251318213833,0.9889734618489834,0,Y,C
0.2724479290298132,0,0.36777230646609294,0.010627815378426497,0.9974670414472717,1,Y,E
0.27274500087131565,0,0.08842721767846307,0.8530325240291261,0.638650076921739,1,X,E
0.23386078850037872,0,0.7335330102576323,0.927136229085388,0.8794601580406299,0,Z,B
0.17960787413340049,0,0.40896702994952805,0.8702811820499966,0.0580159983741525,0,X,E
0.2659822048004247,0,0.5530749185844084,0.5368816571007002,0.024882497319441477,0,Y,D
0.20894553719490128,0,0.7339926378829793,0.1577524976819734,0.15017940587621093,1,Y,B
0.27623750468395925,0,0.2517451779737414,0.5594107969376871,0.4828077756514785,1,Z,B
0.15684668781319455,0,0.9572762300003611,0.42347494428009935,0.6474274772030384,1,Y,C
0.18365673121251355,0,0.16915735566838497,0.9165095567607291,0.46124365129464984,0,Y,D
0.2376157805410848,0,0.29360830274623984,0.5909849511774901,0.478039335166359,0,X,A
0.018449412757250837,1,0.680789123642027,0.3648760060620926,0.6527898151354762,0,Z,B
0.10969529099483025,1,0.31564878625229886,0.9153276111194333,0.7706775316528052,1,X,E
0.061809737383351514,1,0.27539885009571674,0.8107006650922222,0.7332775976259033,1,Z,B
0.07833866833623729,1,0.1460715640749347,0.9469475920594719,0.13401681805419485,1,Z,C
0.1922243554218835,1,0.3336283875469961,0.6484738495148601,0.7747113533133693,0,X,E
0.23300457268990238,1,0.5204661555701532,0.8874913413757458,0.6842308714088495,0,Y,D
0.22026723022291023,1,0.5875324004812026,0.5324189836318317,0.5912283949659225,1,Y,B
0.06038373692519686,1,0.6150497972196824,0.20011899831344493,0.510600738988175,0,Z,B
0.18257676588964245,1,0.18509659779716148,0.7498283098894688,0.388599968105362,0,X,D
0.07475711094417323,1,0.42073138019493717,0.2625345693680211,0.5634285499420241,1,X,E
0.11067278320656829,1,0.823971838230961,0.6063846575869069,0.9680272396053927,1,X,D
0.06586397620689524,1,0.7878570329299974,0.619142773078326,0.26505754412220317,0,Z,E
0.1507562217483394,1,0.2790704673137012,0.8718609264577335,0.7203888656008339,0,Z,C
0.1018037296624446,1,0.6922290614007625,0.3090165465443706,0.666564139880467,0,Z,B
0.12801633887049332,1,0.13261029474439123,0.7352358133461633,0.7671156940976344,0,X,C
9.53093450612491e-05,1,0.10464804587187515,0.017570031762655813,0.20320648762199134,1,Y,A
0.05223729389747309,1,0.5482274924643799,0.18120423917736816,0.8077109231144265,0,X,A
0.13397333210846155,1,0.7649154333186731,0.6891278494673825,0.2252978852337555,1,Z,A
0.031009380749622277,1,0.655754664849822,0.892335687237251,0.7207516653189555,0,Y,D
0.059792667612068015,1,0.7570717279273337,0.8034174412785574,0.19875229506652858,1,Z,E
0.06785567578486815,0,0.7384036954241137,0.34573247831448506,0.030043492650740133,0,Z,C
0.19566902709911854,0,0.8307184096519071,0.6036530325735207,0.698463440884916,1,Z,D
0.26264260896589803,0,0.7419450298183817,0.7354501856904874,0.892846313294114,1,X,A
0.0864287224203844,0,0.7943054781062832,0.4046619766816867,0.3532906514735423,0,Y,C
0.19084152575093052,0,0.008933922036895803,0.2143377241644172,0.9694654846103203,0,Y,D
0.27252943428461707,0,0.42748246871755313,0.9241745094085082,0.9724477305075081,0,Z,A
0.15037152026042958,0,0.06831314921140674,0.636348890190687,0.608238766154423,1,Y,D
0.23019946475492725,0,0.8126168294606674,0.7400304566756609,0.07123880972307539,1,Z,C
0.2730164326837584,0,0.5921160633599641,0.019581542063795365,0.8955224290276803,1,X,A
0.047414007412787285,0,0.32566066923337056,0.5398033322416833,0.054926905619331556,0,X,D
0.2758550192759401,0,0.8174851409539996,0.10122556817085748,0.9898192624571887,1,Y,C
0.14298178803374542,0,0.13994464612224866,0.4818066709985317,0.5347482505454129,1,Y,A
0.20755787012218602,0,0.907282431320157,0.5667785597678766,0.15160726171767824,0,Z,D
0.03349359261155049,0,0.3603488172959691,0.9149538191148444,0.30911415764220085,0,Y,C
0.2397158028855492,0,0.1518166651978965,0.9113110916126352,0.8352198529479774,0,X,E
0.27433111982582176,0,0.9281676372559547,0.1403084872317576,0.31513208480427257,1,X,E
0.13443660810077898,0,0.1439274369852518,0.051979352799024325,0.5894516223117767,0,Z,D
0.18891669260131047,0,0.2345020894273232,0.5883160210711768,0.6503452324339848,0,Y,B
0.051156510002071616,0,0.17448112482840572,0.3440198247337064,0.6954597422133749,0,X,A
0.24351783561221946,0,0.3849264916804568,0.7253997668887067,0.6733339243588734,0,Z,C
0.26999966153728117,0,0.3798583095553574,0.36332389336306625,0.8724015837329856,0,X,B
0.27561343485941103,0,0.5662751998099644,0.23368963832389222,0.046328467466159484,1,X,D
0.23748244659040949,0,0.12378366248303896,0.5154161192589966,0.8511548751597016,1,Y,A
0.009939643226250594,0,0.9774788128342113,0.6809973617059946,0.7744764542293402,0,X,C
0.24381487166413957,0,0.9178163455519799,0.9899456329036854,0.9430911506499797,1,X,E
0.052772044864565736,0,0.46743474254148554,0.5316658264037584,0.5810937681299455,1,Z,B
0.17183231004207558,0,0.9588686387360501,0.2454101294673452,0.4299219901928454,1,X,D
0.15904542264460625,0,0.1056888874005163,0.7950455987989867,0.4529526810622405,0,Y,D
0.2759696815745716,0,0.8383124768269072,0.4352952176506374,0.27973522584026145,1,X,C
0.17174070276124456,0,0.23882558143421495,0.765041339775552,0.4626582444677456,0,Y,C
0.15152421535155547,0,0.5894675700524552,0.43158629223323486,0.3473653345059332,1,Y,E
0.09434334198258061,0,0.9213717695595111,0.40688527819511244,0.7930495317309503,0,Z,C
0.276140787357256,0,0.7715835962612363,0.2915648770707734,0.6398245812392677,0,X,E
0.21371176894646612,0,0.5794716537362108,0.5512369155821275,0.827557122390607,0,Z,A
0.27625359576719677,0,0.08469226790979023,0.6918628637632127,0.19441051818035637,0,X,B
0.12343291355531813,0,0.30455028556942154,0.036024343027328265,0.7228056541924537,1,Z,B
0.04927875108749551,0,0.08822388152390725,0.36078389907136255,0.32644063440902515,0,X,E
0.27061379116666684,0,0.12322654310499703,0.472081534009295,0.1754781927818475,0,Z,E
0.04948080512184707,0,0.8685571312429358,0.18747650481176936,0.3596827101851432,1,Y,C
0.26603567605896733,0,0.3101667788430156,0.6446546676594779,0.5207619839131187,0,Y,D
0.18718673589820925,0,0.8720697363882782,0.48489283792539284,0.1892690150029297,0,X,A
0.2703922557452277,0,0.8476881421533942,0.08069704342458717,0.31621274797800536,1,X,B
0.10527706224614179,0,0.7591324352520527,0.7349011552358907,0.5997083577936061,1,Z,D
0.2366110978587174,0,0.53642393786181,0.1359766916710886,0.8327487577633241,1,Y,B
0.008104513494701955,0,0.7758987561914532,0.8696267171789694,0.7051202149438272,0,X,A
0.06917182335124236,0,0.3279283177597784,0.27761524458102005,0.9690008065122786,0,Z,B
0.10111699758125703,0,0.7533013901019316,0.17882323459154925,0.4060842452480429,0,X,D
0.2769267321867697,0,0.27528083926475677,0.16206517308609836,0.9112293249579196,1,Z,D
0.26288530742802824,0,0.10005613560733329,0.5372126788542504,0.6625393487953769,0,X,A
0.16676453394310825,0,0.9755180382016782,0.9237621905604251,0.5370694447365978,0,Y,D
0.08194633950012886,0,0.45751127674224124,0.394084793545444,0.1712474267793238,1,Y,A
0.15989538402430242,0,0.38925349175843804,0.48047281278797105,0.7802000570354171,1,Y,D
0.27519885220715473,0,0.853674140550971,0.05011073692451529,0.21174954941937296,0,X,D
0.14382027729190558,0,0.3383739164645655,0.2981319754690439,0.697750234964374,1,Z,E
0.1463223652930186,0,0.16302078759697414,0.5090821655045759,0.1391996194067494,1,Z,C
0.2522232185998964,0,0.42726380478985526,0.9003288296542948,0.7866250085743165,0,Y,C
0.2040271793068749,0,0.7821730644895986,0.14848480613352255,0.4885066553102687,0,X,C
0.27361678565961073,0,0.9889359699244228,0.11372761403468579,0.29859669185628146,0,X,D
0.14847932998603297,0,0.9753354564466308,0.37363083022753885,0.9767371597512271,0,X,A
0.263139349720122,0,0.880350831889576,0.9017268696309895,0.9446643949974782,1,Z,A
0.005657608551995021,0,0.4402725196309334,0.44703017181740723,0.32535917326667696,0,Y,B
0.008221677214630473,0,0.5068924714732955,0.984177895803539,0.09701796408380836,1,Z,A
0.27613528788166897,0,0.08019354670879275,0.19568626356316188,0.4362421418208212,0,Y,D
0.22453852826245244,0,0.7862223986246311,0.6682675357564544,0.9696663760189851,0,Y,B
0.14580936017590523,0,0.0567155203152826,0.9768090297349883,0.9843568353293688,1,X,B
0.16613560850794212,0,0.003949478386975569,0.47485590239159403,0.2577405680885433,0,X,E
0.08319348208808003,0,0.9466133399005905,0.4526591943315946,0.2956932143487425,1,Z,E
0.12282477521355022,0,0.4150998860259877,0.4439548149663286,0.1101393595681025,0,Y,E
0.23495132639928493,0,0.3443618326716913,0.0849744917860128,0.2538290593670902,1,Y,E
0.2756111140263485,0,0.8799321879096348,0.3346587027261212,0.1293761921691421,0,Y,D
0.2691051820316465,0,0.40314218858437434,0.9100921377621998,0.41188773778135956,1,X,D
0.21402208369963827,0,0.8741490081001453,0.3510813125266248,0.7834805304578857,0,X,A
0.10291058077229509,0,0.9787237745544207,0.8048292095469047,0.48276974960186314,1,Z,B
0.11785173601089131,0,0.350540256231484,0.028374149437653817,0.16602094306504078,0,Z,A
0.15348762560147755,0,0.793254616325503,0.6205655470806742,0.40903054726128885,0,Y,E
0.10727812073775611,0,0.736087098107631,0.6408732783484309,0.5030018022502702,0,Y,D
0.04663974021123674,0,0.3450581208709249,0.38233580503751075,0.7718236978020236,1,X,A
0.21339252866023817,0,0.4460265987501294,0.6905360732066883,0.47076973447380166,1,Y,C
0.27703960735950645,0,0.5960910298461312,0.7960154619372463,0.9797176503979866,1,Y,A
0.10477534231582371,0,0.776995452383991,0.40725548417428126,0.6641855646188759,0,X,E
